4.937690000000000135e-01 -6.299450000000000882e-02 4.664778250000000126e-01
5.369654999999999845e-01 -4.572250000000001313e-02 4.684824249999999801e-01
5.383262500000000061e-01 -5.810724999999999918e-02 4.684090000000000198e-01
5.396482500000000515e-01 -7.049749999999999073e-02 4.682271250000000218e-01
5.482887499999999914e-01 -4.436625000000000985e-02 4.685814749999999695e-01
5.497440000000000104e-01 -5.690324999999998856e-02 4.685060749999999663e-01
5.510220000000000118e-01 -6.947849999999999859e-02 4.683251250000000088e-01
5.601417500000001048e-01 -4.363550000000000761e-02 4.672165999999999819e-01
5.606610000000000760e-01 -5.589924999999998367e-02 4.685786000000000118e-01
5.610517500000000712e-01 -6.863449999999998719e-02 4.680536750000000024e-01
5.703792500000000043e-01 -4.362550000000001149e-02 4.710717174999999868e-01
5.702147500000001035e-01 -5.541799999999999504e-02 4.718447557500000111e-01
5.706590000000000273e-01 -6.747300000000000519e-02 4.714186324999999900e-01
5.815179999999999794e-01 -4.407000000000001194e-02 4.729523600000000161e-01
5.808030000000000692e-01 -5.548724999999998797e-02 4.735096649999999685e-01
5.808980000000000254e-01 -6.698424999999999518e-02 4.730444524999999900e-01
5.933065000000000699e-01 -4.479300000000001336e-02 4.726455949999999739e-01
5.917280000000000317e-01 -5.588699999999999224e-02 4.731481174999999650e-01
5.907755000000000090e-01 -6.708449999999999136e-02 4.727027524999999897e-01
6.041795000000000915e-01 -4.535524999999999973e-02 4.710049649999999977e-01
6.027300000000000990e-01 -5.647225000000000161e-02 4.712166074999999954e-01
6.015747500000000469e-01 -6.764424999999998911e-02 4.708192399999999722e-01
6.159950000000000703e-01 -4.613824999999999177e-02 4.686830249999999753e-01
6.143007500000000620e-01 -5.721724999999999728e-02 4.686811750000000054e-01
6.130847500000000672e-01 -6.816249999999998699e-02 4.683519749999999759e-01
6.283442500000000486e-01 -4.695249999999999424e-02 4.679164249999999692e-01
6.265855000000000175e-01 -5.793699999999998851e-02 4.675970999999999878e-01
6.246247500000000619e-01 -6.883600000000000829e-02 4.669507499999999700e-01
6.408652500000000529e-01 -4.827800000000000147e-02 4.674956000000000111e-01
6.387422500000000669e-01 -5.910624999999999907e-02 4.673845999999999834e-01
6.368905000000000260e-01 -6.986074999999999924e-02 4.670039999999999747e-01
6.534660000000001023e-01 -4.990849999999999453e-02 4.685456749999999948e-01
6.513790000000000413e-01 -6.054799999999999072e-02 4.682097249999999655e-01
6.489297500000000829e-01 -7.131574999999998332e-02 4.678635999999999906e-01
6.660719999999999974e-01 -5.122174999999998257e-02 4.695219525000000060e-01
6.644775000000000542e-01 -6.185725000000000251e-02 4.689860750000000023e-01
6.627890000000000725e-01 -7.245224999999999582e-02 4.686114749999999995e-01
6.797555000000000680e-01 -5.332075000000000009e-02 4.738312199999999974e-01
6.783950000000000813e-01 -6.342500000000000915e-02 4.710882750000000008e-01
6.776277500000000842e-01 -7.300999999999999157e-02 4.708364800000000017e-01
6.924217250000000989e-01 -5.304449999999999443e-02 4.711862774999999726e-01
6.914157250000000365e-01 -6.338125000000000009e-02 4.689390499999999684e-01
6.908715250000000418e-01 -7.353999999999999426e-02 4.676293749999999583e-01
7.057905750000000866e-01 -5.426475000000000048e-02 4.719040319999999733e-01
7.046745000000000925e-01 -6.349074999999998470e-02 4.681360749999999848e-01
7.042347250000000614e-01 -7.346700000000000452e-02 4.652637249999999614e-01
7.179097750000000833e-01 -5.366275000000000905e-02 4.713147775000000039e-01
7.173358750000000672e-01 -6.332450000000000578e-02 4.676252750000000069e-01
7.171854500000000021e-01 -7.296049999999998370e-02 4.648233250000000094e-01
7.297714750000000583e-01 -5.312724999999998698e-02 4.708790474999999809e-01
7.298069000000000361e-01 -6.244425000000000670e-02 4.662857749999999579e-01
7.300917250000000802e-01 -7.199875000000000025e-02 4.645566749999999745e-01
7.418347500000000982e-01 -5.277724999999999778e-02 4.707112849999999793e-01
7.422037500000000509e-01 -6.158249999999998447e-02 4.655202250000000097e-01
7.427045000000001007e-01 -7.019899999999998363e-02 4.602669249999999934e-01
7.537780000000000591e-01 -5.232524999999998983e-02 4.714023075000000063e-01
7.544932500000000042e-01 -6.069374999999999076e-02 4.655458249999999687e-01
7.552682500000000854e-01 -6.887199999999998878e-02 4.596555499999999683e-01
7.657315000000000094e-01 -5.268675000000000441e-02 4.727521049999999780e-01
7.666557500000000802e-01 -6.038999999999999924e-02 4.664234499999999617e-01
7.675802500000000750e-01 -6.793074999999998420e-02 4.601140499999999967e-01
7.781107500000000732e-01 -5.374750000000000361e-02 4.750906749999999623e-01
7.786782500000000162e-01 -6.090650000000000230e-02 4.683584499999999817e-01
7.794687500000000435e-01 -6.807099999999999262e-02 4.616350999999999649e-01
7.902697500000001041e-01 -5.541124999999999523e-02 4.770801499999999806e-01
7.905237500000000805e-01 -6.226224999999999121e-02 4.704698649999999871e-01
7.908165000000000333e-01 -6.870724999999999749e-02 4.632236249999999722e-01
8.024757500000000432e-01 -5.782450000000000090e-02 4.791528999999999927e-01
8.021220000000000017e-01 -6.426699999999999080e-02 4.719243362499999650e-01
8.016872500000000734e-01 -7.052474999999999716e-02 4.646110749999999845e-01
8.151107500000001060e-01 -6.091774999999999274e-02 4.804914499999999866e-01
8.145097500000000323e-01 -6.705724999999998492e-02 4.729574849999999553e-01
8.141537500000000094e-01 -7.311249999999999694e-02 4.653896750000000027e-01
8.277447500000000291e-01 -6.495499999999998497e-02 4.814245499999999511e-01
8.264990000000000947e-01 -7.069549999999999446e-02 4.737246874999999635e-01
8.257912500000000877e-01 -7.645274999999998600e-02 4.662174749999999923e-01
8.397110000000000962e-01 -7.092574999999998187e-02 4.827914749999999700e-01
8.373972500000000929e-01 -7.586275000000000657e-02 4.749628749999999511e-01
8.355970000000000342e-01 -8.097624999999999962e-02 4.674304249999999827e-01
8.488122500000000459e-01 -7.962724999999998277e-02 4.843838249999999901e-01
8.453127500000000571e-01 -8.320149999999998380e-02 4.763482749999999877e-01
8.420927500000000565e-01 -8.684849999999999515e-02 4.685663999999999940e-01
8.536592499999999806e-01 -9.100800000000000556e-02 4.857862999999999487e-01
8.494955000000000700e-01 -9.256049999999999001e-02 4.776792749999999588e-01
8.454475000000000184e-01 -9.442975000000000674e-02 4.696920699999999615e-01
8.526147500000000878e-01 -1.025677499999999853e-01 4.870746499999999979e-01
8.487750000000000572e-01 -1.023577499999999973e-01 4.789832499999999715e-01
8.448115000000000485e-01 -1.023307499999999981e-01 4.708345749999999774e-01
8.461910000000000265e-01 -1.115202499999999874e-01 4.881894499999999693e-01
8.430512500000000298e-01 -1.099347499999999977e-01 4.805788999999999755e-01
8.401570000000000427e-01 -1.084519999999999929e-01 4.723098674999999802e-01
8.378180000000000627e-01 -1.191119999999999957e-01 4.867773749999999566e-01
8.355800000000001004e-01 -1.170064999999999855e-01 4.798833999999999600e-01
8.338945000000000940e-01 -1.139189999999999925e-01 4.719731734000000012e-01
8.311675000000000590e-01 -1.246394999999999864e-01 4.878635999999999528e-01
8.272925000000000972e-01 -1.251687499999999953e-01 4.801631249999999684e-01
8.228202500000000308e-01 -1.263487499999999819e-01 4.712624749999999585e-01
8.237757500000000288e-01 -1.350369999999999904e-01 4.886123499999999731e-01
8.208592500000000403e-01 -1.342667499999999903e-01 4.801291500000000045e-01
8.174942500000000889e-01 -1.340454999999999841e-01 4.718532567499999497e-01
8.169295000000000861e-01 -1.474487499999999895e-01 4.865679749999999859e-01
8.143790000000000751e-01 -1.451719999999999955e-01 4.779095499999999608e-01
8.119700000000000806e-01 -1.429652499999999882e-01 4.693729499999999555e-01
8.063472500000000709e-01 -1.571164999999999923e-01 4.840497999999999745e-01
8.052865000000000162e-01 -1.530884999999999885e-01 4.758735999999999522e-01
8.040957500000001090e-01 -1.494759999999999978e-01 4.675528499999999643e-01
7.933785000000000975e-01 -1.621289999999999953e-01 4.808734749999999947e-01
7.939840000000000231e-01 -1.572732500000000033e-01 4.734271824999999878e-01
7.939502500000000795e-01 -1.530617499999999964e-01 4.658009999999999651e-01
7.800102500000000161e-01 -1.634514999999999996e-01 4.768228999999999940e-01
7.821225000000000538e-01 -1.588527499999999870e-01 4.701580424999999841e-01
7.830882500000000412e-01 -1.544102499999999989e-01 4.633252499999999663e-01
7.664935000000000498e-01 -1.617895000000000028e-01 4.738957899999999834e-01
7.691400000000000459e-01 -1.574622499999999981e-01 4.672722500000000001e-01
7.715165000000000495e-01 -1.539927499999999838e-01 4.599408499999999567e-01
7.534935000000000382e-01 -1.579949999999999966e-01 4.693628499999999981e-01
7.571730000000000960e-01 -1.547469999999999957e-01 4.626485999999999654e-01
7.607905000000000362e-01 -1.517182499999999989e-01 4.557743499999999948e-01
7.419302500000000133e-01 -1.524797499999999972e-01 4.644907999999999815e-01
7.459760000000000835e-01 -1.496520000000000072e-01 4.579348249999999898e-01
7.499860000000000415e-01 -1.469317499999999999e-01 4.513072750000000077e-01
7.313325500000000812e-01 -1.444942499999999908e-01 4.602133749999999801e-01
7.357796250000000482e-01 -1.421837499999999976e-01 4.538998249999999790e-01
7.402342500000000936e-01 -1.398972500000000008e-01 4.474945750000000055e-01
7.226000750000000084e-01 -1.343042499999999861e-01 4.570549499999999599e-01
7.272944750000001068e-01 -1.324637499999999912e-01 4.508477249999999770e-01
7.319761500000000476e-01 -1.305959999999999899e-01 4.445507499999999945e-01
7.163034300000000743e-01 -1.222310000000000063e-01 4.551530749999999625e-01
7.210663500000000781e-01 -1.209822499999999856e-01 4.489845749999999969e-01
7.257931750000000681e-01 -1.196477499999999972e-01 4.427402500000000019e-01
7.126947275000000692e-01 -1.089452499999999935e-01 4.545673249999999666e-01
7.175310750000000182e-01 -1.082042500000000018e-01 4.485040750000000020e-01
7.224160250000000172e-01 -1.073560000000000070e-01 4.424117499999999925e-01
7.119317750000000444e-01 -9.537424999999999375e-02 4.553520500000000082e-01
7.170307500000000500e-01 -9.495675000000000643e-02 4.496180999999999650e-01
7.221977250000000126e-01 -9.444849999999999079e-02 4.438832500000000070e-01
7.139819350000000675e-01 -8.227424999999999322e-02 4.579901249999999702e-01
7.193656000000000494e-01 -8.212900000000000755e-02 4.526248749999999821e-01
7.248055250000000616e-01 -8.194599999999999107e-02 4.472643000000000035e-01
7.184614750000000161e-01 -7.059699999999999309e-02 4.625790249999999770e-01
7.239923250000001032e-01 -7.051699999999999635e-02 4.575312749999999595e-01
7.295400750000000656e-01 -7.043674999999999242e-02 4.525048999999999877e-01
7.213576250000000023e-01 -5.713050000000000073e-02 4.631273750000000078e-01
7.272038000000000668e-01 -5.793324999999999170e-02 4.611337249999999943e-01
7.327773000000000758e-01 -5.804224999999998968e-02 4.562607999999999664e-01
7.235006500000000784e-01 -4.366749999999999798e-02 4.657453500000000024e-01
7.291646750000000399e-01 -4.458550000000000013e-02 4.620958249999999601e-01
7.347095000000000153e-01 -4.524599999999999456e-02 4.573445499999999608e-01
7.246302500000000313e-01 -3.139775000000000205e-02 4.626594249999999575e-01
7.302052750000000980e-01 -3.170824999999999338e-02 4.600484749999999567e-01
7.355734000000000439e-01 -3.218200000000000227e-02 4.552692749999999733e-01
7.245233250000000513e-01 -1.975774999999999060e-02 4.554960999999999594e-01
7.295811500000000116e-01 -1.945474999999999288e-02 4.547131500000000104e-01
7.345876500000000364e-01 -1.978449999999999653e-02 4.503876499999999727e-01
7.244224250000000920e-01 -6.093749999999995004e-03 4.529786499999999827e-01
7.292834250000000962e-01 -6.116749999999990250e-03 4.524403999999999648e-01
7.343705249999999962e-01 -6.471999999999991648e-03 4.482626249999999701e-01
7.196921000000000568e-01 6.466750000000007215e-03 4.528008000000000033e-01
7.255044999999999966e-01 7.057250000000001022e-03 4.495635499999999785e-01
7.311624750000000894e-01 7.211500000000009569e-03 4.455582499999999890e-01
7.161773875000000400e-01 1.933475000000000471e-02 4.518157749999999750e-01
7.219947750000000886e-01 1.973050000000000498e-02 4.482187749999999582e-01
7.277686000000000988e-01 2.010625000000000606e-02 4.444774999999999698e-01
7.146619820000000844e-01 3.191875000000000268e-02 4.545742499999999575e-01
7.205106000000000011e-01 3.255950000000000510e-02 4.512261249999999779e-01
7.263287000000000493e-01 3.301300000000000762e-02 4.477690249999999872e-01
7.168017150000000060e-01 4.316425000000000123e-02 4.615142250000000002e-01
7.223459250000000553e-01 4.293225000000000513e-02 4.583061499999999677e-01
7.281753750000000691e-01 4.301125000000000087e-02 4.550267749999999944e-01
7.229453500000000421e-01 4.916042500000000759e-02 4.727669624999999987e-01
7.278303250000000002e-01 4.802625000000000643e-02 4.682931249999999768e-01
7.330955749999999993e-01 4.702575000000000505e-02 4.643071500000000018e-01
7.304289500000000768e-01 4.650800000000000767e-02 4.837069999999999981e-01
7.349029500000000548e-01 4.503425000000000483e-02 4.779532749999999552e-01
7.396875000000000533e-01 4.344825000000000770e-02 4.725953450000000000e-01
7.382561750000000700e-01 3.883450000000000790e-02 4.919223749999999673e-01
7.419745000000000923e-01 3.749525000000000774e-02 4.844624249999999743e-01
7.461269999999999847e-01 3.597950000000000453e-02 4.771405749999999557e-01
7.432797500000000168e-01 2.628175000000000650e-02 4.972849999999999770e-01
7.447735000000000882e-01 2.581300000000000261e-02 4.877227749999999973e-01
7.495267500000000194e-01 2.447900000000000770e-02 4.791663499999999631e-01
7.415482500000000199e-01 2.003725000000000644e-02 4.988392499999999563e-01
7.461187500000000528e-01 1.749400000000000260e-02 4.889832749999999950e-01
7.504262500000000724e-01 1.571375000000000549e-02 4.797289999999999610e-01
7.471042500000000253e-01 9.840750000000009212e-03 5.003670000000000062e-01
7.500527500000000458e-01 8.055249999999999910e-03 4.927441249999999773e-01
7.538662500000000710e-01 5.934500000000009212e-03 4.837156499999999970e-01
7.495910000000000073e-01 4.144999999999982032e-04 5.026527499999999815e-01
7.518047500000000216e-01 -1.589999999999994196e-03 4.959582499999999894e-01
7.541315000000000657e-01 -3.969500000000000806e-03 4.892569999999999975e-01
7.464460000000000539e-01 -8.397000000000001685e-03 5.025407499999999805e-01
7.480612500000000109e-01 -1.027699999999999447e-02 4.963807499999999817e-01
7.495047500000000529e-01 -1.228499999999999037e-02 4.901575999999999711e-01
7.379709500000000144e-01 -1.253449999999999009e-02 5.007777500000000215e-01
7.392610750000000452e-01 -1.443624999999999770e-02 4.948602749999999606e-01
7.403272499999999923e-01 -1.627324999999998911e-02 4.888548999999999811e-01
7.286429250000000524e-01 -1.039424999999999377e-02 4.976059999999999928e-01
7.292608500000000715e-01 -1.228250000000000175e-02 4.916936000000000084e-01
7.295897250000000778e-01 -1.395124999999999837e-02 4.858754249999999719e-01
7.211119750000000161e-01 -3.305249999999995691e-03 4.942405749999999598e-01
7.210465000000000346e-01 -5.241249999999988973e-03 4.884449750000000035e-01
7.207407250000000820e-01 -6.857249999999995294e-03 4.831372250000000035e-01
7.171759500000000065e-01 7.100500000000009582e-03 4.905370249999999599e-01
7.164216775000000759e-01 4.956000000000002070e-03 4.849175249999999604e-01
7.156057800000000801e-01 2.872500000000000053e-03 4.792556499999999775e-01
7.168156675000000311e-01 1.795225000000000293e-02 4.854864749999999729e-01
7.154691850000000075e-01 1.565500000000000225e-02 4.800696499999999589e-01
7.140806675000000991e-01 1.334725000000000494e-02 4.746416499999999705e-01
7.129378600000000343e-01 2.835775000000000795e-02 4.818549749999999632e-01
7.110350250000000427e-01 2.618725000000000219e-02 4.766719999999999846e-01
7.090756750000000164e-01 2.399100000000000538e-02 4.714862174999999711e-01
7.072902500000000092e-01 3.839300000000000351e-02 4.802083999999999797e-01
7.046238750000000106e-01 3.616375000000000145e-02 4.754249249999999982e-01
7.019364000000000159e-01 3.387950000000000683e-02 4.706651900000000111e-01
7.023843000000000725e-01 4.943697500000000800e-02 4.787124999999999853e-01
6.990647500000000125e-01 4.708925000000000610e-02 4.742712699999999670e-01
6.957042250000000649e-01 4.473875000000000768e-02 4.698407274999999994e-01
6.980050750000000859e-01 5.973950000000000093e-02 4.774156499999999692e-01
6.941883000000000914e-01 5.756292500000000090e-02 4.734531874999999834e-01
6.902776750000000350e-01 5.547590000000000854e-02 4.695272325000000024e-01
6.947917750000000003e-01 7.071550000000000058e-02 4.774944999999999884e-01
6.904157499999999947e-01 6.867600000000000093e-02 4.740368524999999944e-01
6.860522500000000301e-01 6.673300000000000065e-02 4.706002924999999615e-01
6.904521000000000130e-01 8.101044999999999774e-02 4.775271749999999704e-01
6.858540000000000747e-01 7.893150000000000166e-02 4.743323549999999833e-01
6.812759999999999927e-01 7.683489999999999764e-02 4.711529724999999891e-01
6.868052500000000338e-01 9.068819999999999659e-02 4.806925499999999962e-01
6.819197500000000467e-01 8.862697499999999673e-02 4.779150500000000079e-01
6.770350000000000534e-01 8.658837499999999521e-02 4.750985500000000084e-01
6.845300000000000828e-01 1.008047499999999985e-01 4.816819250000000108e-01
6.793485000000000218e-01 9.893872500000000514e-02 4.791758999999999880e-01
6.741712499999999997e-01 9.709500000000000075e-02 4.766404249999999787e-01
6.839827500000000837e-01 1.105792500000000039e-01 4.806227499999999875e-01
6.785822500000000534e-01 1.091527500000000067e-01 4.782001249999999759e-01
6.731662500000000771e-01 1.077832499999999971e-01 4.757617000000000096e-01
6.832660000000000400e-01 1.198585000000000067e-01 4.828253000000000128e-01
6.775530000000000719e-01 1.189712500000000006e-01 4.808274750000000042e-01
6.718160000000000798e-01 1.181827500000000031e-01 4.788633999999999946e-01
6.827532500000000892e-01 1.280910000000000104e-01 4.879029999999999756e-01
6.767020000000000257e-01 1.274682500000000052e-01 4.866079749999999704e-01
6.706735000000000335e-01 1.269750000000000045e-01 4.853090250000000050e-01
6.832795000000000396e-01 1.374700000000000089e-01 4.909845749999999787e-01
6.770774999999999988e-01 1.371134999999999993e-01 4.901332250000000057e-01
6.708435000000000370e-01 1.368909999999999849e-01 4.893200999999999801e-01
6.841492500000000421e-01 1.454672499999999924e-01 4.966190249999999917e-01
6.777775000000000327e-01 1.452137500000000025e-01 4.964253249999999729e-01
6.713765000000000427e-01 1.450557500000000111e-01 4.962697249999999949e-01
6.858755000000000823e-01 1.511692500000000050e-01 5.041884999999999284e-01
6.794162500000000549e-01 1.508812500000000223e-01 5.047774999999999901e-01
6.729187500000000099e-01 1.505520000000000191e-01 5.053269999999999706e-01
6.888697500000000584e-01 1.538867500000000166e-01 5.131952499999999917e-01
6.823742500000000710e-01 1.531939999999999968e-01 5.140325000000000033e-01
6.759660000000000668e-01 1.524695000000000078e-01 5.153704999999999536e-01
6.931370500000000323e-01 1.523045000000000093e-01 5.225374999999999881e-01
6.863735000000000808e-01 1.512707500000000094e-01 5.234777499999999639e-01
6.797472500000000251e-01 1.499892500000000184e-01 5.245130000000000070e-01
6.957174750000000296e-01 1.431442500000000007e-01 5.310989999999999878e-01
6.886762499999999898e-01 1.431675000000000031e-01 5.313272500000000287e-01
6.815382500000000121e-01 1.416942500000000216e-01 5.316684999999999883e-01
6.978424250000000439e-01 1.268532500000000007e-01 5.359792500000000182e-01
6.899445750000000599e-01 1.280767500000000170e-01 5.357992499999999492e-01
6.819112500000000798e-01 1.279212500000000141e-01 5.356560000000000210e-01
6.991484000000000032e-01 1.093945000000000056e-01 5.386702500000000171e-01
6.897085750000000459e-01 1.118725000000000136e-01 5.383019999999999472e-01
6.803102500000000052e-01 1.129920000000000091e-01 5.381597499999999368e-01
7.015610500000000194e-01 9.569437499999999819e-02 5.426462499999999967e-01
6.900054500000000202e-01 9.822174999999999656e-02 5.422842500000000232e-01
6.792090000000000627e-01 1.002824999999999966e-01 5.420497499999999969e-01
7.027745750000000680e-01 8.677902500000000963e-02 5.461222500000000313e-01
6.915094000000000518e-01 8.804127500000000217e-02 5.467267499999999281e-01
6.806327500000000086e-01 9.033394999999999619e-02 5.469279999999999697e-01
7.013313000000001018e-01 8.107622500000000176e-02 5.494962500000000194e-01
6.928291500000000047e-01 8.080615000000000714e-02 5.506624999999999437e-01
6.845525000000000082e-01 8.041420000000000512e-02 5.520960000000000312e-01
7.030067250000000545e-01 7.552443500000000087e-02 5.555782499999999402e-01
6.966866500000000739e-01 7.418486525000000942e-02 5.582749999999999657e-01
6.906775750000000436e-01 7.299225000000000851e-02 5.609410000000000229e-01
7.073875500000000871e-01 7.236783250000000667e-02 5.612199999999999411e-01
7.040795250000000394e-01 7.059517500000001000e-02 5.656097500000000222e-01
7.004630250000000169e-01 6.860884999999999900e-02 5.698349999999999804e-01
7.135505825000000302e-01 6.771670000000000467e-02 5.622077500000000061e-01
7.137328325000000806e-01 6.440090000000001091e-02 5.666152500000000147e-01
7.143016075000000464e-01 6.076810000000000545e-02 5.710735000000000117e-01
7.190733500000000555e-01 6.459644999999999970e-02 5.573114999999999597e-01
7.215863500000000430e-01 6.001415000000000222e-02 5.594774999999999610e-01
7.242995500000000142e-01 5.519210000000000782e-02 5.616700000000000026e-01
7.210303500000000421e-01 6.200990000000000668e-02 5.489552500000000057e-01
7.240000750000000762e-01 5.674502500000000449e-02 5.489147500000000068e-01
7.269929750000000412e-01 5.143000000000000349e-02 5.487474999999999437e-01
7.191024000000000305e-01 5.995215000000000266e-02 5.383130000000000415e-01
7.216697750000000688e-01 5.412067500000000697e-02 5.379054999999999254e-01
7.242616000000000609e-01 4.833775000000000571e-02 5.375797500000000229e-01
7.184985750000000282e-01 5.513587500000000086e-02 5.249397499999999273e-01
7.210328750000000175e-01 4.952690000000000564e-02 5.250767499999999810e-01
7.236155000000000781e-01 4.395150000000000445e-02 5.253185000000000215e-01
7.157591725000000960e-01 4.819000000000000367e-02 5.121907500000000280e-01
7.185415250000000142e-01 4.264400000000000135e-02 5.132632499999999487e-01
7.213617750000000939e-01 3.705575000000000535e-02 5.143739999999999979e-01
7.153982875000000075e-01 4.150300000000000517e-02 4.996272499999999672e-01
7.181248500000000368e-01 3.610375000000000389e-02 5.008734999999999715e-01
7.207740750000000141e-01 3.083225000000000549e-02 5.021257500000000373e-01
7.170250000000000234e-01 3.488650000000000778e-02 4.868683500000000053e-01
7.197552500000000686e-01 2.964925000000000199e-02 4.887614999999999599e-01
7.206958750000000968e-01 2.542750000000000565e-02 4.894577499999999692e-01
7.217313750000000638e-01 2.914450000000000374e-02 4.759493750000000079e-01
7.243012750000000777e-01 2.407550000000000662e-02 4.784570999999999685e-01
7.252928000000000708e-01 1.886875000000000357e-02 4.796926499999999982e-01
7.304302500000000586e-01 2.533400000000000235e-02 4.673081749999999923e-01
7.324829500000000770e-01 2.047400000000000608e-02 4.703989574999999923e-01
7.334012500000000045e-01 1.509825000000000750e-02 4.728476749999999673e-01
7.414150000000000462e-01 2.307925000000000254e-02 4.607250999999999985e-01
7.428952500000000070e-01 1.832800000000000401e-02 4.642875999999999670e-01
7.441077500000000677e-01 1.242650000000000698e-02 4.668242499999999962e-01
7.529422500000000351e-01 2.186225000000000668e-02 4.555854999999999766e-01
7.539747500000000269e-01 1.721875000000000488e-02 4.592639249999999618e-01
7.559510000000000396e-01 1.242550000000000598e-02 4.626464249999999723e-01
7.648350000000000426e-01 2.345575000000000437e-02 4.523053999999999686e-01
7.665350000000000774e-01 1.859575000000000117e-02 4.557759999999999589e-01
7.682897500000001045e-01 1.377850000000000602e-02 4.592537250000000015e-01
7.772735000000000616e-01 2.678900000000001419e-02 4.507093500000000086e-01
7.789255000000000484e-01 2.195450000000000873e-02 4.541762749999999627e-01
7.805900000000000061e-01 1.714925000000001171e-02 4.576436249999999983e-01
7.893317499999999987e-01 3.134525000000001199e-02 4.506658000000000053e-01
7.910232500000000666e-01 2.641325000000001311e-02 4.539559249999999824e-01
7.927387500000000475e-01 2.152250000000001384e-02 4.572454499999999977e-01
8.014825000000000976e-01 3.679475000000001494e-02 4.520162499999999528e-01
8.028407500000001029e-01 3.164950000000001096e-02 4.552119249999999617e-01
8.042227500000000973e-01 2.649225000000000885e-02 4.584113999999999689e-01
8.128560000000000230e-01 4.261625000000000829e-02 4.544237749999999743e-01
8.142467500000000191e-01 3.724725000000000952e-02 4.575623749999999657e-01
8.156702500000000411e-01 3.190000000000001168e-02 4.606878999999999835e-01
8.236472500000000529e-01 4.864500000000000768e-02 4.574161749999999804e-01
8.250715000000000687e-01 4.309525000000001549e-02 4.604105000000000003e-01
8.265610000000001012e-01 3.761000000000001148e-02 4.633971249999999653e-01
8.342327500000000784e-01 5.445165000000001115e-02 4.609599249999999926e-01
8.355330000000000812e-01 4.883325000000000859e-02 4.641649249999999505e-01
8.369162500000000282e-01 4.331025000000000846e-02 4.673444749999999814e-01
8.448277500000000995e-01 6.014285000000001158e-02 4.643992750000000003e-01
8.460455000000000059e-01 5.421165000000001399e-02 4.673947749999999846e-01
8.473452500000000498e-01 4.835050000000001152e-02 4.703778149999999769e-01
8.559652500000000108e-01 6.537767500000001009e-02 4.671281249999999496e-01
8.567972500000000657e-01 5.894392500000001506e-02 4.699613724999999742e-01
8.576892500000000696e-01 5.256897500000001777e-02 4.727692949999999783e-01
8.672087500000000837e-01 6.926220000000000987e-02 4.685925999999999703e-01
8.678150000000000031e-01 6.228405000000001440e-02 4.713462224999999672e-01
8.683662500000000062e-01 5.528280000000001387e-02 4.740782374999999993e-01
8.785430000000000739e-01 7.252342500000001635e-02 4.687684999999999769e-01
8.790027500000000549e-01 6.457340000000001690e-02 4.717091274999999917e-01
8.793230000000000768e-01 5.659372500000001138e-02 4.746124499999999635e-01
8.896157500000000384e-01 7.508855500000001515e-02 4.679848999999999815e-01
8.903557500000000013e-01 6.637737500000001623e-02 4.713307199999999808e-01
8.906629999999999825e-01 5.766782500000001976e-02 4.746641999999999806e-01
8.991217500000000529e-01 7.903902500000001274e-02 4.671735749999999521e-01
8.996764999999999901e-01 6.853830000000001033e-02 4.711074749999999978e-01
8.998787500000000605e-01 5.855820000000001857e-02 4.748582749999999963e-01
9.087482500000000352e-01 7.969425000000002202e-02 4.665917499999999718e-01
9.086530000000000440e-01 6.916825000000001444e-02 4.705610974999999696e-01
9.086727500000000290e-01 5.855905000000001526e-02 4.745826999999999685e-01
9.186185000000000045e-01 7.886395000000001598e-02 4.677138749999999456e-01
9.184392500000000403e-01 7.008462500000001150e-02 4.710197574999999692e-01
9.186477500000000962e-01 6.119055000000001715e-02 4.744041974999999578e-01
9.297937499999999744e-01 7.874447500000002209e-02 4.686663999999999830e-01
9.297600000000000309e-01 7.083125000000001226e-02 4.716579224999999931e-01
9.298867500000000952e-01 6.285677500000001749e-02 4.746864249999999674e-01
9.519672500000000426e-01 7.209301000000001292e-02 4.729767224999999464e-01
