5.055257500000001070e-01 -3.553550000000001152e-02 4.699754899999999957e-01
5.519317500000000543e-01 -3.134375000000000355e-02 4.664529499999999773e-01
5.498082500000001094e-01 -4.267875000000001529e-02 4.709588275000000102e-01
5.480952500000000338e-01 -5.402375000000000926e-02 4.758042749999999987e-01
5.633894999999999875e-01 -3.307300000000000517e-02 4.660961499999999869e-01
5.610347500000000265e-01 -4.447275000000000533e-02 4.704738324999999666e-01
5.596460000000000878e-01 -5.590149999999999286e-02 4.755814500000000167e-01
5.751322500000000115e-01 -3.585125000000001505e-02 4.649163749999999928e-01
5.722072500000000561e-01 -4.614225000000000965e-02 4.701127975000000125e-01
5.702765000000000750e-01 -5.761099999999999555e-02 4.753088999999999786e-01
5.867130000000000400e-01 -3.636275000000001312e-02 4.662566750000000093e-01
5.832965000000001066e-01 -4.602700000000001235e-02 4.715479599999999882e-01
5.818342499999999973e-01 -5.689674999999999594e-02 4.765809500000000032e-01
5.972979999999999956e-01 -3.769825000000000259e-02 4.661177499999999974e-01
5.937017500000000281e-01 -4.676900000000000501e-02 4.710242499999999777e-01
5.924422500000000591e-01 -5.719599999999999684e-02 4.760961750000000103e-01
6.059200000000000141e-01 -3.932199999999999585e-02 4.664310249999999991e-01
6.026500000000000190e-01 -4.832074999999999565e-02 4.711941424999999684e-01
6.007792500000000979e-01 -5.827374999999998528e-02 4.763128500000000098e-01
6.141090000000000160e-01 -3.976024999999999698e-02 4.674191999999999791e-01
6.116957500000000936e-01 -4.899724999999999220e-02 4.724030550000000162e-01
6.101617500000000582e-01 -5.875549999999998829e-02 4.776147749999999914e-01
6.237445000000000350e-01 -3.988724999999999909e-02 4.694991874999999704e-01
6.211885000000000323e-01 -4.896299999999999264e-02 4.744788174999999830e-01
6.194860000000000921e-01 -5.831800000000000872e-02 4.798098749999999968e-01
6.332502500000000145e-01 -3.935649999999998871e-02 4.712070849999999700e-01
6.313247500000001011e-01 -4.870700000000000029e-02 4.765207249999999783e-01
6.291695000000000482e-01 -5.795474999999999932e-02 4.817758999999999792e-01
6.433027500000000343e-01 -3.872124999999999873e-02 4.741960324999999754e-01
6.415837500000000082e-01 -4.800324999999999731e-02 4.796254249999999941e-01
6.399402500000000993e-01 -5.710250000000000048e-02 4.852142999999999873e-01
6.544770000000000865e-01 -3.672424999999999995e-02 4.776659999999999795e-01
6.529115000000000890e-01 -4.563974999999999282e-02 4.833812249999999699e-01
6.513557500000000111e-01 -5.484775000000000067e-02 4.893384249999999658e-01
6.670807500000000001e-01 -3.314874999999999072e-02 4.805005999999999999e-01
6.670592500000001035e-01 -4.200650000000000217e-02 4.867058999999999691e-01
6.669945000000000457e-01 -5.076374999999999638e-02 4.927877250000000098e-01
6.813057500000000433e-01 -2.955999999999998906e-02 4.826652499999999901e-01
6.832255000000000411e-01 -3.862874999999998948e-02 4.883838249999999936e-01
6.841212500000000141e-01 -4.529899999999999205e-02 4.940803999999999752e-01
6.968693250000000949e-01 -2.553024999999999045e-02 4.831958499999999823e-01
6.969664250000000560e-01 -3.073199999999999543e-02 4.904767749999999760e-01
6.974464250000000920e-01 -3.294849999999999168e-02 4.954877999999999783e-01
7.108480000000000354e-01 -2.090299999999999103e-02 4.857325249999999706e-01
7.124699325000000139e-01 -2.692524999999999780e-02 4.906402249999999854e-01
7.131122750000000732e-01 -2.962774999999999437e-02 4.968023500000000037e-01
7.236452500000000176e-01 -1.802849999999998898e-02 4.892568499999999654e-01
7.247747750000000933e-01 -2.055424999999999613e-02 4.923608999999999902e-01
7.282629250000000054e-01 -2.647574999999999235e-02 4.994142500000000040e-01
7.374880250000001025e-01 -1.500200000000000145e-02 4.900869250000000066e-01
7.373250250000000783e-01 -1.432925000000000171e-02 4.921049499999999854e-01
7.399782500000000596e-01 -1.817275000000000140e-02 5.001597500000000140e-01
7.480632500000000684e-01 -5.893499999999995964e-03 4.855947499999999639e-01
7.462492500000000861e-01 -7.743749999999993694e-03 4.916371749999999818e-01
7.497217500000000756e-01 -1.264024999999999177e-02 4.983607499999999635e-01
7.530375000000000263e-01 2.764750000000010255e-03 4.834148999999999807e-01
7.542737500000000761e-01 -7.069999999999992957e-04 4.915745749999999581e-01
7.572465000000000446e-01 -5.729749999999991794e-03 4.980722499999999942e-01
7.601984999999999992e-01 1.127200000000000424e-02 4.861881249999999710e-01
7.605492500000000655e-01 6.267500000000009175e-03 4.924688749999999726e-01
7.637570000000000192e-01 -1.797499999999924158e-04 4.990162499999999945e-01
7.630672500000000857e-01 1.893350000000000588e-02 4.862793999999999728e-01
7.662037500000000723e-01 1.321600000000000552e-02 4.936149999999999705e-01
7.692370000000000596e-01 7.307500000000008433e-03 5.008224999999999483e-01
7.681455000000000366e-01 2.434725000000000777e-02 4.911591999999999625e-01
7.697559999999999958e-01 2.075950000000000711e-02 4.958620749999999577e-01
7.721697500000000991e-01 1.538000000000001172e-02 5.028475000000000028e-01
7.716065000000000840e-01 3.236275000000000956e-02 4.978812499999999974e-01
7.720412500000000122e-01 2.870725000000001054e-02 5.002152500000000002e-01
7.737937500000000579e-01 2.229850000000001276e-02 5.067967500000000181e-01
7.729730000000000212e-01 4.295975000000000488e-02 5.024950000000000250e-01
7.744390000000000995e-01 3.679550000000000876e-02 5.069814999999999738e-01
7.757652500000000728e-01 2.995825000000001265e-02 5.133805000000000174e-01
7.743010000000000170e-01 5.080390000000001294e-02 5.102007499999999807e-01
7.756160000000000831e-01 4.320025000000000948e-02 5.154122500000000162e-01
7.765267500000000434e-01 3.601750000000001478e-02 5.210852499999999443e-01
7.733977499999999949e-01 5.620195000000000746e-02 5.205302499999999721e-01
7.745427500000000576e-01 4.847125000000000739e-02 5.249832500000000124e-01
7.753250000000000419e-01 4.077375000000001137e-02 5.292542499999999261e-01
7.702809999999999935e-01 5.962462500000000748e-02 5.305907499999999999e-01
7.714192500000000008e-01 5.127812500000000773e-02 5.334759999999999502e-01
7.726020000000000110e-01 4.318175000000000485e-02 5.359637499999999610e-01
7.679487500000000688e-01 6.322855000000000836e-02 5.423562499999999842e-01
7.694142500000000773e-01 5.426247500000000445e-02 5.428087499999999510e-01
7.709397500000000347e-01 4.562525000000000608e-02 5.431859999999999467e-01
7.613947500000000090e-01 6.195922500000000666e-02 5.508447499999999941e-01
7.639405000000000223e-01 5.370995000000000630e-02 5.496229999999999727e-01
7.666322500000000151e-01 4.531425000000000730e-02 5.483240000000000336e-01
7.542282500000000445e-01 5.752802500000001040e-02 5.534605000000000219e-01
7.560060000000000668e-01 5.080960000000001031e-02 5.514607499999999440e-01
7.598052500000000986e-01 4.314450000000000923e-02 5.498354999999999215e-01
7.487655000000000838e-01 4.758950000000000680e-02 5.581895000000000051e-01
7.508799999999999919e-01 4.302700000000000968e-02 5.554927499999999796e-01
7.545677500000000926e-01 3.732575000000000476e-02 5.525802499999999950e-01
7.377158000000000326e-01 4.873975000000000529e-02 5.604052499999999659e-01
7.398882500000000251e-01 4.036050000000000748e-02 5.605605000000000171e-01
7.419122500000000509e-01 3.207800000000000235e-02 5.600709999999999855e-01
7.265606750000001002e-01 4.409550000000000969e-02 5.644405000000000117e-01
7.306414250000000665e-01 3.630200000000000787e-02 5.630742499999999984e-01
7.337523750000000122e-01 2.885850000000000221e-02 5.623647499999999688e-01
7.159985500000000114e-01 3.558675000000000727e-02 5.630777499999999325e-01
7.219734250000000575e-01 2.850975000000000731e-02 5.618624999999999314e-01
7.276412500000000172e-01 2.194200000000000317e-02 5.609619999999999607e-01
7.086440500000000808e-01 2.599725000000000646e-02 5.559024999999999661e-01
7.161026800000001025e-01 2.049575000000000702e-02 5.560682500000000417e-01
7.232171000000000571e-01 1.480725000000000791e-02 5.557779999999999943e-01
7.067169750000000805e-01 1.670400000000000357e-02 5.464852499999999225e-01
7.144602625500000581e-01 1.245550000000000129e-02 5.475904999999999800e-01
7.219121500000000857e-01 7.764750000000000818e-03 5.484869999999999468e-01
7.038795000000001023e-01 5.043000000000005811e-03 5.396999999999999575e-01
7.113566000000000056e-01 1.697749999999997872e-03 5.409874999999999545e-01
7.183464999999999989e-01 -2.879999999999993676e-03 5.417939999999999978e-01
6.995181250000001016e-01 -5.619999999999999996e-03 5.339720000000000022e-01
7.068387750000000302e-01 -8.908499999999999752e-03 5.351192499999999352e-01
7.138116825000000443e-01 -1.354674999999999629e-02 5.359490000000000087e-01
6.949214000000000224e-01 -1.666874999999999607e-02 5.316589999999999927e-01
7.017859250000000326e-01 -2.042824999999999502e-02 5.326257500000000089e-01
7.087635750000000900e-01 -2.431400000000000228e-02 5.336655000000000149e-01
6.881352500000000871e-01 -2.526449999999999529e-02 5.336412499999999559e-01
6.951634500000000161e-01 -2.903200000000000225e-02 5.346737499999999477e-01
7.022357000000000182e-01 -3.273124999999998952e-02 5.357834999999999681e-01
6.825750000000000428e-01 -3.375074999999999603e-02 5.313039999999999985e-01
6.896626750000000028e-01 -3.722399999999999320e-02 5.324360000000000204e-01
6.970127500000000698e-01 -4.050149999999999584e-02 5.336609999999999410e-01
6.799402500000000238e-01 -3.929524999999998991e-02 5.228774999999999951e-01
6.869515000000000482e-01 -4.298325000000000062e-02 5.237437499999999524e-01
6.939450500000000632e-01 -4.659125000000000072e-02 5.243999999999999773e-01
6.803382500000000332e-01 -4.005349999999999189e-02 5.118614999999999693e-01
6.872010000000000618e-01 -4.375799999999999135e-02 5.126702499999999940e-01
6.941746000000000860e-01 -4.722999999999999421e-02 5.132847499999999563e-01
6.807010000000000005e-01 -4.409275000000000000e-02 4.988227499999999814e-01
6.870777500000000426e-01 -4.743299999999998906e-02 5.000307499999999683e-01
6.940203250000001045e-01 -5.064649999999999708e-02 5.015370000000000106e-01
6.880630000000000912e-01 -5.125050000000000439e-02 4.885623749999999932e-01
6.910347250000000718e-01 -5.055774999999999852e-02 4.890786500000000037e-01
6.966698250000000758e-01 -5.090174999999999561e-02 4.895322749999999612e-01
6.903488500000000139e-01 -4.587075000000000180e-02 4.756468500000000099e-01
6.942658500000000732e-01 -4.800449999999999162e-02 4.785425249999999964e-01
6.991371000000000668e-01 -5.327049999999999841e-02 4.801135249999999854e-01
6.976945500000000244e-01 -4.122324999999998907e-02 4.702151499999999706e-01
7.013488500000000236e-01 -4.590824999999999767e-02 4.721417352499999720e-01
7.062033250000000484e-01 -5.134724999999998318e-02 4.733625624999999726e-01
7.073458250000000946e-01 -3.743074999999999875e-02 4.675864999999999605e-01
7.097776000000000085e-01 -4.111750000000000127e-02 4.673041249999999591e-01
7.142720307500000088e-01 -4.647224999999999273e-02 4.672761749999999603e-01
7.148285775000000619e-01 -3.122925000000000006e-02 4.684036249999999901e-01
7.191595250000000217e-01 -3.566874999999999907e-02 4.688999249999999952e-01
7.240679750000000858e-01 -4.037549999999999473e-02 4.698035600000000089e-01
7.206936000000000453e-01 -2.523525000000000074e-02 4.659768999999999717e-01
7.259193250000000042e-01 -2.808999999999998998e-02 4.668928999999999996e-01
7.315172750000000779e-01 -3.216474999999999196e-02 4.666971500000000050e-01
7.278841000000000339e-01 -1.774099999999999289e-02 4.633741000000000110e-01
7.322563500000000003e-01 -1.937549999999998995e-02 4.656525999999999721e-01
7.379853250000000253e-01 -2.226774999999998894e-02 4.652078499999999783e-01
7.317930500000000560e-01 -6.900749999999997164e-03 4.637632749999999748e-01
7.358488750000000689e-01 -8.539499999999991542e-03 4.659675249999999935e-01
7.419395000000000850e-01 -1.076824999999999311e-02 4.654790500000000053e-01
7.316419250000000263e-01 6.265500000000007175e-03 4.652551999999999799e-01
7.379459999999999908e-01 4.469250000000007939e-03 4.656473999999999891e-01
7.442980000000000151e-01 1.781500000000005302e-03 4.650981750000000026e-01
7.341660500000000145e-01 1.893925000000000469e-02 4.679997499999999921e-01
7.404252500000000348e-01 1.637125000000000385e-02 4.676337999999999884e-01
7.465302500000000618e-01 1.357750000000000623e-02 4.670617249999999832e-01
7.397029999999999994e-01 2.773500000000000271e-02 4.754517999999999800e-01
7.431240000000000068e-01 2.491875000000000340e-02 4.757620999999999656e-01
7.487909999999999844e-01 2.170575000000000282e-02 4.746806000000000081e-01
7.480050000000000310e-01 2.589700000000000335e-02 4.873962749999999899e-01
7.480177500000000368e-01 2.569375000000000131e-02 4.870765249999999824e-01
7.509649999999999936e-01 2.246125000000000205e-02 4.844510499999999942e-01
7.519382500000000302e-01 1.550500000000000489e-02 5.021685000000000176e-01
7.539705000000000990e-01 1.550750000000000739e-02 4.976039999999999908e-01
7.578140000000000986e-01 1.708225000000000715e-02 4.945069500000000007e-01
7.581832500000000863e-01 2.333750000000009428e-03 4.972042499999999587e-01
7.577572500000000488e-01 3.228000000000008640e-03 4.964873499999999940e-01
7.562310000000000976e-01 2.870499999999998053e-03 4.911739249999999557e-01
7.427377500000000854e-01 -9.840249999999994834e-03 4.937288749999999560e-01
7.451067500000000399e-01 -8.257500000000000950e-03 4.879142499999999938e-01
7.464405000000000623e-01 -6.581749999999997325e-03 4.827835500000000057e-01
7.326224749999999952e-01 -1.896149999999999225e-02 4.873810499999999823e-01
7.365949750000000407e-01 -1.615174999999999250e-02 4.812761999999999873e-01
7.387248750000000586e-01 -1.553874999999999007e-02 4.725289849999999570e-01
7.237986250000000288e-01 -1.928549999999999709e-02 4.860028999999999599e-01
7.267273000000000760e-01 -2.003850000000000076e-02 4.765367999999999826e-01
7.300090000000000190e-01 -2.251774999999998916e-02 4.663275249999999650e-01
7.184418250000000894e-01 -2.726299999999999557e-02 4.815607000000000082e-01
7.221036250000000267e-01 -3.052449999999999608e-02 4.759510999999999603e-01
7.244450000000000056e-01 -3.152399999999999647e-02 4.680147499999999794e-01
7.187819750000000729e-01 -3.909474999999999756e-02 4.821488499999999622e-01
7.198363250000000546e-01 -4.071249999999999869e-02 4.763699499999999865e-01
7.212793250000000267e-01 -4.116124999999999645e-02 4.702221199999999657e-01
7.136606275000000332e-01 -4.578924999999998968e-02 4.810403249999999908e-01
7.135291225000000015e-01 -4.693999999999999562e-02 4.751174750000000113e-01
7.141908875000000378e-01 -4.704599999999999060e-02 4.688343500000000108e-01
7.076009000000000881e-01 -4.279074999999998852e-02 4.793684249999999869e-01
7.054390500000000674e-01 -4.481724999999998904e-02 4.740062499999999623e-01
7.057897250000000344e-01 -4.491824999999999291e-02 4.726703800000000011e-01
6.996326500000000781e-01 -4.015549999999999675e-02 4.801680749999999720e-01
6.977927750000000318e-01 -3.911349999999999549e-02 4.750098749999999703e-01
6.968896750000000972e-01 -3.823399999999999022e-02 4.729193050000000120e-01
6.973429250000000579e-01 -3.151299999999999935e-02 4.801013749999999969e-01
6.949855500000000630e-01 -3.098999999999998978e-02 4.766633750000000003e-01
6.931410749999999954e-01 -2.958674999999999500e-02 4.717446417499999711e-01
7.021694000000000546e-01 -2.350900000000000212e-02 4.815960249999999832e-01
6.992827000000000348e-01 -2.235600000000000087e-02 4.764831749999999810e-01
6.965023500000000478e-01 -2.113824999999999732e-02 4.713217399999999890e-01
7.103337000000000678e-01 -1.673399999999999888e-02 4.765882249999999765e-01
7.064408250000000500e-01 -1.635199999999999154e-02 4.720637835000000004e-01
7.024895000000001000e-01 -1.609449999999999770e-02 4.675089749999999933e-01
7.148362350000000420e-01 -7.374499999999992172e-03 4.725473874999999713e-01
7.104310500000000639e-01 -7.509500000000002284e-03 4.686442499999999844e-01
7.059975250000000146e-01 -7.681750000000001077e-03 4.647370999999999586e-01
7.163342050000000016e-01 3.740000000000007208e-03 4.703806999999999849e-01
7.114798500000000248e-01 3.453499999999998238e-03 4.672067749999999631e-01
7.066157500000000979e-01 3.194250000000009582e-03 4.640691499999999858e-01
7.158172025000000271e-01 1.643100000000000116e-02 4.700987099999999752e-01
7.110423250000000861e-01 1.559925000000000200e-02 4.669322750000000077e-01
7.057494250000000413e-01 1.459175000000000749e-02 4.643614999999999826e-01
7.123348274999999896e-01 2.790300000000000419e-02 4.715516999999999626e-01
7.082766000000000339e-01 2.678325000000000150e-02 4.685591749999999944e-01
7.029334500000000707e-01 2.606000000000000677e-02 4.661828499999999820e-01
7.072456750000000181e-01 3.728900000000000270e-02 4.766070499999999766e-01
7.047886000000000983e-01 3.656975000000000503e-02 4.732092924999999894e-01
7.010731500000000338e-01 3.759225000000000760e-02 4.689521249999999974e-01
7.087397000000000835e-01 4.741550000000000625e-02 4.789165499999999964e-01
7.036285750000000894e-01 4.832775000000000265e-02 4.762125499999999567e-01
6.985931000000000779e-01 4.914570000000000050e-02 4.733890450000000083e-01
7.086241000000000900e-01 5.526232500000000103e-02 4.858656999999999559e-01
7.034278999999999948e-01 5.732012499999999955e-02 4.839538999999999924e-01
6.982264000000000248e-01 5.941485000000000516e-02 4.820671499999999998e-01
7.113606749999999979e-01 6.244167500000000204e-02 4.926768499999999995e-01
7.062719250000000226e-01 6.542855000000000198e-02 4.914571249999999947e-01
7.011198250000000298e-01 6.849065000000000014e-02 4.902759999999999896e-01
7.154061475000000891e-01 6.590044999999999931e-02 5.018197500000000089e-01
7.104765750000000546e-01 6.945534999999999903e-02 5.015594999999999359e-01
7.054001500000000036e-01 7.304775000000000851e-02 5.011940000000000284e-01
7.237203250000000532e-01 6.777882500000000088e-02 5.117092500000000044e-01
7.196568250000000555e-01 7.195094500000000226e-02 5.129874999999999297e-01
7.158474750000000109e-01 7.613418750000000568e-02 5.144634999999999625e-01
7.322062250000000994e-01 6.713670000000000748e-02 5.211567499999999464e-01
7.290397750000000565e-01 7.142757500000000703e-02 5.237597499999999684e-01
7.261379000000000028e-01 7.570649249999999997e-02 5.264769999999999728e-01
7.401845000000000230e-01 6.522107500000000335e-02 5.301592499999999708e-01
7.375804500000000541e-01 6.940070000000000960e-02 5.335269999999999735e-01
7.351841250000000771e-01 7.377936850000001157e-02 5.371987499999999471e-01
7.453840000000000465e-01 6.033457500000000834e-02 5.373134999999999994e-01
7.430075000000000429e-01 6.407195000000000251e-02 5.416509999999999936e-01
7.408575000000000577e-01 6.809432500000001109e-02 5.462445000000000217e-01
7.447147500000000919e-01 5.276692500000000619e-02 5.412387499999999907e-01
7.424315000000000220e-01 5.594695000000000917e-02 5.462914999999999299e-01
7.400582500000000286e-01 5.924937500000000690e-02 5.514507499999999895e-01
7.399277499999999952e-01 4.402150000000000507e-02 5.419009999999999661e-01
7.381642250000000072e-01 4.681750000000000494e-02 5.468629999999999880e-01
7.354486749999999962e-01 4.922094999999999942e-02 5.519417500000000087e-01
7.327509250000000529e-01 3.741100000000000675e-02 5.412099999999999689e-01
7.302475500000000785e-01 3.964625000000000787e-02 5.464682499999999887e-01
7.282366250000000818e-01 4.043625000000000691e-02 5.484532500000000033e-01
7.312402250000000770e-01 2.496600000000000208e-02 5.464534999999999254e-01
7.289298000000000721e-01 2.888600000000000195e-02 5.509957500000000064e-01
7.253665250000000952e-01 2.920450000000000129e-02 5.538309999999999622e-01
7.337569999999999926e-01 1.235850000000000143e-02 5.544584999999999653e-01
7.322696250000000351e-01 1.594475000000000753e-02 5.611479999999999801e-01
7.318722500000000020e-01 1.813550000000000578e-02 5.676379999999999759e-01
7.415340000000000265e-01 9.327500000000099600e-04 5.583442499999999864e-01
7.404720000000000191e-01 4.167749999999997845e-03 5.669229999999999547e-01
7.402567500000000189e-01 6.427250000000009345e-03 5.760027500000000078e-01
7.463910000000000267e-01 -8.342999999999989313e-03 5.577922499999999895e-01
7.463832500000000536e-01 -6.601999999999996760e-03 5.687379999999999658e-01
7.466195000000001025e-01 -4.872249999999994641e-03 5.792762499999999370e-01
7.491125000000000700e-01 -1.524949999999999917e-02 5.551482500000000098e-01
7.502175000000000926e-01 -1.552399999999999614e-02 5.661530000000000173e-01
7.508187500000000902e-01 -1.463774999999999105e-02 5.768385000000000318e-01
7.521270000000001010e-01 -1.919200000000000073e-02 5.554637499999999228e-01
7.541915000000000147e-01 -2.092299999999999716e-02 5.635740000000000194e-01
7.563672500000000465e-01 -2.249249999999999861e-02 5.712697500000000206e-01
7.577020000000000977e-01 -2.070799999999999030e-02 5.518925000000000081e-01
7.610307500000000891e-01 -2.269949999999999746e-02 5.577280000000000015e-01
7.643830000000000346e-01 -2.459725000000000106e-02 5.632067499999999782e-01
7.632110000000000838e-01 -2.033524999999999916e-02 5.478792500000000398e-01
7.677730000000000388e-01 -2.180974999999998887e-02 5.513102500000000017e-01
7.724280000000001145e-01 -2.334474999999999745e-02 5.550157500000000299e-01
7.653465000000000407e-01 -2.212825000000000208e-02 5.420132500000000020e-01
7.703462500000000102e-01 -2.444999999999999951e-02 5.425297499999999218e-01
7.755587500000000745e-01 -2.686025000000000218e-02 5.426549999999999985e-01
7.652862500000000567e-01 -2.153750000000000109e-02 5.339937499999999337e-01
7.701215000000000144e-01 -2.364600000000000035e-02 5.316974999999999341e-01
7.751677500000000443e-01 -2.581524999999999792e-02 5.291087500000000166e-01
7.632077500000000736e-01 -1.745999999999998942e-02 5.260314999999999852e-01
7.675115000000000132e-01 -1.860149999999999304e-02 5.217762499999999415e-01
7.717785000000000339e-01 -1.966749999999999055e-02 5.173484999999999889e-01
7.604757500000000059e-01 -9.788749999999998841e-03 5.192949999999999511e-01
7.647810000000000441e-01 -1.029774999999999441e-02 5.141215000000000090e-01
7.690277500000000099e-01 -1.080325000000000035e-02 5.089339999999999975e-01
7.563805000000000112e-01 -1.903749999999995723e-03 5.090359999999999330e-01
7.608817500000000233e-01 -2.878999999999992676e-03 5.044682499999999514e-01
7.616357500000000558e-01 -3.438749999999990425e-03 5.031812500000000243e-01
7.548055000000000181e-01 9.142499999999997851e-03 4.986654999999999838e-01
7.557915000000000605e-01 6.072750000000001758e-03 4.941568249999999662e-01
7.552042500000000214e-01 5.943750000000011524e-03 4.930377999999999705e-01
7.623872500000000718e-01 1.935150000000000758e-02 4.822993499999999600e-01
7.624222500000000791e-01 1.802675000000000805e-02 4.814651249999999938e-01
7.655800000000000383e-01 1.702150000000000191e-02 4.785772249999999950e-01
7.802985000000000060e-01 3.185375000000001400e-02 4.731174974999999838e-01
7.821517500000000345e-01 2.887600000000001277e-02 4.731030599999999642e-01
7.847637499999999822e-01 2.636825000000000974e-02 4.731418399999999802e-01
7.958030000000000381e-01 3.940750000000001196e-02 4.748597749999999840e-01
7.996350000000000957e-01 3.466725000000001056e-02 4.740951399999999705e-01
8.030762500000000470e-01 3.062300000000001132e-02 4.727074674999999782e-01
8.091802500000000453e-01 4.546600000000000641e-02 4.732107024999999689e-01
8.123842500000000300e-01 4.037925000000001236e-02 4.724420574999999567e-01
8.153462500000000501e-01 3.565200000000001007e-02 4.701352349999999847e-01
8.219897500000000745e-01 5.080015000000001613e-02 4.738722999999999685e-01
8.244897500000000212e-01 4.534300000000000830e-02 4.727953824999999721e-01
8.276120000000000143e-01 4.035550000000000942e-02 4.700891975000000000e-01
8.350267500000000398e-01 5.672047500000001324e-02 4.727324974999999596e-01
8.366052500000000780e-01 5.108857500000001106e-02 4.717429579999999900e-01
8.391457500000000236e-01 4.571925000000000988e-02 4.706321624999999509e-01
8.482465000000000144e-01 6.207082500000001002e-02 4.714629874999999859e-01
8.498732500000000245e-01 5.634350000000001163e-02 4.705006574999999747e-01
8.514512499999999928e-01 5.065427500000001249e-02 4.695489599999999597e-01
8.590775000000000494e-01 6.510032500000001443e-02 4.709119524999999529e-01
8.596495000000000664e-01 5.947992500000001681e-02 4.700902274999999575e-01
8.603465000000000140e-01 5.386437500000001988e-02 4.692719249999999787e-01
8.669372500000001036e-01 6.770245000000001123e-02 4.695497124999999938e-01
8.666755000000000431e-01 6.210942500000000976e-02 4.689093249999999879e-01
8.667225000000000623e-01 5.647567500000001683e-02 4.682470249999999834e-01
8.731917500000000443e-01 6.831905000000002004e-02 4.682822499999999555e-01
8.724377500000000119e-01 6.262690000000001311e-02 4.677117499999999817e-01
8.718387499999999957e-01 5.690815000000001844e-02 4.671938999999999953e-01
8.769962500000000327e-01 6.908842500000000886e-02 4.685586749999999800e-01
8.763450000000000406e-01 6.321385000000001586e-02 4.679502249999999974e-01
8.758477500000000360e-01 5.738097500000001461e-02 4.674029749999999983e-01
8.803322500000000383e-01 7.027385000000001269e-02 4.683577999999999908e-01
8.797507500000000258e-01 6.438602500000001339e-02 4.677425249999999646e-01
8.792287500000000033e-01 5.860800000000001425e-02 4.671857749999999698e-01
8.836250000000001048e-01 7.187799500000001396e-02 4.682817249999999820e-01
8.831735000000000557e-01 6.592980000000001062e-02 4.675129999999999564e-01
8.825402500000000261e-01 6.025875000000001369e-02 4.668875999999999582e-01
8.866545000000000121e-01 7.347057500000001018e-02 4.678510249999999759e-01
8.861600000000000588e-01 6.736217500000001024e-02 4.671857499999999552e-01
8.850445000000000118e-01 6.150800000000001405e-02 4.666269249999999702e-01
8.897672500000000095e-01 7.402470400000001061e-02 4.690164249999999591e-01
8.891917500000000585e-01 6.750312500000001104e-02 4.682339249999999953e-01
8.877782499999999910e-01 6.124247500000001843e-02 4.675371499999999569e-01
8.938957499999999889e-01 7.357103750000001940e-02 4.701568599999999543e-01
8.932917500000000510e-01 6.669070000000001941e-02 4.694924224999999507e-01
8.918475000000000152e-01 5.990605000000001623e-02 4.687536499999999662e-01
8.995144999999999946e-01 7.481331500000001911e-02 4.709153649999999747e-01
8.998680000000000012e-01 6.702815000000000856e-02 4.702417049999999543e-01
8.996574999999999989e-01 5.911567500000002029e-02 4.695119624999999908e-01
9.062017500000000281e-01 7.769295000000001061e-02 4.706519974999999745e-01
9.079360000000000763e-01 6.945172500000001969e-02 4.698724124999999474e-01
9.093230000000001034e-01 6.101352500000001289e-02 4.690276749999999772e-01
9.117655000000000065e-01 8.343167500000001069e-02 4.709227574999999555e-01
9.145442500000000585e-01 7.300507250000001780e-02 4.698714274999999940e-01
9.164419999999999789e-01 6.325372500000001064e-02 4.688913499999999845e-01
9.186090000000000089e-01 8.748495000000001964e-02 4.703329049999999678e-01
9.210857500000000364e-01 7.682387500000001368e-02 4.693002249999999598e-01
9.231290000000000884e-01 6.636792500000002204e-02 4.682585999999999693e-01
9.270262500000000516e-01 8.944857500000001627e-02 4.700484474999999662e-01
9.288062500000000554e-01 8.065010000000001622e-02 4.692109499999999600e-01
9.305382500000000112e-01 7.192747750000001716e-02 4.683441249999999445e-01
9.374487500000000528e-01 9.201937500000001435e-02 4.697086524999999901e-01
9.391372500000000345e-01 8.401397500000001850e-02 4.689358999999999611e-01
9.408792500000000558e-01 7.598518500000002451e-02 4.681331999999999716e-01
9.604912500000000186e-01 8.971260000000001733e-02 4.682611999999999886e-01
