4.954540000000000610e-01 -6.459324999999999095e-02 4.694116500000000136e-01
5.391420000000000101e-01 -4.820975000000000954e-02 4.697712749999999882e-01
5.401430000000000398e-01 -6.068524999999999614e-02 4.691021499999999955e-01
5.412650000000001071e-01 -7.313374999999999737e-02 4.684788750000000168e-01
5.504500000000001059e-01 -4.706875000000000642e-02 4.693392499999999856e-01
5.514722499999999972e-01 -5.977625000000000299e-02 4.686494499999999674e-01
5.526392500000000263e-01 -7.244074999999999820e-02 4.680229000000000195e-01
5.613697500000000007e-01 -4.678550000000000764e-02 4.674869749999999713e-01
5.621955000000000702e-01 -5.911525000000000807e-02 4.681972500000000093e-01
5.628677500000001110e-01 -7.196525000000000838e-02 4.675680749999999719e-01
5.710277500000000561e-01 -4.679150000000001364e-02 4.708460500000000160e-01
5.716672500000000712e-01 -5.854799999999998894e-02 4.712102950000000012e-01
5.727455000000000185e-01 -7.062174999999998315e-02 4.706728525000000163e-01
5.815552500000000791e-01 -4.673575000000000645e-02 4.721593024999999888e-01
5.820767500000000316e-01 -5.804475000000000606e-02 4.724291350000000000e-01
5.832002499999999756e-01 -6.951525000000000065e-02 4.718522437500000111e-01
5.925967500000000054e-01 -4.557300000000000240e-02 4.711356124999999673e-01
5.925400000000000666e-01 -5.673675000000000246e-02 4.715694624999999807e-01
5.929457500000000492e-01 -6.799649999999998751e-02 4.711440599999999757e-01
6.027532500000000182e-01 -4.424000000000000155e-02 4.683565249999999680e-01
6.030557500000000015e-01 -5.536449999999998317e-02 4.689136500000000152e-01
6.034410000000001162e-01 -6.666700000000000403e-02 4.688248749999999743e-01
6.140890000000001070e-01 -4.300274999999999237e-02 4.662300500000000070e-01
6.142190000000000705e-01 -5.420474999999999599e-02 4.669204000000000132e-01
6.145507500000000345e-01 -6.528724999999999112e-02 4.671263749999999826e-01
6.259792500000000981e-01 -4.209499999999999353e-02 4.650192249999999805e-01
6.258972500000000716e-01 -5.324375000000000635e-02 4.658528499999999850e-01
6.253232500000001082e-01 -6.427299999999999680e-02 4.664722499999999772e-01
6.386495000000000921e-01 -4.222650000000000015e-02 4.644487250000000067e-01
6.377937500000000481e-01 -5.314749999999998642e-02 4.654881750000000040e-01
6.370257500000000572e-01 -6.400575000000000014e-02 4.664749249999999847e-01
6.512037500000000811e-01 -4.270099999999998897e-02 4.649880499999999861e-01
6.501442500000000901e-01 -5.336099999999999177e-02 4.663655749999999767e-01
6.487325000000000452e-01 -6.423575000000000812e-02 4.676600999999999675e-01
6.634560000000000457e-01 -4.282849999999999158e-02 4.660299499999999706e-01
6.628607499999999986e-01 -5.333499999999999353e-02 4.678836499999999843e-01
6.621845000000000647e-01 -6.388024999999999953e-02 4.695154125000000067e-01
6.760855000000000059e-01 -4.222449999999999815e-02 4.710663674999999717e-01
6.763552500000000745e-01 -5.303725000000000800e-02 4.711411099999999741e-01
6.764790000000000525e-01 -6.237799999999998901e-02 4.730702099999999910e-01
6.905311750000000526e-01 -4.217349999999998877e-02 4.700129200000000007e-01
6.901875750000000531e-01 -5.285324999999999052e-02 4.707154524999999645e-01
6.898174750000000133e-01 -6.305349999999998456e-02 4.725634974999999849e-01
7.050207750000000440e-01 -4.345999999999999863e-02 4.731531099999999879e-01
7.040167250000000099e-01 -5.332375000000000309e-02 4.729248374999999727e-01
7.036907500000000315e-01 -6.374825000000000630e-02 4.732406650000000048e-01
7.178347999999999951e-01 -4.342349999999998988e-02 4.729634600000000022e-01
7.172428750000000575e-01 -5.370724999999998417e-02 4.730633949999999976e-01
7.172363750000000371e-01 -6.376899999999999236e-02 4.736258674999999640e-01
7.300353250000000127e-01 -4.312449999999999617e-02 4.727865350000000078e-01
7.302131500000000885e-01 -5.362000000000000099e-02 4.720402635000000013e-01
7.310696000000000971e-01 -6.325675000000000048e-02 4.739681099999999980e-01
7.423415000000000985e-01 -4.297025000000000150e-02 4.720606492499999640e-01
7.425167500000000587e-01 -5.311299999999999355e-02 4.709182199999999985e-01
7.429210000000000536e-01 -6.318725000000000036e-02 4.695906025000000095e-01
7.541772500000000212e-01 -4.237599999999999700e-02 4.702125974999999958e-01
7.545577500000000271e-01 -5.253525000000000555e-02 4.698005674999999881e-01
7.551517500000000105e-01 -6.259974999999998180e-02 4.692007999999999734e-01
7.661210000000000520e-01 -4.233275000000000232e-02 4.688075749999999764e-01
7.662460000000000937e-01 -5.202750000000000430e-02 4.678523749999999870e-01
7.666375000000000828e-01 -6.177574999999999039e-02 4.667928000000000077e-01
7.769087500000000368e-01 -4.107074999999998921e-02 4.673390499999999781e-01
7.774327500000000057e-01 -5.092750000000000055e-02 4.666337999999999875e-01
7.782732500000000275e-01 -6.072049999999998282e-02 4.657004999999999617e-01
7.878730000000000455e-01 -3.989874999999999672e-02 4.659584499999999685e-01
7.881102500000000122e-01 -4.951049999999999895e-02 4.654718499999999648e-01
7.886532500000000834e-01 -5.898324999999998708e-02 4.653214999999999990e-01
7.994087500000000013e-01 -3.918724999999999292e-02 4.645006499999999594e-01
7.988172500000000342e-01 -4.901374999999999482e-02 4.646531499999999593e-01
7.985040000000001026e-01 -5.853125000000000688e-02 4.645707499999999768e-01
8.109592500000000204e-01 -3.993774999999999409e-02 4.647822499999999524e-01
8.099887500000000351e-01 -4.959124999999998951e-02 4.646292749999999527e-01
8.091544999999999987e-01 -5.913450000000000650e-02 4.646649249999999509e-01
8.221992500000000481e-01 -4.208449999999999691e-02 4.667466749999999998e-01
8.203805000000000680e-01 -5.151474999999999804e-02 4.661580249999999759e-01
8.189025000000000887e-01 -6.078200000000000269e-02 4.659250999999999809e-01
8.315627500000000172e-01 -4.566449999999998288e-02 4.727409025000000042e-01
8.289732499999999948e-01 -5.459574999999999845e-02 4.711402375000000031e-01
8.265492500000000131e-01 -6.338474999999998971e-02 4.702169449999999973e-01
8.356277500000000025e-01 -5.058374999999998289e-02 4.819042749999999931e-01
8.328565000000001106e-01 -5.872225000000000361e-02 4.788187749999999743e-01
8.298017500000001156e-01 -6.659349999999999992e-02 4.762066499999999536e-01
8.357327500000000242e-01 -5.625325000000000464e-02 4.928642749999999628e-01
8.329297500000000243e-01 -6.329175000000000773e-02 4.878048249999999975e-01
8.299422500000001035e-01 -7.017924999999999858e-02 4.832053499999999779e-01
8.304815000000000946e-01 -6.142549999999999399e-02 5.015247499999999636e-01
8.286300000000000887e-01 -6.736675000000000302e-02 4.951627249999999703e-01
8.266647500000000592e-01 -7.327274999999999761e-02 4.888484499999999899e-01
8.204712500000000963e-01 -6.472824999999998719e-02 5.051982499999999598e-01
8.204680000000000861e-01 -6.970899999999999319e-02 4.985267499999999630e-01
8.202545000000001085e-01 -7.489324999999999455e-02 4.914800999999999753e-01
8.111867500000000675e-01 -7.093649999999998568e-02 5.060957499999999554e-01
8.120427500000000354e-01 -7.489574999999998317e-02 4.997399999999999620e-01
8.139047500000000657e-01 -7.858974999999998601e-02 4.922306249999999772e-01
8.033360000000000500e-01 -7.506350000000000522e-02 5.077957499999999902e-01
8.029582500000000955e-01 -8.109299999999999842e-02 5.017044999999999977e-01
8.024475000000000913e-01 -8.813674999999998594e-02 4.946943999999999786e-01
7.949662500000000964e-01 -8.384824999999998529e-02 5.120052499999999673e-01
7.958462500000000883e-01 -8.882049999999999668e-02 5.045674999999999466e-01
7.965687500000000476e-01 -9.412075000000000302e-02 4.974557499999999743e-01
7.882985000000000131e-01 -9.628699999999998371e-02 5.152989999999999515e-01
7.900955000000000616e-01 -9.983600000000000807e-02 5.069132499999999819e-01
7.920215000000000449e-01 -1.033359999999999834e-01 4.987242499999999801e-01
7.791927500000001006e-01 -1.076902499999999874e-01 5.146114999999999995e-01
7.824225000000000207e-01 -1.090915000000000079e-01 5.061547499999999866e-01
7.856200000000000960e-01 -1.109090000000000076e-01 4.977867500000000001e-01
7.690292499999999976e-01 -1.159425000000000039e-01 5.094815000000000316e-01
7.735002500000001113e-01 -1.159344999999999959e-01 5.017907499999999521e-01
7.774170000000000247e-01 -1.165920000000000012e-01 4.940260999999999680e-01
7.595647500000000107e-01 -1.217999999999999916e-01 5.017427500000000151e-01
7.646800000000000264e-01 -1.211514999999999953e-01 4.951967749999999779e-01
7.689415000000000555e-01 -1.210147500000000043e-01 4.881411999999999973e-01
7.494262500000000715e-01 -1.250837499999999936e-01 4.937909749999999653e-01
7.546437500000000576e-01 -1.242870000000000086e-01 4.874841749999999641e-01
7.592717500000000230e-01 -1.228799999999999892e-01 4.805141499999999732e-01
7.410295000000000076e-01 -1.296027499999999888e-01 4.847629999999999995e-01
7.460827500000000168e-01 -1.279554999999999998e-01 4.786022999999999805e-01
7.511630000000000251e-01 -1.261327499999999879e-01 4.723314799999999702e-01
7.339580750000000986e-01 -1.356087500000000001e-01 4.772204250000000036e-01
7.390158000000000005e-01 -1.335107499999999836e-01 4.712073724999999991e-01
7.439982500000000831e-01 -1.314200000000000090e-01 4.650559999999999694e-01
7.254677500000000778e-01 -1.360572499999999907e-01 4.700384349999999767e-01
7.305977000000000166e-01 -1.337919999999999943e-01 4.642804999999999849e-01
7.357139750000000200e-01 -1.314267500000000088e-01 4.584339749999999936e-01
7.182129500000000721e-01 -1.289312499999999972e-01 4.666322499999999707e-01
7.232959500000000208e-01 -1.267490000000000006e-01 4.608752499999999586e-01
7.284860750000000662e-01 -1.243499999999999883e-01 4.552022499999999749e-01
7.148829675000000217e-01 -1.183214999999999961e-01 4.677479749999999825e-01
7.197810250000000742e-01 -1.160884999999999834e-01 4.620186249999999606e-01
7.248982250000000072e-01 -1.136922499999999947e-01 4.564783499999999772e-01
7.122477625000001034e-01 -1.049857499999999888e-01 4.702083724999999714e-01
7.173194750000000397e-01 -1.033007499999999967e-01 4.646069999999999922e-01
7.224871750000000370e-01 -1.015457499999999902e-01 4.590020249999999802e-01
7.079108000000000622e-01 -9.204450000000000132e-02 4.686474499999999654e-01
7.132295925000000647e-01 -9.094150000000000844e-02 4.634834749999999781e-01
7.186008750000000278e-01 -8.978774999999999951e-02 4.581660750000000060e-01
7.056769999999999987e-01 -7.851525000000000865e-02 4.686340749999999833e-01
7.113563000000000525e-01 -7.768325000000000924e-02 4.640081749999999672e-01
7.170730750000000597e-01 -7.688849999999999851e-02 4.590051499999999729e-01
7.063729499999999994e-01 -6.517449999999999632e-02 4.697273324999999833e-01
7.117684750000000671e-01 -6.453749999999999765e-02 4.662942499999999657e-01
7.173327000000000453e-01 -6.368424999999999780e-02 4.613681000000000032e-01
7.075355500000000131e-01 -5.150499999999999523e-02 4.710182274999999974e-01
7.133967150000000146e-01 -5.180250000000000132e-02 4.700147825000000057e-01
7.189129750000000652e-01 -5.107724999999999071e-02 4.651946499999999873e-01
7.084148749999999994e-01 -3.806024999999998992e-02 4.742751749999999933e-01
7.139893125000000840e-01 -3.835299999999999820e-02 4.707430249999999816e-01
7.193757250000000214e-01 -3.818399999999999572e-02 4.659037999999999791e-01
7.076807250000000105e-01 -2.612449999999999495e-02 4.728060674999999824e-01
7.131668950000000784e-01 -2.561049999999999438e-02 4.700632949999999921e-01
7.184195250000000588e-01 -2.525824999999999598e-02 4.652779249999999811e-01
7.060169250000000174e-01 -1.456874999999999143e-02 4.665039249999999860e-01
7.109602000000000421e-01 -1.356274999999999842e-02 4.655468499999999565e-01
7.157279175000000881e-01 -1.324149999999998939e-02 4.610615249999999721e-01
7.042161250000000816e-01 -1.185999999999992616e-03 4.646629999999999927e-01
7.089507500000000739e-01 -6.209999999999965548e-04 4.636370499999999950e-01
7.135886350000000267e-01 -3.979999999999955795e-04 4.589765749999999978e-01
6.982103250000000205e-01 1.046350000000000058e-02 4.650108000000000019e-01
7.034541250000000412e-01 1.173050000000000481e-02 4.611292249999999759e-01
7.085577500000000972e-01 1.253650000000000597e-02 4.564626499999999698e-01
6.936758500000000938e-01 2.262750000000000178e-02 4.651372500000000021e-01
6.988200250000000668e-01 2.370425000000000310e-02 4.607803249999999906e-01
7.038686500000000956e-01 2.485625000000000334e-02 4.563342499999999968e-01
6.929319250000000041e-01 3.437300000000000771e-02 4.694365249999999934e-01
6.976833000000000062e-01 3.562600000000000489e-02 4.650756249999999925e-01
7.025023250000000941e-01 3.678825000000000151e-02 4.604948249999999965e-01
6.985033750000000374e-01 4.315925000000000317e-02 4.773033250000000005e-01
7.019781750000000375e-01 4.391174999999999939e-02 4.726922949999999846e-01
7.063734249999999992e-01 4.495250000000000634e-02 4.678019749999999810e-01
7.091112250000000117e-01 4.444850000000000190e-02 4.863969249999999800e-01
7.114727250000000280e-01 4.540600000000000191e-02 4.802008249999999978e-01
7.144189575000000625e-01 4.582175000000000831e-02 4.742302099999999854e-01
7.207273500000000999e-01 3.745500000000000218e-02 4.903546749999999621e-01
7.217482000000000619e-01 3.907500000000000556e-02 4.832014499999999768e-01
7.231616250000000301e-01 4.024950000000000749e-02 4.759366749999999757e-01
7.310408250000000052e-01 2.808800000000000185e-02 4.895414249999999745e-01
7.305711500000000580e-01 3.045275000000000759e-02 4.813983000000000012e-01
7.306271000000000848e-01 3.242550000000000293e-02 4.730587299999999829e-01
7.379256499999999885e-01 1.629825000000000718e-02 4.862050499999999720e-01
7.347681500000000643e-01 1.909525000000000805e-02 4.775826499999999974e-01
7.349969250000000232e-01 2.168450000000000238e-02 4.681375749999999725e-01
7.388308250000000799e-01 9.903750000000002829e-03 4.860698999999999992e-01
7.387839750000000372e-01 1.153675000000000533e-02 4.750389250000000008e-01
7.386028000000000038e-01 1.381950000000000539e-02 4.651747249999999556e-01
7.471787500000000026e-01 3.192500000000000893e-03 4.821861499999999801e-01
7.466492500000000421e-01 4.342499999999999138e-03 4.739816175000000076e-01
7.464372500000000521e-01 5.890249999999999653e-03 4.643728500000000037e-01
7.532422500000000021e-01 -4.363749999999999574e-03 4.800685499999999828e-01
7.526765000000000816e-01 -3.748500000000001831e-03 4.728394999999999682e-01
7.523595000000000699e-01 -3.475999999999992984e-03 4.654190749999999599e-01
7.527942499999999981e-01 -1.289875000000000049e-02 4.780775749999999769e-01
7.520925000000000527e-01 -1.270724999999998939e-02 4.714941174999999762e-01
7.510944999999999983e-01 -1.254999999999999172e-02 4.648994499999999919e-01
7.456255000000000521e-01 -1.849524999999999086e-02 4.780905500000000030e-01
7.446337500000000942e-01 -1.843575000000000075e-02 4.718309197499999663e-01
7.434230000000000560e-01 -1.825024999999999564e-02 4.655821499999999724e-01
7.359067000000000247e-01 -1.813324999999998965e-02 4.794339999999999713e-01
7.342356500000000175e-01 -1.781275000000000219e-02 4.734235450000000012e-01
7.323644500000000557e-01 -1.742174999999999974e-02 4.676678249999999815e-01
7.275372250000000651e-01 -1.270799999999999708e-02 4.819413999999999643e-01
7.253429250000000827e-01 -1.248950000000000060e-02 4.762391999999999737e-01
7.231028750000000338e-01 -1.201649999999999940e-02 4.712227974999999569e-01
7.222736500000001003e-01 -2.857749999999992241e-03 4.840424249999999984e-01
7.197761250000000999e-01 -3.057499999999990781e-03 4.785450749999999864e-01
7.172500500000000834e-01 -3.215249999999988950e-03 4.730535699999999788e-01
7.200279750000000423e-01 9.026000000000006240e-03 4.831998750000000009e-01
7.175242000000000564e-01 8.044000000000009476e-03 4.778097000000000039e-01
7.150047575000000322e-01 7.049500000000000210e-03 4.724034249999999879e-01
7.152672325000000164e-01 1.976850000000000135e-02 4.828264499999999626e-01
7.125830975000000400e-01 1.841750000000000331e-02 4.776781749999999827e-01
7.099271249999999922e-01 1.700000000000000122e-02 4.725185224999999822e-01
7.093983750000000255e-01 3.017050000000000287e-02 4.829599499999999712e-01
7.061205000000000398e-01 2.855975000000000180e-02 4.783017749999999846e-01
7.029249750000000629e-01 2.685525000000000412e-02 4.736681249999999954e-01
7.039804250000000208e-01 4.233050000000000701e-02 4.825836499999999751e-01
7.003822000000000658e-01 4.009925000000000295e-02 4.783150749999999785e-01
6.966859499999999983e-01 3.785050000000000220e-02 4.741315674999999619e-01
6.991834500000000396e-01 5.373152500000000220e-02 4.808782999999999808e-01
6.954739250000000483e-01 5.127460000000000351e-02 4.770034249999999809e-01
6.918205500000000896e-01 4.896875000000000533e-02 4.729538875000000031e-01
6.958195249999999943e-01 6.561437500000000256e-02 4.792594249999999612e-01
6.917964250000000481e-01 6.307217500000000809e-02 4.756830750000000108e-01
6.877687500000000398e-01 6.065167500000000211e-02 4.720935344999999672e-01
6.914136250000000317e-01 7.656422499999999964e-02 4.768076250000000127e-01
6.873582500000000595e-01 7.381725950000000980e-02 4.733982174999999959e-01
6.833310000000000217e-01 7.105045000000000111e-02 4.699754525000000016e-01
6.871190000000000353e-01 8.731702500000000644e-02 4.770005749999999822e-01
6.828527500000000083e-01 8.456645000000000134e-02 4.738231599999999655e-01
6.785772500000000207e-01 8.186502500000000793e-02 4.706012574999999809e-01
6.844830000000000636e-01 9.798597500000000293e-02 4.753464249999999613e-01
6.799487499999999907e-01 9.541444999999999788e-02 4.722806849999999779e-01
6.753980000000000539e-01 9.290962499999999569e-02 4.691739249999999917e-01
6.838720000000000354e-01 1.078935000000000033e-01 4.723092299999999688e-01
6.791152500000000591e-01 1.058107500000000090e-01 4.691649749999999841e-01
6.743065000000000309e-01 1.037947500000000051e-01 4.659897749999999950e-01
6.827095000000000802e-01 1.176482500000000098e-01 4.726309699999999836e-01
6.775017500000000137e-01 1.164652500000000063e-01 4.696819999999999884e-01
6.722697499999999993e-01 1.154387500000000066e-01 4.667726500000000112e-01
6.811059999999999892e-01 1.266312500000000008e-01 4.760545749999999798e-01
6.755257500000000359e-01 1.258050000000000002e-01 4.734832224999999672e-01
6.699675000000000491e-01 1.251622500000000027e-01 4.708581799999999595e-01
6.810542500000000832e-01 1.361749999999999905e-01 4.781077249999999834e-01
6.752292500000000031e-01 1.357647499999999896e-01 4.758446499999999801e-01
6.693512500000000642e-01 1.355449999999999988e-01 4.735926374999999688e-01
6.807090000000000085e-01 1.437772500000000231e-01 4.835340499999999930e-01
6.745342500000000019e-01 1.436745000000000105e-01 4.818335750000000139e-01
6.682940000000000547e-01 1.437237500000000112e-01 4.802411249999999909e-01
6.807695000000000274e-01 1.480717500000000020e-01 4.916696499999999581e-01
6.743580000000000130e-01 1.478230000000000099e-01 4.906754999999999867e-01
6.679140000000000077e-01 1.475175000000000236e-01 4.896647249999999674e-01
6.816827500000000040e-01 1.482477500000000115e-01 5.012949999999999351e-01
6.752087500000000242e-01 1.475615000000000121e-01 5.003710000000000102e-01
6.686972500000000208e-01 1.466304999999999970e-01 4.999182500000000084e-01
6.839185000000000958e-01 1.437454999999999983e-01 5.103492499999999765e-01
6.771602500000000191e-01 1.426307500000000006e-01 5.093907500000000033e-01
6.705039999999999889e-01 1.412487500000000062e-01 5.084925000000000139e-01
6.851507500000000306e-01 1.325232500000000091e-01 5.166107500000000075e-01
6.782854999999999857e-01 1.323950000000000127e-01 5.149432499999999635e-01
6.713192500000000340e-01 1.306495000000000017e-01 5.135910000000000197e-01
6.878414999999999946e-01 1.153065000000000062e-01 5.190912500000000041e-01
6.801602500000000218e-01 1.162615000000000037e-01 5.169154999999999722e-01
6.723180000000000822e-01 1.158099999999999963e-01 5.152479999999999283e-01
6.887825000000000752e-01 9.808167500000000705e-02 5.248984999999999346e-01
6.796650000000000746e-01 1.002865000000000006e-01 5.218984999999999319e-01
6.705722500000000919e-01 1.010477500000000056e-01 5.193737499999999674e-01
6.900017500000000803e-01 8.504662500000000069e-02 5.321764999999999413e-01
6.788819999999999855e-01 8.748380000000000045e-02 5.285474999999999479e-01
6.685385000000000355e-01 8.920627500000000154e-02 5.251589999999999314e-01
6.899693250000000777e-01 7.690342499999999748e-02 5.381162499999999627e-01
6.788440000000000030e-01 7.854094999999999827e-02 5.354552499999999382e-01
6.683540000000000036e-01 8.072797500000000737e-02 5.322577499999999739e-01
6.872217500000000756e-01 7.245684750000000451e-02 5.424130000000000340e-01
6.786070000000000713e-01 7.263716250000000485e-02 5.412867500000000387e-01
6.702005000000000878e-01 7.258012499999999534e-02 5.404612500000000042e-01
6.863582500000000586e-01 6.916105000000000169e-02 5.505942499999999518e-01
6.794022500000000964e-01 6.848252500000000242e-02 5.512782499999999697e-01
6.728002500000000996e-01 6.770762500000000739e-02 5.519285000000000441e-01
6.878752500000000492e-01 6.781790000000000040e-02 5.582804999999999573e-01
6.832840000000000025e-01 6.686517499999999892e-02 5.613472499999999643e-01
6.782710000000000683e-01 6.572385000000000033e-02 5.644032500000000230e-01
6.926734750000000940e-01 6.384757500000000363e-02 5.619760000000000311e-01
6.914110750000000971e-01 6.090755000000000474e-02 5.662952500000000278e-01
6.904610000000001024e-01 5.743362500000000204e-02 5.707550000000000123e-01
6.987726250000000361e-01 6.055080000000000184e-02 5.589465000000000128e-01
7.003838000000000008e-01 5.607517500000000488e-02 5.616207500000000019e-01
7.021721000000000767e-01 5.121212500000000417e-02 5.643247499999999306e-01
7.015890500000000474e-01 5.822855000000000392e-02 5.513589999999999325e-01
7.040668750000000919e-01 5.302870000000000500e-02 5.516942499999999416e-01
7.065943749999999968e-01 4.767675000000000385e-02 5.518222499999999586e-01
6.997720000000000606e-01 5.775652500000000300e-02 5.417634999999999534e-01
7.022939000000000265e-01 5.205755000000000798e-02 5.406702500000000189e-01
7.047769750000000277e-01 4.638325000000000087e-02 5.395932500000000243e-01
6.974892249999999905e-01 5.528265000000000262e-02 5.289702499999999752e-01
7.001076750000000404e-01 4.969480000000000425e-02 5.282234999999999570e-01
7.027046500000000417e-01 4.412825000000000775e-02 5.275662500000000144e-01
6.985004250000000914e-01 5.291140000000000426e-02 5.149709999999999566e-01
7.013371000000000466e-01 4.699575000000000280e-02 5.150270000000000126e-01
7.041632500000000183e-01 4.106600000000000528e-02 5.151682499999999942e-01
7.026097749999999920e-01 4.827950000000000297e-02 5.000132499999999647e-01
7.053746250000000328e-01 4.253800000000000636e-02 5.003667499999999713e-01
7.080447500000000005e-01 3.697400000000000686e-02 5.008082499999999548e-01
7.091451250000000428e-01 4.301425000000000387e-02 4.853094499999999756e-01
7.117031000000000329e-01 3.731850000000000445e-02 4.863171749999999904e-01
7.127663825000000175e-01 3.288875000000000132e-02 4.860765499999999961e-01
7.180555000000000687e-01 3.875950000000000228e-02 4.737299974999999996e-01
7.203331750000000477e-01 3.310250000000000692e-02 4.752086749999999693e-01
7.214967750000000901e-01 2.757175000000000598e-02 4.751194499999999987e-01
7.297000750000000036e-01 3.706850000000000422e-02 4.666259249999999970e-01
7.313454000000000343e-01 3.139850000000000280e-02 4.683255000000000057e-01
7.325228750000000177e-01 2.538950000000000234e-02 4.686170000000000058e-01
7.422032500000000921e-01 3.779300000000000714e-02 4.644680499999999657e-01
7.432175000000000864e-01 3.199650000000000410e-02 4.661841499999999638e-01
7.447142500000000220e-01 2.559800000000000270e-02 4.663976999999999706e-01
7.547667500000000418e-01 3.955550000000000732e-02 4.644171500000000008e-01
7.553387500000000587e-01 3.378000000000000447e-02 4.660363750000000027e-01
7.568280000000000562e-01 2.807750000000000523e-02 4.678636749999999789e-01
7.665727500000000250e-01 4.295475000000000682e-02 4.667518249999999536e-01
7.677782499999999954e-01 3.715500000000000747e-02 4.686270499999999894e-01
7.690005000000000868e-01 3.136500000000000399e-02 4.704458449999999736e-01
7.793740000000000112e-01 4.592925000000000479e-02 4.663125249999999777e-01
7.804487500000000244e-01 4.013625000000001219e-02 4.681811249999999758e-01
7.815125000000000544e-01 3.435250000000001497e-02 4.700159224999999608e-01
7.920152500000000595e-01 4.838875000000000814e-02 4.641455499999999623e-01
7.930255000000000498e-01 4.257800000000001167e-02 4.660142250000000042e-01
7.940812500000000718e-01 3.681275000000001213e-02 4.678538749999999746e-01
8.052927500000000016e-01 5.109427500000000844e-02 4.635488499999999568e-01
8.058222500000000732e-01 4.515925000000001188e-02 4.654520749999999651e-01
8.064267500000000810e-01 3.923750000000000848e-02 4.673485749999999883e-01
8.173210000000000752e-01 5.345737500000001530e-02 4.644556749999999568e-01
8.177962500000000023e-01 4.734050000000000757e-02 4.663870499999999697e-01
8.183145000000000557e-01 4.128025000000001138e-02 4.683189749999999707e-01
8.290827499999999795e-01 5.497715000000001628e-02 4.647216249999999715e-01
8.293662500000000826e-01 4.885775000000001228e-02 4.667196249999999713e-01
8.297390000000000043e-01 4.276050000000000684e-02 4.687252999999999559e-01
8.404177500000000745e-01 5.635560000000001263e-02 4.659667999999999588e-01
8.407885000000000497e-01 5.014350000000000751e-02 4.681229249999999675e-01
8.412760000000000238e-01 4.400300000000001432e-02 4.702859049999999486e-01
8.513967500000000355e-01 5.819590000000000873e-02 4.676658499999999941e-01
8.518027500000000529e-01 5.186975000000001307e-02 4.699171924999999694e-01
8.523475000000000357e-01 4.560325000000001183e-02 4.721965799999999769e-01
8.622250000000000192e-01 6.067620000000001346e-02 4.701371174999999791e-01
8.623207500000000802e-01 5.407907500000001810e-02 4.724026324999999749e-01
8.625967500000000232e-01 4.751425000000001481e-02 4.746949499999999489e-01
8.715347500000000247e-01 6.258270000000001887e-02 4.704763499999999876e-01
8.721117500000000744e-01 5.564515000000001821e-02 4.729670449999999748e-01
8.726495000000000779e-01 4.865850000000001424e-02 4.754527249999999650e-01
8.807422500000000598e-01 6.539620000000001543e-02 4.696710374999999993e-01
8.818537500000001028e-01 5.770287500000001457e-02 4.725045024999999788e-01
8.827869999999999884e-01 4.988635000000000985e-02 4.753318500000000002e-01
8.900065000000000337e-01 6.887857500000001132e-02 4.685836999999999919e-01
8.916837500000001082e-01 6.063972500000001931e-02 4.716761374999999812e-01
8.932020000000000515e-01 5.220560000000001866e-02 4.747796249999999829e-01
8.978740000000000610e-01 7.444968500000001543e-02 4.669025749999999864e-01
9.002030000000000864e-01 6.431785000000000974e-02 4.706653924999999461e-01
9.019950000000001022e-01 5.469582500000001735e-02 4.742506099999999614e-01
9.067047500000000593e-01 7.751517500000001948e-02 4.655842499999999773e-01
9.085767500000000441e-01 6.720642500000001407e-02 4.694063249999999576e-01
9.103702500000000475e-01 5.693317500000001641e-02 4.732519549999999464e-01
9.163382500000000208e-01 7.898472500000001950e-02 4.659927999999999848e-01
9.177792500000000464e-01 7.041577500000001377e-02 4.691696249999999790e-01
9.193932500000000507e-01 6.186767500000001779e-02 4.723902924999999753e-01
9.272802500000000281e-01 8.105387500000001133e-02 4.663147499999999446e-01
9.286847500000000588e-01 7.333274500000001861e-02 4.691978749999999865e-01
9.301902500000001073e-01 6.557442500000001950e-02 4.721185832499999457e-01
9.503707500000000419e-01 7.841785000000002503e-02 4.694856999999999503e-01
