5.086955000000000782e-01 -4.310425000000001061e-02 4.761242250000000120e-01
5.542517500000000430e-01 -4.649425000000001473e-02 4.666960749999999880e-01
5.527310000000000834e-01 -5.149874999999998204e-02 4.779257249999999679e-01
5.514007499999999951e-01 -5.649499999999998967e-02 4.892565249999999977e-01
5.653805000000000636e-01 -4.894800000000000539e-02 4.668087999999999682e-01
5.637972500000000275e-01 -5.399550000000000183e-02 4.780467999999999940e-01
5.625050000000000328e-01 -5.902024999999999633e-02 4.895847749999999721e-01
5.757312500000000277e-01 -5.250050000000000550e-02 4.665731249999999775e-01
5.742709999999999759e-01 -5.634575000000000000e-02 4.781832750000000187e-01
5.724232500000000501e-01 -6.131775000000000420e-02 4.898483750000000025e-01
5.857472500000000526e-01 -5.163599999999998746e-02 4.682804999999999884e-01
5.839655000000000262e-01 -5.528174999999999062e-02 4.792012999999999967e-01
5.826050000000000395e-01 -5.996799999999999353e-02 4.903169000000000000e-01
5.960482500000000572e-01 -5.306625000000000925e-02 4.698780949999999956e-01
5.941150000000000597e-01 -5.645274999999999599e-02 4.800989749999999834e-01
5.926692500000000363e-01 -6.106224999999998460e-02 4.908346749999999981e-01
6.041325000000000722e-01 -5.518549999999999844e-02 4.713404274999999921e-01
6.024010000000000753e-01 -5.847874999999999601e-02 4.813347249999999633e-01
6.006692500000000434e-01 -6.294449999999998657e-02 4.916715749999999718e-01
6.113167500000000754e-01 -5.762174999999999936e-02 4.715182599999999669e-01
6.107045000000000945e-01 -6.134024999999998506e-02 4.816903750000000040e-01
6.095805000000000806e-01 -6.587550000000000350e-02 4.919144249999999885e-01
6.196907500000000679e-01 -6.027774999999999106e-02 4.707641724999999666e-01
6.194965000000001165e-01 -6.452825000000000921e-02 4.810039249999999988e-01
6.188807500000000905e-01 -6.894800000000000928e-02 4.909047999999999745e-01
6.299090000000000522e-01 -6.190124999999999100e-02 4.695684250000000115e-01
6.298232500000000567e-01 -6.637524999999999675e-02 4.798178750000000048e-01
6.290115000000000567e-01 -7.072899999999998633e-02 4.896868999999999805e-01
6.411427500000000945e-01 -6.282350000000000434e-02 4.687192749999999908e-01
6.409105000000000496e-01 -6.726324999999999665e-02 4.788159249999999756e-01
6.406182500000000557e-01 -7.167099999999998472e-02 4.886775999999999898e-01
6.541607500000000686e-01 -6.252674999999999206e-02 4.678642499999999815e-01
6.534552500000000430e-01 -6.677199999999999802e-02 4.776998000000000077e-01
6.529147500000000992e-01 -7.120424999999999671e-02 4.878356249999999950e-01
6.683490000000000819e-01 -6.101000000000000867e-02 4.667350499999999847e-01
6.682545000000000845e-01 -6.523924999999999863e-02 4.767734750000000021e-01
6.681732500000000519e-01 -6.941149999999998710e-02 4.866681499999999660e-01
6.836834999999999996e-01 -5.684200000000000363e-02 4.683329749999999847e-01
6.842632500000001006e-01 -6.230249999999998289e-02 4.776956749999999863e-01
6.849020000000000108e-01 -6.577849999999998976e-02 4.864948249999999641e-01
7.001673750000000362e-01 -5.281574999999999465e-02 4.691259999999999875e-01
6.998931500000000749e-01 -5.798624999999998919e-02 4.783068249999999910e-01
6.990921250000000642e-01 -5.889624999999998334e-02 4.870943999999999829e-01
7.138562425000000156e-01 -4.679474999999999607e-02 4.738604724999999629e-01
7.133501375000000921e-01 -5.161050000000000360e-02 4.817215499999999984e-01
7.121488375000000204e-01 -5.189449999999998231e-02 4.885657250000000063e-01
7.250471500000000846e-01 -4.131100000000000050e-02 4.797805749999999869e-01
7.246702000000000421e-01 -4.400649999999999007e-02 4.857229999999999603e-01
7.252869750000000559e-01 -4.789349999999999163e-02 4.947398000000000073e-01
7.359931500000000959e-01 -3.528950000000000142e-02 4.837394749999999743e-01
7.360234000000001053e-01 -3.653474999999999084e-02 4.878796999999999717e-01
7.363059000000000687e-01 -3.931925000000000003e-02 4.975047499999999956e-01
7.434580000000000632e-01 -2.547349999999999615e-02 4.826824249999999705e-01
7.436735000000000984e-01 -2.908799999999998886e-02 4.891329999999999845e-01
7.461265000000000258e-01 -3.375824999999998965e-02 4.979047500000000070e-01
7.490007499999999929e-01 -1.650675000000000059e-02 4.823745749999999721e-01
7.505620000000000624e-01 -2.172449999999999382e-02 4.905512749999999533e-01
7.531292500000000834e-01 -2.659649999999999515e-02 4.988479999999999581e-01
7.547027500000000888e-01 -9.687500000000001665e-03 4.847593249999999632e-01
7.564257500000000078e-01 -1.470149999999999235e-02 4.928201249999999978e-01
7.584655000000000147e-01 -1.987925000000000109e-02 5.009847499999999787e-01
7.577692500000000608e-01 -2.140249999999996322e-03 4.865490499999999829e-01
7.599892500000000606e-01 -6.827500000000000235e-03 4.949363749999999840e-01
7.621272500000000338e-01 -1.147774999999999490e-02 5.033009999999999984e-01
7.589495000000000546e-01 5.844500000000002471e-03 4.891842249999999725e-01
7.610700000000000243e-01 1.301500000000010981e-03 4.973667499999999686e-01
7.627255000000000562e-01 -2.962249999999999606e-03 5.053274999999999295e-01
7.581092500000000678e-01 1.505750000000000144e-02 4.936107999999999607e-01
7.603297500000000264e-01 9.627750000000004360e-03 5.013652499999999845e-01
7.618707500000000410e-01 4.241000000000008652e-03 5.088587500000000263e-01
7.572265000000000246e-01 2.404375000000000262e-02 5.003227499999999273e-01
7.594087500000000768e-01 1.829750000000000126e-02 5.076619999999999466e-01
7.609177500000000594e-01 1.251250000000000279e-02 5.150312499999999405e-01
7.554580000000000739e-01 3.175900000000000251e-02 5.089555000000000051e-01
7.576990000000000114e-01 2.539525000000000116e-02 5.154177500000000078e-01
7.592032499999999962e-01 1.932225000000000609e-02 5.222467499999999818e-01
7.520517500000000188e-01 3.786575000000000357e-02 5.181120000000000170e-01
7.543460000000000720e-01 3.137675000000000186e-02 5.239844999999999642e-01
7.560634999999999994e-01 2.484625000000000722e-02 5.297999999999999376e-01
7.476885000000000892e-01 4.193175000000000374e-02 5.269287499999999458e-01
7.501230000000000953e-01 3.480300000000000754e-02 5.317607500000000043e-01
7.524870000000000170e-01 2.782750000000000501e-02 5.362104999999999233e-01
7.448152500000000398e-01 4.786625000000001295e-02 5.369242499999999918e-01
7.475775000000000059e-01 3.985775000000000429e-02 5.400654999999999761e-01
7.503175000000000816e-01 3.203075000000000366e-02 5.430344999999999756e-01
7.392998750000000507e-01 4.921902499999999958e-02 5.464422500000000182e-01
7.425692500000000695e-01 4.123575000000000157e-02 5.480490000000000084e-01
7.462485000000000923e-01 3.322075000000000722e-02 5.493995000000000406e-01
7.328519250000000707e-01 4.586625000000000424e-02 5.525839999999999641e-01
7.353872500000000478e-01 3.919700000000000267e-02 5.531215000000000437e-01
7.400127499999999969e-01 3.173275000000000401e-02 5.536827500000000013e-01
7.294288250000000584e-01 4.022725000000000606e-02 5.630012500000000086e-01
7.317170500000000910e-01 3.503025000000000583e-02 5.616535000000000277e-01
7.356987249999999978e-01 2.879450000000000759e-02 5.601289999999999880e-01
7.174052250000000353e-01 3.794625000000000775e-02 5.654249999999999554e-01
7.215426750000000222e-01 3.071800000000000225e-02 5.674089999999999412e-01
7.246421250000000258e-01 2.267400000000000665e-02 5.686259999999999648e-01
7.070970500000000047e-01 3.167175000000000545e-02 5.712414999999999576e-01
7.126814150000000403e-01 2.472500000000000392e-02 5.714159999999999240e-01
7.177313750000000603e-01 1.750775000000000248e-02 5.716574999999999296e-01
6.981473250000000963e-01 2.029575000000000129e-02 5.733794999999999309e-01
7.054641750000000266e-01 1.451525000000000731e-02 5.732162499999999827e-01
7.127867825000000490e-01 9.069750000000001422e-03 5.729864999999999542e-01
6.922483750000000269e-01 6.527500000000005520e-03 5.705877499999999491e-01
7.008977250000000270e-01 3.345500000000001251e-03 5.708972500000000228e-01
7.093016500000000057e-01 -1.644999999999979812e-04 5.710359999999999880e-01
6.915584000000000175e-01 -6.535499999999999643e-03 5.640612499999999585e-01
7.002224750000000109e-01 -7.818999999999992623e-03 5.652300000000000102e-01
7.086039750000000526e-01 -9.809999999999999276e-03 5.660155000000000047e-01
6.932443500000000647e-01 -1.839525000000000188e-02 5.562834999999999308e-01
7.012691000000000896e-01 -1.841124999999999012e-02 5.581490000000000062e-01
7.093319500000000444e-01 -1.951024999999999288e-02 5.592285000000000172e-01
6.951307750000000896e-01 -2.978549999999999254e-02 5.480205000000000215e-01
7.029759750000000862e-01 -2.948075000000000001e-02 5.500384999999999858e-01
7.113204250000000339e-01 -2.955149999999999444e-02 5.511312499999999615e-01
6.983624250000000089e-01 -4.189174999999999149e-02 5.417980000000000018e-01
7.059487000000000956e-01 -4.103274999999999284e-02 5.435467499999999674e-01
7.137943025000000885e-01 -4.023949999999999749e-02 5.451612500000000416e-01
6.988553750000000564e-01 -5.346075000000000133e-02 5.392684999999999285e-01
7.066098000000000656e-01 -5.249599999999998712e-02 5.409979999999999789e-01
7.143413680000000321e-01 -5.134299999999999975e-02 5.427184999999999926e-01
7.009432500000000177e-01 -6.323974999999998348e-02 5.330969999999999320e-01
7.086087250000000504e-01 -6.204124999999999224e-02 5.349182500000000395e-01
7.163434900000000827e-01 -6.056600000000000872e-02 5.368975000000000275e-01
7.031205250000001072e-01 -6.706324999999999092e-02 5.231164999999999843e-01
7.108328000000000424e-01 -6.602049999999998198e-02 5.247619999999999507e-01
7.185714000000000823e-01 -6.478824999999999168e-02 5.261884999999999479e-01
7.048899000000000692e-01 -6.533774999999999999e-02 5.120454999999999313e-01
7.125277550000000959e-01 -6.442549999999999666e-02 5.135300000000000420e-01
7.202198250000000357e-01 -6.319974999999999898e-02 5.149064999999999337e-01
7.078932500000000294e-01 -6.612524999999999653e-02 4.986639999999999961e-01
7.152118325000000887e-01 -6.541049999999998255e-02 5.005870000000000042e-01
7.226792500000001063e-01 -6.410050000000000470e-02 5.026254999999999473e-01
7.149661275000001037e-01 -6.407374999999998488e-02 4.879642999999999620e-01
7.184421000000000834e-01 -6.128975000000000395e-02 4.898158499999999971e-01
7.250340250000000264e-01 -6.090349999999999930e-02 4.903320749999999784e-01
7.152820300000000131e-01 -5.842500000000000471e-02 4.771764499999999742e-01
7.212289000000000616e-01 -5.930425000000000280e-02 4.792281999999999931e-01
7.284190249999999978e-01 -6.115575000000000871e-02 4.804185749999999588e-01
7.202861000000000402e-01 -5.166299999999998671e-02 4.707603399999999993e-01
7.259742500000000431e-01 -5.363299999999998624e-02 4.724847549999999785e-01
7.330193000000000403e-01 -5.563275000000000858e-02 4.735758824999999894e-01
7.265334500000000251e-01 -4.322399999999999853e-02 4.677905249999999571e-01
7.306209500000000467e-01 -4.487075000000000091e-02 4.677879500000000079e-01
7.371813249999999984e-01 -4.728549999999999420e-02 4.674042499999999656e-01
7.299185500000000548e-01 -3.395874999999999588e-02 4.686537249999999655e-01
7.358575250000000123e-01 -3.546325000000000172e-02 4.700862474999999985e-01
7.427230000000000221e-01 -3.714999999999998859e-02 4.702846149999999614e-01
7.319743750000000659e-01 -2.568424999999999181e-02 4.665026499999999632e-01
7.379358000000000306e-01 -2.556150000000000089e-02 4.674249500000000057e-01
7.448555000000000037e-01 -2.624749999999999306e-02 4.670834749999999702e-01
7.343479000000000534e-01 -1.534175000000000122e-02 4.646578499999999834e-01
7.389925000000000521e-01 -1.485000000000000209e-02 4.669909499999999603e-01
7.454077500000000356e-01 -1.436024999999999108e-02 4.664805499999999938e-01
7.321857500000000796e-01 -4.221749999999996339e-03 4.669185999999999614e-01
7.366228250000000921e-01 -3.961249999999999494e-03 4.690214999999999801e-01
7.429747500000000171e-01 -2.597749999999995896e-03 4.685312749999999693e-01
7.254994000000000165e-01 6.256499999999998174e-03 4.713709349999999909e-01
7.318289500000000336e-01 7.933500000000009988e-03 4.718366097499999690e-01
7.386120999999999936e-01 9.172750000000007287e-03 4.712019100000000016e-01
7.211361250000000167e-01 1.702625000000000666e-02 4.774019749999999784e-01
7.277643750000000189e-01 1.838150000000000200e-02 4.769937249999999795e-01
7.343816499999999969e-01 1.954900000000000387e-02 4.762926249999999695e-01
7.213741750000000064e-01 2.500575000000000714e-02 4.872288499999999911e-01
7.257871500000000475e-01 2.456925000000000775e-02 4.872800499999999646e-01
7.322613250000000740e-01 2.542075000000000584e-02 4.860330250000000074e-01
7.291972250000000599e-01 2.505075000000000357e-02 4.992174999999999807e-01
7.293344250000000084e-01 2.497500000000000414e-02 4.988827499999999859e-01
7.339356750000000096e-01 2.452950000000000269e-02 4.962240249999999575e-01
7.328334499999999974e-01 1.257275000000000753e-02 5.107302499999999412e-01
7.358424749999999959e-01 1.558700000000000363e-02 5.058217499999999589e-01
7.394026000000000209e-01 1.827675000000000133e-02 5.009049999999999336e-01
7.391379500000000435e-01 8.155000000000106608e-04 5.095294999999999686e-01
7.414385000000000003e-01 5.137000000000002675e-03 5.037582499999999630e-01
7.448885000000000645e-01 9.101250000000005169e-03 4.984747499999999665e-01
7.459347500000000908e-01 -1.023425000000000029e-02 5.018825000000000092e-01
7.480282500000000612e-01 -4.400249999999994444e-03 4.963301249999999554e-01
7.508927499999999977e-01 -8.247499999999990949e-04 4.912841749999999896e-01
7.469977500000000159e-01 -2.084649999999999004e-02 4.927639249999999915e-01
7.501285000000000869e-01 -1.482324999999999615e-02 4.874966749999999904e-01
7.536300000000000221e-01 -1.106024999999999370e-02 4.800648999999999611e-01
7.386983750000000182e-01 -2.411474999999999036e-02 4.888509749999999654e-01
7.441000000000000947e-01 -2.122749999999999637e-02 4.795394749999999928e-01
7.482942500000000496e-01 -1.799924999999999442e-02 4.707371750000000077e-01
7.394512500000000044e-01 -3.228949999999999876e-02 4.821276499999999632e-01
7.449712500000000848e-01 -3.120874999999999344e-02 4.767536249999999587e-01
7.485765000000000891e-01 -2.868549999999998878e-02 4.689605499999999760e-01
7.456685000000000674e-01 -4.149049999999999960e-02 4.803500499999999729e-01
7.482604999999999951e-01 -4.073424999999999963e-02 4.749387749999999797e-01
7.506857500000000405e-01 -3.879399999999999515e-02 4.681970249999999889e-01
7.446512500000000978e-01 -4.861499999999999155e-02 4.769628499999999938e-01
7.459532500000000121e-01 -4.808699999999999086e-02 4.711657099999999598e-01
7.473875000000000934e-01 -4.638499999999999568e-02 4.649500749999999627e-01
7.388083750000000727e-01 -4.716474999999999140e-02 4.746797999999999851e-01
7.382312000000000873e-01 -4.820049999999999335e-02 4.687180499999999972e-01
7.386809250000000437e-01 -4.788924999999999432e-02 4.673450749999999987e-01
7.306628500000000859e-01 -4.718124999999999403e-02 4.757499249999999624e-01
7.291887500000000522e-01 -4.511199999999999932e-02 4.700101999999999891e-01
7.280956250000000241e-01 -4.397624999999999451e-02 4.680227750000000020e-01
7.273975000000000302e-01 -4.097024999999999972e-02 4.785363999999999729e-01
7.249970750000001019e-01 -3.850449999999999706e-02 4.735118549999999815e-01
7.229347000000000412e-01 -3.595899999999999097e-02 4.691475250000000097e-01
7.313480500000000273e-01 -3.202549999999999841e-02 4.804630999999999763e-01
7.282403000000000626e-01 -2.969849999999998880e-02 4.758867499999999695e-01
7.252584250000000399e-01 -2.730099999999999194e-02 4.712867550000000016e-01
7.388708999999999971e-01 -2.342400000000000038e-02 4.777115249999999702e-01
7.348098750000000567e-01 -2.196524999999999173e-02 4.735857649999999919e-01
7.307952000000000892e-01 -2.052799999999999070e-02 4.693580249999999565e-01
7.426107500000000972e-01 -1.299099999999998867e-02 4.770448749999999793e-01
7.380932000000000048e-01 -1.213024999999999520e-02 4.733512749999999603e-01
7.335581000000001017e-01 -1.132749999999999035e-02 4.696117624999999740e-01
7.433070000000000510e-01 -1.877749999999997477e-03 4.792665499999999579e-01
7.383520000000000083e-01 -1.390249999999995656e-03 4.762223749999999756e-01
7.333883500000000222e-01 -9.264999999999967706e-04 4.732534924999999837e-01
7.417870000000000852e-01 9.883000000000002894e-03 4.843502249999999676e-01
7.369189750000000316e-01 9.664249999999999230e-03 4.811743749999999875e-01
7.316633750000000047e-01 9.066249999999997922e-03 4.784774499999999708e-01
7.366757750000000327e-01 1.940175000000000233e-02 4.908282999999999952e-01
7.327801250000000044e-01 1.866575000000000178e-02 4.874853999999999576e-01
7.275808500000000567e-01 1.771775000000000433e-02 4.849384749999999800e-01
7.291569250000000668e-01 2.496575000000000183e-02 4.993879999999999986e-01
7.269821250000000346e-01 2.483825000000000616e-02 4.956026249999999633e-01
7.231180500000000677e-01 2.597050000000000747e-02 4.915268749999999742e-01
7.261392750000000840e-01 3.537475000000000341e-02 5.049277500000000085e-01
7.215759999999999952e-01 3.428450000000000247e-02 5.013662500000000133e-01
7.170818750000000907e-01 3.323850000000000415e-02 4.977347500000000036e-01
7.206600000000000783e-01 4.166700000000000265e-02 5.127722500000000405e-01
7.157913100000000695e-01 4.040225000000000760e-02 5.097077500000000150e-01
7.108966000000001006e-01 3.917675000000000324e-02 5.066737500000000338e-01
7.167500400000000882e-01 4.945687500000000431e-02 5.194759999999999378e-01
7.114869249999999923e-01 4.836400000000000421e-02 5.168847500000000039e-01
7.061868500000000326e-01 4.731650000000000439e-02 5.143784999999999608e-01
7.136820100000000888e-01 5.514307499999999973e-02 5.276542499999999913e-01
7.081779750000000151e-01 5.411140000000000394e-02 5.257110000000000394e-01
7.025778750000000183e-01 5.308207500000000634e-02 5.238104999999999567e-01
7.128570025000000587e-01 5.794140000000000401e-02 5.363802500000000029e-01
7.069715750000000742e-01 5.753217500000000484e-02 5.362387499999999863e-01
7.011175750000000484e-01 5.721207500000000112e-02 5.363102499999999884e-01
7.145520740000000925e-01 6.250980000000000425e-02 5.437707499999999694e-01
7.087959000000000342e-01 6.298232500000000567e-02 5.451565000000000438e-01
7.031037750000000974e-01 6.347339999999999927e-02 5.466232500000000050e-01
7.181945250000000280e-01 6.516865000000000852e-02 5.505877500000000424e-01
7.130339975000000718e-01 6.584760000000000613e-02 5.534310000000000063e-01
7.077087250000000385e-01 6.656780000000001030e-02 5.564350000000000129e-01
7.236020750000000668e-01 6.397982500000000405e-02 5.556482499999999547e-01
7.192207750000000344e-01 6.459750000000000214e-02 5.600494999999999779e-01
7.145705150000000172e-01 6.530805000000000637e-02 5.644112500000000310e-01
7.286611250000000206e-01 5.935430000000000567e-02 5.585139999999999549e-01
7.251149749999999949e-01 5.930867500000000514e-02 5.638425000000000242e-01
7.213378250000000991e-01 5.932327500000000864e-02 5.691432499999999894e-01
7.330000750000000842e-01 5.173555000000000514e-02 5.575212499999999682e-01
7.299588750000000070e-01 5.139710000000000112e-02 5.629807500000000298e-01
7.268567250000000923e-01 5.067665000000000364e-02 5.685347499999999776e-01
7.314717250000000170e-01 4.254850000000000299e-02 5.555244999999999767e-01
7.298103250000000930e-01 4.138375000000000387e-02 5.613737500000000047e-01
7.277597749999999976e-01 4.126525000000000332e-02 5.632304999999999673e-01
7.370300250000000331e-01 2.808575000000000654e-02 5.553157499999999969e-01
7.336079500000000087e-01 2.912500000000000505e-02 5.609927500000000400e-01
7.294919500000000001e-01 2.771700000000000552e-02 5.634167500000000217e-01
7.384214500000000347e-01 9.844000000000005524e-03 5.568712499999999288e-01
7.357217500000000632e-01 1.209525000000000183e-02 5.639834999999999710e-01
7.331419750000000013e-01 1.289100000000000662e-02 5.711224999999999774e-01
7.434342500000000742e-01 -7.258249999999993873e-03 5.596052499999999430e-01
7.406032500000000462e-01 -3.836749999999999883e-03 5.680542499999999828e-01
7.376447000000000420e-01 -1.589499999999993696e-03 5.767567499999999292e-01
7.462422500000001069e-01 -1.998400000000000176e-02 5.602584999999999926e-01
7.431920000000000748e-01 -1.644824999999999759e-02 5.709242500000000220e-01
7.399232500000000323e-01 -1.361824999999999841e-02 5.808332499999999676e-01
7.499352500000000532e-01 -2.783399999999999763e-02 5.609992499999999493e-01
7.475165000000000282e-01 -2.600650000000000184e-02 5.719492499999999646e-01
7.444827500000000819e-01 -2.347599999999999687e-02 5.819830000000000281e-01
7.530612500000000153e-01 -3.182174999999999587e-02 5.639689999999999426e-01
7.520809999999999995e-01 -3.182799999999999518e-02 5.725974999999999815e-01
7.513377500000000264e-01 -3.185724999999998974e-02 5.808394999999999531e-01
7.597567500000000917e-01 -3.405599999999998906e-02 5.646522499999999667e-01
7.609765000000000557e-01 -3.493349999999999234e-02 5.716440000000000410e-01
7.621802500000001146e-01 -3.564099999999999213e-02 5.781682499999999392e-01
7.660902500000000837e-01 -3.362574999999999592e-02 5.626974999999999616e-01
7.696372500000000505e-01 -3.421924999999999273e-02 5.672274999999999956e-01
7.732340000000000879e-01 -3.475124999999999742e-02 5.720750000000000002e-01
7.691722500000000018e-01 -3.585850000000000148e-02 5.576444999999999874e-01
7.741437500000000194e-01 -3.753650000000000042e-02 5.588309999999999667e-01
7.793935000000000723e-01 -3.939124999999998877e-02 5.596052499999999430e-01
7.683145000000000113e-01 -3.791049999999999975e-02 5.501307500000000017e-01
7.728102500000000319e-01 -4.037674999999998904e-02 5.479190000000000449e-01
7.775317500000000770e-01 -4.295899999999999719e-02 5.454399999999999249e-01
7.639280000000000515e-01 -3.745424999999999449e-02 5.421369999999999800e-01
7.671917500000000611e-01 -3.977725000000000011e-02 5.376710000000000100e-01
7.704080000000000927e-01 -4.207774999999999710e-02 5.330247499999999361e-01
7.577847500000000069e-01 -3.387649999999998995e-02 5.348247499999999599e-01
7.604845000000000077e-01 -3.588700000000000223e-02 5.291464999999999641e-01
7.631337500000000551e-01 -3.787474999999999870e-02 5.234242500000000353e-01
7.489475000000000993e-01 -3.198624999999999385e-02 5.257317499999999422e-01
7.519097500000000434e-01 -3.404499999999999194e-02 5.204699999999999882e-01
7.548640000000000905e-01 -3.607624999999999027e-02 5.152900000000000258e-01
7.439735000000000653e-01 -2.490249999999999408e-02 5.151569999999999760e-01
7.475562500000000332e-01 -2.759525000000000172e-02 5.102590000000000181e-01
7.510762500000000008e-01 -3.023824999999999430e-02 5.053455000000000030e-01
7.445222500000000521e-01 -1.485049999999998871e-02 5.023575000000000124e-01
7.461407500000000192e-01 -1.742849999999999955e-02 4.972519999999999718e-01
7.469077500000000924e-01 -2.016274999999999318e-02 4.932513499999999773e-01
7.504450000000000287e-01 -3.332749999999995438e-03 4.896001749999999708e-01
7.518917500000000809e-01 -6.930499999999992222e-03 4.851746749999999997e-01
7.532337500000000352e-01 -9.118500000000001604e-03 4.818680499999999922e-01
7.615210000000000035e-01 4.445249999999997814e-03 4.829619749999999878e-01
7.646975000000000300e-01 6.892500000000023608e-04 4.791684499999999680e-01
7.670557500000000362e-01 -2.081749999999993328e-03 4.748769999999999936e-01
7.727877499999999955e-01 1.174100000000000837e-02 4.793927499999999786e-01
7.759590000000000654e-01 7.790000000000005254e-03 4.759516249999999893e-01
7.783927500000000776e-01 4.712000000000007849e-03 4.713415349999999782e-01
7.843157500000000892e-01 1.792750000000001287e-02 4.797280499999999615e-01
7.871072500000000360e-01 1.360650000000001442e-02 4.763497499999999607e-01
7.900552499999999867e-01 1.030975000000000641e-02 4.715436174999999563e-01
7.951202500000000839e-01 2.569875000000001325e-02 4.785172500000000051e-01
7.975172500000000664e-01 2.117550000000001376e-02 4.753830249999999591e-01
8.007372500000000670e-01 1.714325000000001264e-02 4.720773127499999777e-01
8.052657500000000024e-01 3.428000000000001185e-02 4.771031499999999759e-01
8.082035000000000746e-01 2.986975000000001434e-02 4.739239624999999623e-01
8.110780000000000767e-01 2.543550000000001365e-02 4.707855149999999878e-01
8.133272500000000571e-01 4.074425000000000963e-02 4.769130999999999787e-01
8.159702500000000081e-01 3.608700000000001490e-02 4.739072999999999758e-01
8.184825000000000017e-01 3.142150000000001192e-02 4.709362249999999861e-01
8.197765000000000191e-01 4.611300000000001509e-02 4.749531249999999760e-01
8.220979999999999954e-01 4.115950000000000858e-02 4.722041034999999720e-01
8.244137500000000562e-01 3.629450000000001425e-02 4.694331999999999949e-01
8.269975000000000520e-01 4.952987500000001486e-02 4.727202174999999840e-01
8.288050000000000139e-01 4.422625000000000861e-02 4.702188724999999958e-01
8.306710000000000482e-01 3.889475000000001265e-02 4.676755999999999691e-01
8.336337500000000622e-01 5.126157500000001060e-02 4.721275924999999707e-01
8.354127500000000373e-01 4.569550000000001388e-02 4.696294399999999536e-01
8.371855000000000269e-01 4.004750000000001364e-02 4.671486499999999986e-01
8.399967500000000697e-01 5.354215000000001057e-02 4.705294199999999760e-01
8.417590000000000350e-01 4.793050000000001476e-02 4.681394249999999979e-01
8.434950000000001058e-01 4.226425000000001014e-02 4.657708249999999994e-01
8.482410000000000228e-01 5.632737500000001285e-02 4.695332149999999483e-01
8.498727500000000656e-01 5.043515000000001192e-02 4.672097249999999646e-01
8.515832500000000138e-01 4.461200000000001276e-02 4.649203999999999559e-01
8.566805000000000669e-01 5.899077500000000918e-02 4.689799499999999788e-01
8.582047500000000717e-01 5.282875000000001459e-02 4.667465499999999823e-01
8.598500000000000032e-01 4.674950000000001327e-02 4.645486499999999519e-01
8.651555000000000772e-01 6.089895000000001418e-02 4.689827249999999892e-01
8.664245000000000418e-01 5.445980000000001653e-02 4.668354499999999851e-01
8.678492500000000165e-01 4.804725000000001356e-02 4.647320749999999667e-01
8.739240000000000341e-01 6.233347500000001318e-02 4.688952750000000003e-01
8.756492500000000456e-01 5.561477500000001906e-02 4.667674749999999873e-01
8.773220000000000462e-01 4.876775000000001248e-02 4.647145499999999485e-01
8.822337500000000388e-01 6.545460000000001555e-02 4.692884499999999681e-01
8.847167500000000517e-01 5.811805000000001831e-02 4.670556499999999889e-01
8.870275000000000798e-01 5.050180000000001335e-02 4.649097499999999550e-01
8.903360000000000163e-01 6.966812500000001129e-02 4.696610424999999589e-01
8.936812499999999826e-01 6.202595000000001718e-02 4.673776499999999778e-01
8.968655000000000932e-01 5.396125000000001615e-02 4.652028499999999456e-01
8.967567499999999914e-01 7.672562500000001950e-02 4.701905049999999808e-01
9.012955000000000272e-01 6.718817500000001663e-02 4.674889749999999733e-01
9.051612500000000283e-01 5.802935000000001425e-02 4.651202249999999982e-01
9.044592500000000479e-01 8.222875000000001711e-02 4.697475224999999588e-01
9.087717500000001003e-01 7.244433500000001247e-02 4.671294499999999461e-01
9.129457500000000003e-01 6.265137500000000914e-02 4.647223499999999508e-01
9.135040000000000937e-01 8.598432500000001422e-02 4.697240774999999480e-01
9.171050000000000590e-01 7.791567500000001756e-02 4.675924499999999928e-01
9.208267500000000272e-01 6.983795000000002362e-02 4.655559999999999699e-01
9.236792500000000627e-01 9.071150000000001434e-02 4.697765174999999904e-01
9.270507500000000345e-01 8.339780000000002191e-02 4.678628499999999968e-01
9.305092500000000655e-01 7.604322250000002115e-02 4.659777499999999684e-01
9.469212500000000476e-01 9.354705000000002046e-02 4.681643499999999514e-01
