5.146395000000000275e-01 -2.913350000000000661e-02 4.810538750000000197e-01
5.593982500000000968e-01 -3.677575000000000982e-02 4.702632099999999871e-01
5.567707500000000920e-01 -4.448725000000000596e-02 4.796115499999999976e-01
5.543937500000000185e-01 -5.226424999999998433e-02 4.890583000000000014e-01
5.700040000000000662e-01 -4.088925000000001586e-02 4.694570000000000132e-01
5.672490000000000032e-01 -4.862025000000000374e-02 4.788095749999999873e-01
5.649837500000000068e-01 -5.652050000000000129e-02 4.884218499999999907e-01
5.798170000000000268e-01 -4.594675000000000842e-02 4.681491999999999876e-01
5.771610000000000351e-01 -5.251374999999999793e-02 4.780720749999999852e-01
5.744392500000000679e-01 -6.032199999999998674e-02 4.878221500000000099e-01
5.898135000000001016e-01 -4.731475000000000264e-02 4.699759199999999915e-01
5.868032499999999985e-01 -5.337249999999998940e-02 4.791924499999999920e-01
5.847262500000000029e-01 -6.083274999999999100e-02 4.884563249999999690e-01
5.983097500000000846e-01 -4.968175000000001063e-02 4.701545274999999746e-01
5.957430000000000225e-01 -5.552424999999999722e-02 4.789149999999999796e-01
5.940067500000000278e-01 -6.289025000000000865e-02 4.878602499999999953e-01
6.049632500000000634e-01 -5.235424999999999107e-02 4.700130475000000030e-01
6.028900000000000370e-01 -5.823049999999999060e-02 4.785931749999999818e-01
6.012210000000000054e-01 -6.540099999999998692e-02 4.872525249999999919e-01
6.109767500000000684e-01 -5.477574999999998417e-02 4.685348750000000173e-01
6.099867500000000220e-01 -6.122774999999999745e-02 4.770096999999999809e-01
6.090630000000000210e-01 -6.857024999999999926e-02 4.854369499999999782e-01
6.185515000000000319e-01 -5.632000000000000894e-02 4.667537999999999965e-01
6.179387500000000921e-01 -6.325724999999998710e-02 4.750467250000000030e-01
6.176395000000000080e-01 -7.039175000000000293e-02 4.832844749999999912e-01
6.285475000000000367e-01 -5.720424999999998428e-02 4.652628500000000056e-01
6.283245000000000635e-01 -6.438725000000000698e-02 4.736977474999999882e-01
6.277097500000000663e-01 -7.136100000000000776e-02 4.819383500000000153e-01
6.397007500000000402e-01 -5.734500000000000708e-02 4.646547500000000053e-01
6.394627500000000797e-01 -6.442749999999999866e-02 4.730205299999999946e-01
6.393167500000001002e-01 -7.135025000000000395e-02 4.812933500000000087e-01
6.525230000000000752e-01 -5.598249999999999060e-02 4.644995499999999833e-01
6.519577500000000025e-01 -6.279999999999999472e-02 4.727148299999999748e-01
6.516127500000000738e-01 -6.977099999999999969e-02 4.812802749999999796e-01
6.663922500000000193e-01 -5.316374999999998185e-02 4.643683499999999853e-01
6.665677500000000144e-01 -5.985674999999998636e-02 4.728788549999999868e-01
6.667990000000000306e-01 -6.641474999999999462e-02 4.813462749999999901e-01
6.810132500000000144e-01 -4.830624999999999503e-02 4.669204750000000015e-01
6.823505000000000820e-01 -5.577050000000000063e-02 4.747222500000000123e-01
6.833737500000000020e-01 -6.120524999999998883e-02 4.824116499999999697e-01
6.968424250000000431e-01 -4.306149999999998867e-02 4.683548750000000038e-01
6.970033500000000215e-01 -4.944250000000000034e-02 4.764471999999999596e-01
6.970295750000000679e-01 -5.296224999999998850e-02 4.844806999999999864e-01
7.101459500000000258e-01 -3.721900000000000208e-02 4.736684774999999625e-01
7.104321000000000108e-01 -4.318624999999999547e-02 4.804445749999999848e-01
7.097356500000000512e-01 -4.504099999999999770e-02 4.870942749999999655e-01
7.211028500000000729e-01 -3.238225000000000131e-02 4.800305999999999740e-01
7.215690750000000042e-01 -3.561049999999998938e-02 4.848256249999999823e-01
7.233087750000000149e-01 -4.076124999999999887e-02 4.930372000000000088e-01
7.324319500000000538e-01 -2.611274999999999014e-02 4.833296249999999850e-01
7.326398750000000515e-01 -2.765524999999999234e-02 4.870226749999999605e-01
7.340840750000000581e-01 -3.169199999999999795e-02 4.961096249999999985e-01
7.402087500000000819e-01 -1.648299999999999765e-02 4.824797499999999850e-01
7.399955000000000283e-01 -1.994474999999999720e-02 4.884052749999999721e-01
7.436297500000000893e-01 -2.537949999999999928e-02 4.962946500000000039e-01
7.470620000000000038e-01 -9.780249999999990340e-03 4.814758499999999830e-01
7.468037500000000994e-01 -1.224974999999998981e-02 4.899813499999999822e-01
7.497894999999999976e-01 -1.733149999999999968e-02 4.979664999999999786e-01
7.516780000000000683e-01 -8.610000000000006537e-04 4.835756749999999826e-01
7.532845000000000235e-01 -5.629749999999988930e-03 4.915075999999999889e-01
7.557422500000000598e-01 -1.099449999999999039e-02 4.994449999999999723e-01
7.551177500000000320e-01 6.715750000000006437e-03 4.849063999999999597e-01
7.576785000000000325e-01 1.974000000000003530e-03 4.931200000000000028e-01
7.602650000000000796e-01 -2.862999999999990552e-03 5.012514999999999610e-01
7.583972500000000228e-01 1.296250000000000180e-02 4.900323249999999908e-01
7.597262500000000474e-01 1.003175000000000594e-02 4.952839749999999874e-01
7.617970000000000574e-01 5.639000000000005119e-03 5.030704999999999760e-01
7.590000000000000080e-01 2.222275000000000639e-02 4.948735999999999691e-01
7.601735000000000575e-01 1.845800000000000218e-02 4.991430000000000033e-01
7.619602500000000056e-01 1.297525000000000761e-02 5.065132500000000260e-01
7.583415000000000017e-01 3.315175000000000760e-02 4.981664999999999566e-01
7.606207500000000676e-01 2.724975000000000314e-02 5.053472500000000256e-01
7.622805000000000275e-01 2.136350000000000748e-02 5.125862500000000210e-01
7.580932500000000518e-01 4.110625000000000390e-02 5.068557499999999383e-01
7.602627500000000982e-01 3.453675000000000495e-02 5.131247500000000183e-01
7.618000000000000327e-01 2.832075000000000564e-02 5.197817499999999313e-01
7.560645000000000282e-01 4.753800000000001080e-02 5.162852500000000289e-01
7.581967500000000859e-01 4.079750000000000737e-02 5.219214999999999272e-01
7.598080000000000389e-01 3.404975000000000362e-02 5.274624999999999453e-01
7.527705000000000091e-01 5.193362500000001103e-02 5.255697499999999467e-01
7.549164999999999903e-01 4.449100000000000971e-02 5.300247499999999334e-01
7.569987500000000535e-01 3.722725000000000339e-02 5.340897500000000298e-01
7.510950000000000681e-01 5.782127500000000531e-02 5.360970000000000457e-01
7.533760000000000456e-01 4.947122500000000755e-02 5.386452499999999644e-01
7.556737500000000329e-01 4.134400000000000575e-02 5.410690000000000222e-01
7.462290000000000312e-01 5.911395000000000538e-02 5.460949999999999971e-01
7.489557500000000312e-01 5.082372500000000709e-02 5.469327499999999675e-01
7.520887500000000836e-01 4.250750000000000361e-02 5.475977499999999942e-01
7.400800000000000711e-01 5.587370000000000531e-02 5.522894999999999888e-01
7.418412500000000076e-01 4.901360000000000439e-02 5.520812499999999678e-01
7.459054999999999991e-01 4.121400000000000757e-02 5.518804999999999961e-01
7.360739250000000178e-01 4.877425000000000510e-02 5.622857500000000286e-01
7.380786500000000583e-01 4.382700000000000484e-02 5.601544999999999996e-01
7.417875000000000441e-01 3.770575000000000315e-02 5.576969999999999983e-01
7.239902000000000282e-01 4.645525000000000349e-02 5.642800000000000038e-01
7.277885250000000195e-01 3.882475000000000509e-02 5.651094999999999313e-01
7.304832250000000693e-01 3.054000000000000464e-02 5.650914999999999688e-01
7.135466050000000005e-01 3.995600000000000540e-02 5.689649999999999430e-01
7.186081500000000011e-01 3.259950000000000347e-02 5.681205000000000283e-01
7.231231500000000478e-01 2.529325000000000323e-02 5.677412499999999751e-01
7.038688250000000313e-01 2.906000000000000250e-02 5.696869999999999434e-01
7.106619500000000977e-01 2.268650000000000527e-02 5.686324999999999852e-01
7.175100000000000922e-01 1.667925000000000657e-02 5.675535000000000441e-01
6.967315500000000883e-01 1.635050000000000392e-02 5.655930000000000124e-01
7.050051000000000512e-01 1.219875000000000126e-02 5.652449999999999974e-01
7.130213125000000041e-01 7.820000000000007501e-03 5.646875000000000089e-01
6.943441750000000079e-01 4.063750000000004858e-03 5.581967500000000193e-01
7.028124750000001031e-01 1.543250000000009892e-03 5.587725000000000053e-01
7.109165250000000214e-01 -1.618999999999995443e-03 5.589412499999999451e-01
6.935782750000000219e-01 -7.480000000000000537e-03 5.501344999999999708e-01
7.016311750000000513e-01 -8.824749999999992323e-03 5.513559999999999572e-01
7.094446750000000801e-01 -1.142925000000000191e-02 5.518762499999999571e-01
6.923885750000000616e-01 -1.946225000000000038e-02 5.432960000000000012e-01
7.003243250000000808e-01 -2.054224999999999801e-02 5.445845000000000269e-01
7.084961750000000613e-01 -2.248324999999999629e-02 5.449777499999999275e-01
6.922392000000000545e-01 -3.220024999999999971e-02 5.386882499999999796e-01
6.999915500000000179e-01 -3.296174999999999800e-02 5.395982499999999460e-01
7.079239999999999977e-01 -3.396599999999999620e-02 5.404335000000000111e-01
6.897595499999999991e-01 -4.346599999999999075e-02 5.377192499999999820e-01
6.976857250000000343e-01 -4.423674999999999136e-02 5.385727499999999335e-01
7.056060000000000665e-01 -4.492749999999999522e-02 5.394167500000000004e-01
6.887987500000000152e-01 -5.339649999999998564e-02 5.323204999999999742e-01
6.966880500000000032e-01 -5.399575000000000902e-02 5.332850000000000090e-01
7.047240500000000463e-01 -5.438899999999999291e-02 5.342945000000000055e-01
6.888960000000000639e-01 -5.709949999999999748e-02 5.224882499999999874e-01
6.967732750000000808e-01 -5.793924999999999770e-02 5.232379999999999809e-01
7.046953250000000946e-01 -5.854499999999998594e-02 5.237224999999999797e-01
6.897844500000001045e-01 -5.476624999999998855e-02 5.116502499999999731e-01
6.975510750000000204e-01 -5.576349999999999363e-02 5.121949999999999559e-01
7.054181750000000362e-01 -5.639449999999998631e-02 5.126567499999999944e-01
6.912199750000000975e-01 -5.487775000000000292e-02 4.978730000000000100e-01
6.986583750000000537e-01 -5.604850000000000110e-02 4.989737499999999937e-01
7.063768000000000269e-01 -5.669299999999999340e-02 5.002042500000000169e-01
6.978197250000000018e-01 -5.363075000000000481e-02 4.864527999999999630e-01
7.019069250000000704e-01 -5.177850000000000508e-02 4.882140499999999550e-01
7.084153250000000401e-01 -5.302075000000000538e-02 4.881206499999999893e-01
6.992337000000000691e-01 -4.779849999999999377e-02 4.757416749999999750e-01
7.043984500000000093e-01 -4.953474999999998851e-02 4.775753249999999950e-01
7.109631000000000700e-01 -5.317500000000000004e-02 4.780030999999999586e-01
7.048882750000000641e-01 -4.118474999999999220e-02 4.697480774999999720e-01
7.099921000000000149e-01 -4.463799999999999712e-02 4.708489399999999936e-01
7.163517550000000345e-01 -4.840674999999999839e-02 4.711917399999999700e-01
7.128815400000000357e-01 -3.433074999999999322e-02 4.667823749999999716e-01
7.163292800000000682e-01 -3.700799999999999923e-02 4.661839499999999581e-01
7.220395750000000445e-01 -4.092599999999999016e-02 4.651572250000000075e-01
7.186098250000000354e-01 -2.631875000000000187e-02 4.678372499999999823e-01
7.240553500000000975e-01 -2.936599999999998933e-02 4.686530749999999745e-01
7.302508000000000887e-01 -3.274399999999999533e-02 4.681541999999999648e-01
7.225562250000000519e-01 -1.872849999999999515e-02 4.658753499999999659e-01
7.284052750000000742e-01 -2.016874999999999918e-02 4.662508249999999799e-01
7.348697000000000701e-01 -2.255775000000000141e-02 4.652519749999999843e-01
7.273436500000000082e-01 -9.269749999999993273e-03 4.641685249999999985e-01
7.321412750000000358e-01 -1.004399999999999737e-02 4.660687499999999761e-01
7.384072250000000004e-01 -1.114624999999999644e-02 4.649783499999999847e-01
7.282226250000000123e-01 1.912000000000010913e-03 4.667598000000000025e-01
7.327431250000000507e-01 1.018249999999998323e-03 4.684611999999999665e-01
7.391681250000000647e-01 8.044999999999996598e-04 4.674125000000000085e-01
7.246861250000000698e-01 1.353925000000000267e-02 4.717806717499999913e-01
7.312452750000000279e-01 1.364425000000000360e-02 4.716994649999999845e-01
7.380481250000000548e-01 1.323950000000000127e-02 4.704782624999999663e-01
7.235423750000000709e-01 2.488000000000000628e-02 4.781335499999999628e-01
7.302471249999999969e-01 2.464225000000000443e-02 4.771632499999999832e-01
7.368720000000000825e-01 2.423550000000000704e-02 4.759075999999999862e-01
7.264832500000000248e-01 3.235800000000000481e-02 4.878892249999999819e-01
7.306578000000000239e-01 3.089250000000000329e-02 4.875586249999999677e-01
7.370278749999999990e-01 3.022475000000000162e-02 4.857754249999999829e-01
7.350813500000000777e-01 3.027325000000000155e-02 4.991317499999999852e-01
7.351684000000000552e-01 3.017575000000000118e-02 4.987869999999999804e-01
7.393166500000000196e-01 2.874000000000000166e-02 4.957527749999999789e-01
7.369649500000000630e-01 1.697100000000000691e-02 5.102314999999999490e-01
7.400885000000000380e-01 1.938925000000000370e-02 5.050715000000000066e-01
7.438197500000000018e-01 2.142125000000000279e-02 5.000415000000000276e-01
7.420845000000000358e-01 4.489500000000007374e-03 5.089012499999999717e-01
7.450337500000000501e-01 7.499000000000005661e-03 5.038270000000000248e-01
7.496360000000000801e-01 1.087775000000000547e-02 4.992907500000000054e-01
7.468682500000000113e-01 -7.363250000000001738e-03 5.010215000000000085e-01
7.479600000000000692e-01 -2.587999999999993084e-03 4.950016999999999889e-01
7.513857500000000744e-01 3.150000000000374722e-05 4.903470249999999919e-01
7.419942500000000773e-01 -1.814249999999999197e-02 4.912622999999999851e-01
7.452210000000000223e-01 -1.187275000000000136e-02 4.857841999999999993e-01
7.481889999999999930e-01 -8.413749999999997620e-03 4.779591999999999730e-01
7.331601250000000514e-01 -2.003649999999999876e-02 4.876614999999999700e-01
7.377005250000000514e-01 -1.768749999999999489e-02 4.784635749999999743e-01
7.426062500000000233e-01 -1.604250000000000120e-02 4.690139749999999719e-01
7.321878750000000435e-01 -2.840449999999999919e-02 4.812733499999999887e-01
7.373453250000000514e-01 -2.829399999999999971e-02 4.754567999999999572e-01
7.409192500000000292e-01 -2.663124999999999520e-02 4.674836249999999582e-01
7.367072000000000065e-01 -3.853374999999999162e-02 4.794121000000000077e-01
7.390339500000000506e-01 -3.837449999999999195e-02 4.738173874999999646e-01
7.413137499999999935e-01 -3.702300000000000035e-02 4.668906999999999918e-01
7.344199500000000436e-01 -4.562474999999999170e-02 4.763543999999999556e-01
7.354158250000000230e-01 -4.551550000000000040e-02 4.704590624999999693e-01
7.367145250000000090e-01 -4.427475000000000160e-02 4.641310249999999749e-01
7.285405750000000236e-01 -4.358724999999999405e-02 4.742174724999999591e-01
7.275528500000000287e-01 -4.483025000000000204e-02 4.683352499999999807e-01
7.280297500000000310e-01 -4.456849999999999701e-02 4.670735749999999631e-01
7.204669750000000095e-01 -4.246350000000000124e-02 4.752188249999999559e-01
7.189894000000000007e-01 -4.068174999999998875e-02 4.696035124999999866e-01
7.180233250000001011e-01 -3.949599999999998945e-02 4.676695499999999894e-01
7.180410249999999994e-01 -3.551875000000000171e-02 4.772387750000000040e-01
7.155840549999999967e-01 -3.345099999999999463e-02 4.726119824999999719e-01
7.137353124999999965e-01 -3.108400000000000052e-02 4.680534749999999966e-01
7.226391500000000079e-01 -2.708049999999999347e-02 4.789224249999999850e-01
7.197079000000000670e-01 -2.487274999999999903e-02 4.741745324999999678e-01
7.169137875000000104e-01 -2.260524999999999340e-02 4.693925499999999640e-01
7.308849750000000478e-01 -1.947524999999999951e-02 4.753416749999999635e-01
7.269184499999999938e-01 -1.804224999999999579e-02 4.711182749999999753e-01
7.229975750000000589e-01 -1.664299999999999113e-02 4.667879999999999807e-01
7.354843250000000499e-01 -9.537249999999997119e-03 4.736853249999999904e-01
7.310186499999999921e-01 -8.625499999999994283e-03 4.699425399999999642e-01
7.265307500000000029e-01 -7.771249999999993441e-03 4.661561750000000059e-01
7.370936500000000446e-01 1.589750000000000885e-03 4.749156749999999816e-01
7.321672500000000472e-01 2.231999999999997875e-03 4.718473544999999825e-01
7.272306750000000486e-01 2.852750000000001118e-03 4.688535249999999932e-01
7.364949500000000926e-01 1.375425000000000259e-02 4.790540500000000090e-01
7.316209000000000184e-01 1.367575000000000734e-02 4.758913499999999908e-01
7.263150999999999913e-01 1.330175000000000801e-02 4.732538799999999601e-01
7.321747500000000963e-01 2.399025000000000463e-02 4.848122999999999738e-01
7.282020500000000451e-01 2.335875000000000451e-02 4.815449249999999570e-01
7.229258000000000628e-01 2.265825000000000478e-02 4.790678250000000027e-01
7.252398750000000893e-01 3.059425000000000339e-02 4.930018250000000046e-01
7.230120000000000990e-01 3.042675000000000241e-02 4.892643749999999736e-01
7.191937250000000059e-01 3.164625000000000771e-02 4.851672999999999680e-01
7.232653500000000291e-01 4.135075000000000556e-02 4.979790000000000050e-01
7.185235750000000809e-01 4.056250000000000133e-02 4.945812499999999723e-01
7.138593025000000702e-01 3.979150000000000742e-02 4.910923749999999699e-01
7.187787500000000218e-01 4.836325000000000346e-02 5.056177499999999769e-01
7.136753125000000475e-01 4.759275000000000311e-02 5.027794999999999348e-01
7.085525000000000295e-01 4.685750000000000332e-02 4.999730000000000008e-01
7.161747800000000108e-01 5.662152500000000588e-02 5.122059999999999391e-01
7.107167250000000491e-01 5.621852500000000530e-02 5.098424999999999763e-01
7.052263000000000837e-01 5.588020000000000487e-02 5.075674999999999493e-01
7.143537532500000564e-01 6.271292500000000270e-02 5.203167499999999945e-01
7.086892000000000191e-01 6.261597500000000427e-02 5.186087499999999517e-01
7.029319500000000831e-01 6.254290000000001237e-02 5.169340000000000046e-01
7.144935575000000982e-01 6.591987500000000277e-02 5.290684999999999416e-01
7.086307500000000870e-01 6.649590000000001055e-02 5.291434999999999889e-01
7.028216250000000054e-01 6.721160000000001022e-02 5.294155000000000388e-01
7.173685250000000346e-01 7.035945000000000393e-02 5.363037499999999680e-01
7.118447250000000670e-01 7.189577750000000766e-02 5.378085000000000226e-01
7.063955500000000942e-01 7.346972000000000225e-02 5.393672499999999648e-01
7.217281750000000828e-01 7.258587750000000671e-02 5.433462500000000306e-01
7.167441625000000593e-01 7.452166000000000345e-02 5.459452499999999375e-01
7.116054000000000546e-01 7.656442500000000539e-02 5.487017499999999881e-01
7.268395000000000827e-01 7.095600000000000518e-02 5.489132500000000192e-01
7.225022750000000826e-01 7.285132250000000975e-02 5.530057499999999626e-01
7.179177750000000913e-01 7.489551250000001104e-02 5.570195000000000007e-01
7.310170000000000279e-01 6.585335000000000494e-02 5.528732499999999828e-01
7.272351000000000232e-01 6.715147500000000214e-02 5.578817499999999541e-01
7.232439750000000389e-01 6.855755000000000876e-02 5.628319999999999990e-01
7.338548000000000293e-01 5.743692499999999979e-02 5.534942499999999654e-01
7.306232500000000574e-01 5.849767500000000592e-02 5.586872499999999686e-01
7.270703750000000465e-01 5.926917500000000727e-02 5.639799999999999258e-01
7.307689750000000428e-01 4.838350000000000289e-02 5.530539999999999345e-01
7.284606000000000137e-01 4.863400000000000362e-02 5.587327500000000002e-01
7.264661500000000327e-01 4.918742500000000684e-02 5.604317500000000063e-01
7.325278750000000505e-01 3.256925000000000792e-02 5.551469999999999461e-01
7.291912750000000276e-01 3.504225000000000395e-02 5.604040000000000132e-01
7.246951500000000657e-01 3.473775000000000474e-02 5.623562500000000020e-01
7.289829000000001002e-01 1.439375000000000376e-02 5.578649999999999443e-01
7.264585000000000070e-01 1.761525000000000590e-02 5.646552499999999419e-01
7.236596750000000577e-01 1.910775000000000667e-02 5.713037499999999991e-01
7.291286000000000156e-01 -3.494499999999997608e-03 5.609922499999999701e-01
7.265734250000001060e-01 5.282500000000078799e-04 5.692422499999999497e-01
7.235802750000001060e-01 3.379750000000000809e-03 5.777177500000000299e-01
7.288666500000000603e-01 -1.650599999999999290e-02 5.614537499999999737e-01
7.257344500000000309e-01 -1.275649999999999007e-02 5.719547499999999562e-01
7.224078750000000326e-01 -9.377999999999997449e-03 5.816740000000000244e-01
7.305645500000000903e-01 -2.489074999999998927e-02 5.619552500000000173e-01
7.276424250000000926e-01 -2.304724999999999135e-02 5.727569999999999606e-01
7.243836000000000164e-01 -2.019724999999999993e-02 5.826284999999999936e-01
7.323847500000000288e-01 -2.956824999999999037e-02 5.648147500000000321e-01
7.306787250000000844e-01 -2.979524999999999535e-02 5.733352499999999630e-01
7.291768500000000985e-01 -3.004749999999999088e-02 5.814544999999999852e-01
7.383159500000000541e-01 -3.328199999999999215e-02 5.657330000000000414e-01
7.386759250000000110e-01 -3.481949999999998935e-02 5.727362499999999468e-01
7.390653250000001062e-01 -3.615499999999999270e-02 5.792612499999999498e-01
7.447907500000000569e-01 -3.417874999999999386e-02 5.642424999999999802e-01
7.476345000000000907e-01 -3.585199999999999498e-02 5.690162500000000012e-01
7.504770000000000607e-01 -3.749550000000000105e-02 5.741119999999999557e-01
7.479717500000000463e-01 -3.655474999999999697e-02 5.592724999999999502e-01
7.522085000000000576e-01 -3.954649999999999832e-02 5.608075000000000143e-01
7.567060000000001008e-01 -4.271250000000000047e-02 5.619442500000000340e-01
7.488232500000000513e-01 -3.618349999999999345e-02 5.514152500000000234e-01
7.532587500000000880e-01 -3.902374999999999594e-02 5.495069999999999677e-01
7.579220000000000956e-01 -4.199449999999999017e-02 5.473614999999999453e-01
7.471010000000000151e-01 -3.238474999999998993e-02 5.432262500000000216e-01
7.510340000000000904e-01 -3.419925000000000048e-02 5.390435000000000088e-01
7.549667500000000198e-01 -3.594974999999998866e-02 5.346972500000000128e-01
7.442607500000000265e-01 -2.532049999999999579e-02 5.362767499999999687e-01
7.480785000000000906e-01 -2.639874999999999861e-02 5.309679999999999955e-01
7.518675000000000219e-01 -2.744225000000000136e-02 5.256277499999999492e-01
7.391187250000000875e-01 -1.856724999999999348e-02 5.264349999999999863e-01
7.430497500000000644e-01 -1.989749999999999852e-02 5.215710000000000068e-01
7.469514999999999905e-01 -2.124449999999999950e-02 5.168072499999999403e-01
7.388408000000000753e-01 -7.791249999999999565e-03 5.176217499999999916e-01
7.430612500000000065e-01 -1.004299999999999637e-02 5.130112500000000297e-01
7.457730000000000192e-01 -1.254224999999999091e-02 5.079802500000000220e-01
7.425302500000000583e-01 5.031250000000000999e-03 5.061392499999999295e-01
7.445495000000000863e-01 2.613250000000011397e-03 5.020120000000000138e-01
7.462282500000000374e-01 1.008750000000002700e-03 4.975987499999999786e-01
7.529272500000000479e-01 1.814600000000000241e-02 4.946553249999999791e-01
7.559202500000000713e-01 1.495475000000000276e-02 4.919306749999999839e-01
7.577597500000000652e-01 1.253450000000000397e-02 4.898122500000000046e-01
7.682727500000000598e-01 2.460525000000000212e-02 4.930944250000000029e-01
7.715790000000000148e-01 2.059650000000001063e-02 4.897644749999999769e-01
7.743707500000001076e-01 1.726600000000001051e-02 4.864586499999999925e-01
7.804117500000000707e-01 3.125300000000000994e-02 4.907271749999999599e-01
7.834842500000001042e-01 2.705525000000000985e-02 4.875310499999999658e-01
7.860107499999999803e-01 2.377450000000001090e-02 4.831289749999999605e-01
7.923347500000000876e-01 3.743075000000001262e-02 4.907249999999999668e-01
7.948855000000000226e-01 3.278800000000001158e-02 4.876310749999999694e-01
7.977472500000000188e-01 2.917475000000001317e-02 4.830374249999999647e-01
8.038075000000000081e-01 4.486175000000001273e-02 4.886608499999999800e-01
8.057632500000000420e-01 3.995150000000001478e-02 4.858526249999999824e-01
8.085335000000000161e-01 3.544225000000000847e-02 4.828042249999999758e-01
8.148457500000000353e-01 5.265895000000000992e-02 4.860948749999999818e-01
8.171522500000000244e-01 4.772725000000001272e-02 4.832184749999999807e-01
8.193697500000000078e-01 4.277225000000001165e-02 4.803914249999999830e-01
8.238125000000000586e-01 5.836940000000001572e-02 4.846795499999999590e-01
8.255837500000000606e-01 5.316127500000000783e-02 4.820394249999999658e-01
8.272625000000000117e-01 4.797225000000000794e-02 4.794444999999999957e-01
8.311107500000000092e-01 6.269547500000001439e-02 4.815749500000000016e-01
8.322837499999999888e-01 5.719777500000001319e-02 4.792869750000000040e-01
8.335502500000000481e-01 5.179787500000000711e-02 4.769551749999999535e-01
8.388162500000000410e-01 6.468435000000001545e-02 4.781257999999999897e-01
8.392185000000000894e-01 5.892450000000001159e-02 4.762335999999999792e-01
8.397300000000000875e-01 5.312432500000001390e-02 4.742694349999999615e-01
8.457750000000000545e-01 6.502280000000001947e-02 4.764547499999999824e-01
8.458967500000000861e-01 5.900925000000001308e-02 4.746628249999999549e-01
8.460365000000000801e-01 5.291445000000001564e-02 4.728534349999999886e-01
8.524617500000000181e-01 6.556527500000000619e-02 4.737236224999999967e-01
8.522994999999999877e-01 5.954300000000001258e-02 4.720985627499999504e-01
8.522187500000000249e-01 5.345325000000000770e-02 4.704268699999999970e-01
8.604827500000000740e-01 6.633157500000001761e-02 4.711730724999999564e-01
8.598047500000000065e-01 6.013032500000001224e-02 4.697638774999999822e-01
8.594090000000000895e-01 5.394245000000001677e-02 4.682358249999999944e-01
8.664705000000000323e-01 6.749237500000002110e-02 4.692302749999999745e-01
8.660615000000000396e-01 6.099307500000001464e-02 4.679464749999999729e-01
8.656814999999999927e-01 5.456822500000001186e-02 4.666465249999999787e-01
8.724850000000000660e-01 6.806760000000001976e-02 4.688588249999999791e-01
8.720637500000000264e-01 6.132070000000001270e-02 4.676565249999999896e-01
8.715240000000000764e-01 5.459090000000001164e-02 4.665855250000000010e-01
8.793037500000000506e-01 6.802712500000002160e-02 4.692592749999999757e-01
8.791512500000000507e-01 6.093547500000001671e-02 4.681391749999999630e-01
8.785295000000000742e-01 5.369752500000000983e-02 4.672183999999999782e-01
8.872542500000000221e-01 6.985780000000001155e-02 4.699069624999999695e-01
8.880700000000000260e-01 6.200040000000001106e-02 4.687417499999999571e-01
8.886810000000000542e-01 5.393542500000001599e-02 4.677012749999999719e-01
8.955432500000000129e-01 7.312080500000001093e-02 4.705175724999999809e-01
8.976307500000000328e-01 6.489877500000001964e-02 4.693303749999999663e-01
8.996187500000000226e-01 5.637157500000001403e-02 4.682117999999999558e-01
9.023930000000000007e-01 7.975642500000001966e-02 4.710961374999999562e-01
9.059912500000000257e-01 6.960185000000002065e-02 4.696376174999999931e-01
9.089012499999999939e-01 6.000567500000001525e-02 4.683366499999999655e-01
9.103495000000000337e-01 8.486925000000002106e-02 4.710599999999999787e-01
9.139832500000000248e-01 7.458256000000001995e-02 4.696459324999999740e-01
9.174372500000000930e-01 6.445895000000001485e-02 4.682554499999999620e-01
9.195825000000000804e-01 8.831980000000001774e-02 4.715795199999999743e-01
9.227175000000000793e-01 7.991712500000001940e-02 4.704259124999999875e-01
9.259515000000000384e-01 7.161136250000001147e-02 4.692803999999999864e-01
9.299970000000000736e-01 9.252905000000001545e-02 4.722026159999999639e-01
9.329975000000000351e-01 8.492180000000001949e-02 4.711578624999999687e-01
9.360282500000000061e-01 7.728957500000001313e-02 4.701056124999999919e-01
9.534325000000000161e-01 9.384862500000001884e-02 4.724678424999999571e-01
