4.875477500000000575e-01 -6.512050000000002559e-02 4.690004249999999986e-01
5.312467499999999898e-01 -4.872600000000000542e-02 4.676472999999999880e-01
5.322240000000000304e-01 -6.122025000000000383e-02 4.679319000000000117e-01
5.333922500000000122e-01 -7.368800000000000350e-02 4.682288749999999888e-01
5.425627500000000936e-01 -4.762325000000000585e-02 4.669482500000000091e-01
5.435115000000000363e-01 -6.034275000000000055e-02 4.672207749999999771e-01
5.447730000000000627e-01 -7.304974999999999663e-02 4.675262250000000175e-01
5.532507500000000134e-01 -4.753825000000000411e-02 4.648638999999999966e-01
5.542270000000000252e-01 -5.973449999999999593e-02 4.665234999999999799e-01
5.550490000000000146e-01 -7.259074999999998168e-02 4.668438999999999783e-01
5.627110000000000722e-01 -4.727125000000001465e-02 4.680552250000000192e-01
5.636742500000000433e-01 -5.884475000000000122e-02 4.693935499999999927e-01
5.649895000000000334e-01 -7.091100000000000181e-02 4.698833599999999722e-01
5.731347500000000261e-01 -4.687100000000000988e-02 4.695350549999999790e-01
5.740500000000000602e-01 -5.791174999999998407e-02 4.707727074999999983e-01
5.754962500000000425e-01 -6.934450000000000336e-02 4.713166850000000130e-01
5.834932500000000744e-01 -4.549750000000001016e-02 4.694920274999999643e-01
5.841027500000000039e-01 -5.647874999999999424e-02 4.706944275000000122e-01
5.850390000000000867e-01 -6.769000000000000017e-02 4.712413950000000074e-01
5.930727500000000374e-01 -4.360775000000001456e-02 4.679223249999999723e-01
5.943047500000000483e-01 -5.456574999999999620e-02 4.691020499999999926e-01
5.954540000000000388e-01 -6.571799999999999864e-02 4.698044699999999740e-01
6.038067500000000587e-01 -4.136299999999999699e-02 4.667870249999999666e-01
6.050600000000000422e-01 -5.251025000000000831e-02 4.679731999999999781e-01
6.061047500000000809e-01 -6.342024999999998358e-02 4.686503499999999933e-01
6.146765000000000700e-01 -3.936149999999999372e-02 4.655147499999999772e-01
6.157037499999999941e-01 -5.049574999999999203e-02 4.667169749999999784e-01
6.160517500000000091e-01 -6.143574999999998343e-02 4.676445249999999776e-01
6.264005000000000267e-01 -3.796800000000000175e-02 4.645812999999999748e-01
6.266515000000000279e-01 -4.902600000000000013e-02 4.658813499999999719e-01
6.268785000000001162e-01 -5.992400000000000504e-02 4.671222499999999611e-01
6.384447500000000053e-01 -3.709774999999999878e-02 4.651118249999999787e-01
6.381032500000000107e-01 -4.776524999999999521e-02 4.663944500000000160e-01
6.380772500000000402e-01 -5.879424999999999235e-02 4.678206999999999782e-01
6.514447500000000169e-01 -3.590899999999999648e-02 4.655534499999999798e-01
6.517242500000000049e-01 -4.642249999999999155e-02 4.672786999999999913e-01
6.521480000000000610e-01 -5.703049999999998398e-02 4.688198000000000087e-01
6.654830000000000467e-01 -3.423474999999999435e-02 4.698216024999999907e-01
6.665147500000000447e-01 -4.499424999999999952e-02 4.697795974999999791e-01
6.675217500000000248e-01 -5.433124999999999760e-02 4.715306125000000015e-01
6.811747500000000510e-01 -3.309399999999999842e-02 4.685328500000000007e-01
6.814999999999999947e-01 -4.377724999999998978e-02 4.691693999999999587e-01
6.818160000000000887e-01 -5.395425000000000915e-02 4.710552725000000107e-01
6.972281000000000173e-01 -3.350625000000000131e-02 4.715241699999999647e-01
6.965389500000001011e-01 -4.338499999999999301e-02 4.712857199999999636e-01
6.965584250000000921e-01 -5.379649999999999710e-02 4.717105125000000121e-01
7.113686000000000176e-01 -3.316574999999999385e-02 4.719608277499999782e-01
7.108635000000000925e-01 -4.332049999999999790e-02 4.718036119999999833e-01
7.109590000000000076e-01 -5.330250000000000266e-02 4.724248924999999710e-01
7.243039000000000005e-01 -3.257549999999999335e-02 4.718790219999999813e-01
7.250671500000001046e-01 -4.308474999999999111e-02 4.713442649999999845e-01
7.252272500000001010e-01 -5.275399999999999534e-02 4.733768749999999748e-01
7.362692500000000972e-01 -3.237799999999999012e-02 4.716438099999999967e-01
7.363615000000000022e-01 -4.253649999999999098e-02 4.710491725000000018e-01
7.365249249999999970e-01 -5.264900000000000135e-02 4.699812174999999925e-01
7.476015000000000299e-01 -3.209800000000000153e-02 4.704363249999999885e-01
7.471382500000000038e-01 -4.199899999999999467e-02 4.704112299999999580e-01
7.474950000000000205e-01 -5.192774999999999475e-02 4.701504774999999969e-01
7.569877500000000703e-01 -3.140999999999999348e-02 4.687607500000000038e-01
7.568990000000000995e-01 -4.116224999999999745e-02 4.689552999999999638e-01
7.569682500000000092e-01 -5.104100000000000303e-02 4.689966499999999594e-01
7.656210000000001070e-01 -2.943724999999999814e-02 4.686191249999999697e-01
7.661915000000000253e-01 -3.929774999999999241e-02 4.688470499999999874e-01
7.668665000000000065e-01 -4.907999999999999863e-02 4.691188249999999615e-01
7.744612500000001010e-01 -2.740674999999999362e-02 4.701836699999999980e-01
7.748252500000000209e-01 -3.695324999999999305e-02 4.704288099999999750e-01
7.753810000000000979e-01 -4.619524999999999326e-02 4.710505549999999819e-01
7.836800000000000432e-01 -2.567649999999999100e-02 4.734859349999999689e-01
7.833465000000000567e-01 -3.542474999999999097e-02 4.736677249999999839e-01
7.827457500000000179e-01 -4.475149999999999961e-02 4.742228949999999776e-01
7.935080000000001021e-01 -2.587849999999999873e-02 4.782878749999999735e-01
7.928290000000000060e-01 -3.548250000000000015e-02 4.784169249999999929e-01
7.919467500000000326e-01 -4.490724999999999578e-02 4.790165249999999708e-01
8.026880000000000681e-01 -2.773874999999999258e-02 4.844594749999999728e-01
8.012799999999999923e-01 -3.701999999999999735e-02 4.842307999999999613e-01
8.000595000000000345e-01 -4.618624999999999814e-02 4.847689000000000026e-01
8.092075000000000795e-01 -2.996449999999999114e-02 4.930455499999999991e-01
8.076132500000000602e-01 -3.890525000000000233e-02 4.924338749999999654e-01
8.057682500000000747e-01 -4.762199999999999767e-02 4.923367749999999488e-01
8.126205000000000789e-01 -3.252175000000000205e-02 5.025397499999999518e-01
8.102580000000000338e-01 -4.111999999999998989e-02 5.012535000000000185e-01
8.079497500000000221e-01 -4.931274999999998854e-02 4.997307500000000013e-01
8.132250000000000867e-01 -3.410175000000000012e-02 5.140517499999999185e-01
8.106802500000001022e-01 -4.229674999999999407e-02 5.108789999999999720e-01
8.082830000000000847e-01 -5.020700000000000163e-02 5.076677499999999732e-01
8.083875000000000366e-01 -3.679024999999999657e-02 5.233170000000000321e-01
8.065972500000000434e-01 -4.423674999999999136e-02 5.187539999999999374e-01
8.051082500000000808e-01 -5.166874999999998552e-02 5.139454999999999441e-01
7.990047500000000413e-01 -3.870849999999999291e-02 5.278927500000000217e-01
7.988442500000000335e-01 -4.535449999999999204e-02 5.228534999999999711e-01
7.988345000000001139e-01 -5.244574999999998544e-02 5.175042499999999990e-01
7.902372500000001132e-01 -4.450749999999999151e-02 5.313872499999999777e-01
7.907945000000000668e-01 -5.022199999999998887e-02 5.264824999999999644e-01
7.925285000000000801e-01 -5.621199999999998420e-02 5.203280000000000127e-01
7.832260000000000888e-01 -4.788125000000000020e-02 5.355557499999999971e-01
7.822287500000000282e-01 -5.566174999999998207e-02 5.320822499999999788e-01
7.810812500000000602e-01 -6.481124999999998693e-02 5.284035000000000259e-01
7.757340000000000346e-01 -5.441725000000000034e-02 5.441877499999999701e-01
7.758507500000000334e-01 -6.185999999999999832e-02 5.390707500000000429e-01
7.757647500000000029e-01 -6.939924999999999566e-02 5.344069999999999654e-01
7.651530000000000831e-01 -6.287974999999998427e-02 5.504869999999999486e-01
7.666850000000000609e-01 -6.963724999999998388e-02 5.441274999999999862e-01
7.684135000000000826e-01 -7.616000000000000547e-02 5.379492500000000454e-01
7.525040000000000617e-01 -7.081674999999998388e-02 5.510724999999999651e-01
7.564482500000000442e-01 -7.638324999999998588e-02 5.446842499999999809e-01
7.599487500000000617e-01 -8.184674999999999589e-02 5.382154999999999578e-01
7.407065000000000454e-01 -7.763775000000000537e-02 5.452614999999999545e-01
7.463230000000000697e-01 -8.219474999999998310e-02 5.400617500000000071e-01
7.510190000000001032e-01 -8.678974999999999884e-02 5.342985000000000095e-01
7.308085000000000830e-01 -8.420500000000000207e-02 5.372847499999999776e-01
7.371536750000000637e-01 -8.779775000000000773e-02 5.332504999999999606e-01
7.424965000000000037e-01 -9.195775000000000476e-02 5.285512500000000280e-01
7.216401250000000767e-01 -8.972949999999998982e-02 5.279890000000000416e-01
7.281988250000001051e-01 -9.306549999999999545e-02 5.243744999999999656e-01
7.345048500000000979e-01 -9.605874999999999830e-02 5.196687500000000126e-01
7.144358084000000941e-01 -9.796024999999999872e-02 5.190249999999999586e-01
7.211649250000000677e-01 -1.001807499999999851e-01 5.155885000000000051e-01
7.279508250000000791e-01 -1.024377499999999941e-01 5.118279999999999497e-01
7.076893750000000649e-01 -1.064312500000000050e-01 5.138422499999999449e-01
7.147128225000000112e-01 -1.082084999999999853e-01 5.104394999999999349e-01
7.217980250000000098e-01 -1.099962499999999899e-01 5.070737499999999898e-01
7.018492250000000210e-01 -1.105202499999999866e-01 5.052289999999999281e-01
7.090024500000000618e-01 -1.119779999999999942e-01 5.019702499999999512e-01
7.162934175000000847e-01 -1.132147500000000029e-01 4.986612500000000003e-01
6.979413500000000159e-01 -1.061505000000000087e-01 4.965485749999999920e-01
7.050759750000000770e-01 -1.074782499999999974e-01 4.932758250000000011e-01
7.120813350000000375e-01 -1.087990000000000068e-01 4.897012249999999622e-01
6.969039000000000206e-01 -9.660399999999999543e-02 4.912500750000000083e-01
7.038846000000000824e-01 -9.774674999999999336e-02 4.878529249999999928e-01
7.107733750000000406e-01 -9.896474999999999023e-02 4.841694749999999603e-01
6.968234000000000927e-01 -8.397024999999999628e-02 4.867066999999999921e-01
7.036235500000000975e-01 -8.551475000000000048e-02 4.833413999999999766e-01
7.103884750000000192e-01 -8.726649999999999685e-02 4.798029999999999795e-01
6.964370500000000019e-01 -7.416500000000000870e-02 4.785628499999999841e-01
7.029357000000000522e-01 -7.624000000000000221e-02 4.755039500000000086e-01
7.095795250000000998e-01 -7.824375000000000080e-02 4.722155377499999696e-01
6.971998750000000244e-01 -6.342200000000000615e-02 4.728502124999999778e-01
7.035184250000000583e-01 -6.550349999999999229e-02 4.696670424999999649e-01
7.100972000000000950e-01 -6.715550000000000685e-02 4.662552999999999837e-01
7.000768000000000546e-01 -5.274524999999999353e-02 4.698102699999999743e-01
7.059167750000000519e-01 -5.407475000000000476e-02 4.675309749999999598e-01
7.123497900000000937e-01 -5.519099999999999007e-02 4.640152999999999639e-01
7.031480250000000654e-01 -4.161025000000000140e-02 4.684032750000000078e-01
7.089973000000000525e-01 -4.263625000000000054e-02 4.686294500000000030e-01
7.153230300000000819e-01 -4.320024999999999560e-02 4.650238499999999608e-01
7.047285000000000910e-01 -3.054975000000000052e-02 4.708156249999999599e-01
7.107035000000000435e-01 -3.093574999999999797e-02 4.685303000000000107e-01
7.168517950000000694e-01 -3.135224999999999818e-02 4.648709999999999787e-01
7.042473000000000205e-01 -2.017374999999999030e-02 4.701809650000000063e-01
7.100243250000000117e-01 -1.905474999999999530e-02 4.682057000000000024e-01
7.159499700000000466e-01 -1.879000000000000115e-02 4.644609999999999572e-01
7.029883250000000805e-01 -8.214249999999992391e-03 4.653686999999999685e-01
7.080245500000000858e-01 -7.066749999999996645e-03 4.651452249999999955e-01
7.133345225000000678e-01 -6.427499999999988778e-03 4.614405999999999786e-01
7.010470250000000458e-01 5.014000000000004564e-03 4.659115249999999930e-01
7.058725000000000138e-01 5.612249999999999184e-03 4.654712249999999885e-01
7.110189500000000384e-01 6.374500000000005162e-03 4.614925500000000014e-01
6.956510500000000485e-01 1.711575000000000596e-02 4.680320249999999627e-01
7.013033000000000738e-01 1.834675000000000195e-02 4.648672749999999687e-01
7.069053500000000989e-01 1.899725000000000719e-02 4.608306749999999674e-01
6.925414000000000847e-01 2.987750000000000128e-02 4.700234974999999982e-01
6.981478750000000844e-01 3.050150000000000777e-02 4.662440749999999801e-01
7.036091250000000574e-01 3.106250000000000677e-02 4.622617749999999859e-01
6.940557500000000823e-01 4.113000000000000683e-02 4.757829499999999823e-01
6.991627000000000258e-01 4.144875000000000642e-02 4.721308850000000001e-01
7.044150750000000016e-01 4.150450000000000667e-02 4.680081500000000116e-01
7.032411250000000225e-01 4.725075000000000802e-02 4.840070999999999679e-01
7.053153750000000777e-01 4.694675000000000931e-02 4.808528249999999837e-01
7.098083500000000878e-01 4.619150000000000339e-02 4.761114999999999653e-01
7.126841150000000624e-01 4.374625000000000041e-02 4.946031249999999768e-01
7.144998347500000069e-01 4.346275000000000832e-02 4.883410499999999987e-01
7.169029850000000481e-01 4.278725000000000583e-02 4.821713749999999576e-01
7.190181250000000635e-01 3.180925000000000419e-02 4.984549999999999814e-01
7.200168250000000825e-01 3.264900000000000441e-02 4.908872499999999972e-01
7.215381500000001003e-01 3.318025000000000141e-02 4.833791749999999943e-01
7.231605250000000540e-01 1.703075000000000422e-02 4.951213499999999601e-01
7.230680500000000732e-01 1.977725000000000316e-02 4.870570999999999651e-01
7.232617250000000775e-01 2.154850000000000515e-02 4.785729499999999970e-01
7.232095750000000489e-01 2.285500000000009746e-03 4.900400500000000048e-01
7.208327500000000221e-01 6.602000000000010638e-03 4.819514249999999889e-01
7.205784000000000633e-01 8.702250000000008590e-03 4.722293495000000063e-01
7.213758500000000407e-01 -3.953999999999999182e-03 4.899168749999999739e-01
7.206352750000000196e-01 -2.777749999999995500e-03 4.785330250000000007e-01
7.199070750000000629e-01 -1.441749999999991649e-03 4.683448499999999792e-01
7.253382250000000031e-01 -1.405900000000000205e-02 4.852117249999999826e-01
7.248377500000000584e-01 -1.258974999999999678e-02 4.770460749999999583e-01
7.244833250000000113e-01 -1.102224999999999733e-02 4.673538499999999596e-01
7.310269750000000233e-01 -2.232349999999999612e-02 4.822160500000000072e-01
7.304003500000000315e-01 -2.098449999999998927e-02 4.751094999999999624e-01
7.299521750000000919e-01 -2.000099999999999101e-02 4.677028999999999770e-01
7.297221750000000284e-01 -3.021749999999999436e-02 4.792292249999999809e-01
7.290119250000000051e-01 -2.923850000000000060e-02 4.727387349999999655e-01
7.280418250000000313e-01 -2.828574999999999839e-02 4.662032749999999726e-01
7.220877500000000282e-01 -3.348874999999999769e-02 4.788458749999999764e-01
7.210107750000001037e-01 -3.266299999999999759e-02 4.726941199999999954e-01
7.197521250000000759e-01 -3.180274999999999075e-02 4.665252749999999615e-01
7.140366550000000201e-01 -2.971100000000000130e-02 4.805527749999999876e-01
7.120464000000000793e-01 -2.860174999999999523e-02 4.747663999999999773e-01
7.099777500000000741e-01 -2.720799999999999608e-02 4.692362250000000068e-01
7.095218750000000796e-01 -2.181249999999999856e-02 4.836023749999999732e-01
7.068551750000000578e-01 -2.038974999999999815e-02 4.783029500000000045e-01
7.044638500000000025e-01 -1.863650000000000029e-02 4.736835974999999976e-01
7.103038249999999998e-01 -1.110699999999999188e-02 4.857827499999999854e-01
7.071143750000000727e-01 -9.850249999999990957e-03 4.808293499999999887e-01
7.039951000000000958e-01 -8.529499999999995419e-03 4.758650500000000116e-01
7.142439375000000368e-01 2.460000000000100995e-04 4.843162749999999628e-01
7.105885500000000965e-01 6.605000000000083027e-04 4.795779499999999751e-01
7.069561500000000054e-01 1.063250000000001694e-03 4.747932749999999591e-01
7.148734625000000564e-01 1.178175000000000749e-02 4.842087250000000065e-01
7.109255750000000873e-01 1.182525000000000243e-02 4.797613000000000016e-01
7.069834750000000279e-01 1.177275000000000543e-02 4.752765999999999935e-01
7.135593000000000075e-01 2.350650000000000656e-02 4.857676499999999953e-01
7.091369000000000700e-01 2.347800000000000581e-02 4.818869000000000069e-01
7.047300250000000377e-01 2.333925000000000582e-02 4.780401750000000116e-01
7.109855500000000772e-01 3.652600000000000291e-02 4.887914749999999753e-01
7.067016249999999999e-01 3.590675000000000117e-02 4.848548999999999776e-01
7.019660250000000490e-01 3.502675000000000233e-02 4.813424749999999919e-01
7.066653750000000400e-01 4.831900000000000084e-02 4.918167499999999692e-01
7.024505500000000069e-01 4.712475000000000691e-02 4.882431250000000000e-01
6.978540000000000854e-01 4.603175000000000322e-02 4.848184500000000119e-01
7.029730250000000291e-01 6.047547500000000076e-02 4.949897500000000061e-01
6.981602500000000378e-01 5.841287500000000299e-02 4.921512249999999700e-01
6.933427250000000486e-01 5.645560000000000855e-02 4.893528999999999796e-01
6.968108000000000635e-01 7.198802750000000972e-02 4.965799249999999776e-01
6.921899000000000246e-01 6.935349999999999848e-02 4.939276499999999959e-01
6.876027500000000403e-01 6.666407500000000319e-02 4.912887999999999700e-01
6.910374000000000239e-01 8.264097500000000540e-02 4.997692499999999982e-01
6.864005000000000800e-01 7.966009999999999758e-02 4.974837500000000023e-01
6.817374999999999963e-01 7.673317500000000069e-02 4.952068499999999762e-01
6.860085000000000210e-01 9.358267500000000405e-02 5.005275000000000141e-01
6.812542500000000611e-01 9.043640000000000012e-02 4.985847499999999655e-01
6.764400000000000412e-01 8.737990000000001034e-02 4.966521999999999881e-01
6.822140000000000981e-01 1.040912499999999963e-01 4.989299999999999846e-01
6.772457500000000907e-01 1.011367499999999975e-01 4.972092499999999915e-01
6.721909999999999830e-01 9.824454999999999993e-02 4.955128749999999638e-01
6.788297500000000095e-01 1.140227500000000060e-01 4.998944999999999639e-01
6.733195000000000707e-01 1.118512500000000132e-01 4.987234999999999863e-01
6.677672500000000344e-01 1.098562500000000025e-01 4.976309999999999900e-01
6.765857500000000968e-01 1.232074999999999976e-01 5.030042500000000416e-01
6.707610000000000516e-01 1.215962500000000029e-01 5.025122499999999937e-01
6.649180000000000090e-01 1.203240000000000143e-01 5.019747500000000251e-01
6.753505000000000758e-01 1.324952500000000088e-01 5.035545000000000160e-01
6.692600000000000771e-01 1.314164999999999917e-01 5.035030000000000339e-01
6.630280000000000618e-01 1.306692500000000146e-01 5.034417500000000212e-01
6.757515000000000605e-01 1.391680000000000139e-01 5.073002500000000081e-01
6.694395000000000762e-01 1.387432499999999846e-01 5.079000000000000181e-01
6.630697500000000133e-01 1.386137500000000078e-01 5.085729999999999418e-01
6.782762500000000250e-01 1.414337500000000247e-01 5.131605000000000194e-01
6.719602500000000367e-01 1.409892500000000104e-01 5.146030000000000326e-01
6.656340000000000590e-01 1.404792500000000000e-01 5.160142500000000076e-01
6.819745000000000390e-01 1.376264999999999850e-01 5.187702499999999883e-01
6.757345000000000157e-01 1.370024999999999993e-01 5.201715000000000089e-01
6.695765000000000189e-01 1.357202500000000145e-01 5.215412499999999563e-01
6.866540000000000976e-01 1.294587500000000113e-01 5.203624999999999501e-01
6.799680000000000168e-01 1.285057500000000019e-01 5.214339999999999531e-01
6.732640000000000846e-01 1.271997500000000003e-01 5.221727499999999633e-01
6.888994999999999980e-01 1.184385000000000021e-01 5.160392499999999494e-01
6.819720000000000226e-01 1.183467500000000006e-01 5.173520000000000341e-01
6.750107499999999927e-01 1.166757499999999947e-01 5.186640000000000139e-01
6.917161750000000442e-01 1.011765000000000025e-01 5.154149999999999565e-01
6.838135000000000741e-01 1.020602500000000051e-01 5.165262499999999646e-01
6.759657500000000319e-01 1.015862500000000029e-01 5.179884999999999629e-01
6.952046500000000906e-01 8.433917500000000234e-02 5.209019999999999762e-01
6.855747500000000105e-01 8.628910000000000746e-02 5.215699999999999781e-01
6.762020000000000808e-01 8.682297499999999668e-02 5.227129999999999832e-01
6.996655000000000513e-01 7.209911750000000397e-02 5.283662499999999262e-01
6.878885000000000138e-01 7.410030050000000756e-02 5.290019999999999722e-01
6.769812500000000899e-01 7.544127750000000077e-02 5.296827499999999800e-01
7.022353749999999950e-01 6.461435000000000095e-02 5.348579999999999446e-01
6.908243750000000460e-01 6.590617499999999740e-02 5.362734999999999586e-01
6.798085000000000377e-01 6.774860000000000604e-02 5.370380000000000154e-01
7.014418000000000042e-01 6.062712500000000393e-02 5.403667500000000068e-01
6.929775500000000532e-01 6.065432500000000199e-02 5.423749999999999405e-01
6.848545000000000327e-01 6.049177500000000457e-02 5.447122500000000089e-01
7.036563250000000824e-01 5.818910000000000748e-02 5.488549999999999818e-01
6.973791250000000996e-01 5.757295000000000468e-02 5.518935000000000368e-01
6.914184250000000587e-01 5.686515000000000319e-02 5.548572499999999685e-01
7.076976500000000669e-01 5.769495000000000873e-02 5.558252499999999374e-01
7.044225500000000917e-01 5.703712500000000796e-02 5.603112500000000384e-01
7.007114250000000544e-01 5.620467500000000949e-02 5.649647500000000155e-01
7.137362225000000171e-01 5.428720000000000767e-02 5.583312499999999456e-01
7.141830450000000718e-01 5.188587500000000491e-02 5.630867499999999692e-01
7.150101750000000811e-01 4.898217500000000280e-02 5.679602499999999443e-01
7.189334250000000148e-01 5.104597500000000732e-02 5.539069999999999272e-01
7.219025750000001018e-01 4.714524999999999966e-02 5.562259999999999982e-01
7.251076250000000334e-01 4.288250000000000395e-02 5.585624999999999618e-01
7.196143249999999991e-01 4.827975000000000322e-02 5.460639999999999938e-01
7.228025500000000436e-01 4.350200000000000594e-02 5.458370000000000166e-01
7.260349750000000268e-01 3.858600000000000224e-02 5.454160000000000119e-01
7.150868600000001019e-01 4.687300000000000494e-02 5.377752499999999269e-01
7.179382500000000000e-01 4.150325000000000542e-02 5.360662499999999664e-01
7.207581000000000682e-01 3.615025000000000183e-02 5.344127499999999920e-01
7.104205000000000103e-01 4.418325000000000724e-02 5.260494999999999477e-01
7.134334475000000397e-01 3.896225000000000382e-02 5.245597499999999913e-01
7.164316099999999965e-01 3.374950000000000172e-02 5.231654999999999500e-01
7.091481250000000180e-01 4.260450000000000348e-02 5.124097499999999972e-01
7.125427925000000773e-01 3.706700000000000272e-02 5.114989999999999259e-01
7.159476925000000103e-01 3.150900000000000228e-02 5.106862500000000082e-01
7.118629499999999943e-01 4.011125000000000801e-02 4.971105000000000107e-01
7.151836700000000491e-01 3.471300000000000774e-02 4.963769499999999835e-01
7.183991750000000565e-01 2.946925000000000239e-02 4.958026999999999851e-01
7.182148750000000303e-01 3.834475000000000383e-02 4.821267499999999928e-01
7.213788000000000977e-01 3.287750000000000394e-02 4.819070999999999771e-01
7.224517750000000182e-01 2.879675000000000290e-02 4.804674999999999918e-01
7.279367500000000213e-01 3.848950000000000288e-02 4.710934800000000089e-01
7.308173749999999913e-01 3.292275000000000756e-02 4.711581799999999820e-01
7.327337250000000024e-01 2.782800000000000551e-02 4.696612599999999693e-01
7.400685000000000180e-01 4.056625000000000508e-02 4.660561249999999878e-01
7.424352499999999910e-01 3.491025000000000378e-02 4.660566250000000021e-01
7.444875000000000798e-01 2.939750000000000696e-02 4.644560249999999946e-01
7.523547500000000721e-01 4.365600000000000730e-02 4.666092749999999900e-01
7.540867500000000279e-01 3.776500000000000690e-02 4.663980500000000085e-01
7.564997500000000263e-01 3.195950000000000180e-02 4.645550749999999840e-01
7.647240000000000704e-01 4.727400000000001046e-02 4.656046499999999533e-01
7.659124999999999961e-01 4.137050000000000449e-02 4.652702749999999554e-01
7.679852500000000637e-01 3.556575000000000708e-02 4.650074750000000035e-01
7.767775000000000096e-01 5.112322500000000824e-02 4.670938749999999917e-01
7.783975000000000755e-01 4.514800000000000757e-02 4.667391499999999915e-01
7.800100000000000922e-01 3.918975000000000930e-02 4.663915750000000027e-01
7.894015000000000892e-01 5.512917500000000942e-02 4.653233249999999543e-01
7.906870000000000287e-01 4.910912500000000347e-02 4.649844749999999527e-01
7.919519999999999893e-01 4.310900000000000842e-02 4.646483249999999732e-01
8.021932500000000799e-01 5.854507500000000891e-02 4.654174499999999548e-01
8.031555000000000222e-01 5.249217500000001591e-02 4.650627249999999546e-01
8.042205000000000048e-01 4.651675000000000948e-02 4.647138999999999576e-01
8.148620000000000863e-01 6.020092500000000929e-02 4.652687249999999941e-01
8.150640000000000107e-01 5.403787500000001298e-02 4.649046249999999603e-01
8.154445000000000165e-01 4.787575000000000858e-02 4.645507499999999568e-01
8.253875000000000517e-01 6.083290000000000919e-02 4.663030999999999704e-01
8.254375000000000462e-01 5.446792500000001425e-02 4.659011499999999861e-01
8.256220000000000780e-01 4.814475000000001392e-02 4.655030749999999884e-01
8.356290000000000662e-01 6.078920000000001544e-02 4.663580999999999976e-01
8.354647500000000893e-01 5.440292500000001169e-02 4.659308749999999666e-01
8.354047500000000293e-01 4.802050000000000762e-02 4.655204749999999891e-01
8.454445000000000432e-01 6.002197500000001212e-02 4.675852499999999523e-01
8.453095000000000470e-01 5.347950000000001314e-02 4.671163999999999872e-01
8.452892499999999920e-01 4.698250000000001037e-02 4.666853249999999842e-01
8.547945000000000126e-01 5.945327500000001375e-02 4.696117399999999997e-01
8.547812500000000480e-01 5.275165000000001103e-02 4.691089249999999544e-01
8.548770000000001090e-01 4.608150000000001134e-02 4.686386999999999636e-01
8.640484999999999971e-01 5.882845000000001129e-02 4.707391999999999688e-01
8.640392500000000364e-01 5.200447500000001527e-02 4.702282799999999985e-01
8.641280000000000072e-01 4.514000000000001345e-02 4.697150449999999977e-01
8.723469999999999835e-01 5.900870000000001114e-02 4.702771924999999964e-01
8.730652500000000149e-01 5.187032500000001572e-02 4.697819299999999587e-01
8.737487500000000740e-01 4.458900000000001751e-02 4.692668749999999722e-01
8.803507500000000707e-01 6.134310000000001151e-02 4.697970274999999640e-01
8.820737499999999898e-01 5.356380000000001557e-02 4.692738499999999924e-01
8.836170000000000968e-01 4.550475000000001047e-02 4.687212249999999636e-01
8.882545000000000579e-01 6.497487500000001526e-02 4.694625499999999785e-01
8.911340000000000927e-01 5.691910000000001413e-02 4.689247749999999604e-01
8.937747500000000622e-01 4.842975000000001445e-02 4.683527499999999844e-01
8.948694999999999844e-01 7.203046500000001573e-02 4.695428749999999707e-01
8.990105000000000457e-01 6.194482500000001585e-02 4.688711749999999734e-01
9.024117500000000680e-01 5.233262500000001455e-02 4.682526749999999516e-01
9.028187500000000032e-01 7.748027500000001511e-02 4.696970574999999593e-01
9.067672500000000246e-01 6.712947500000002177e-02 4.690374749999999815e-01
9.105070000000000663e-01 5.685985000000001732e-02 4.683999249999999948e-01
9.120010000000000616e-01 8.106932500000001152e-02 4.707858949999999543e-01
9.152412500000000062e-01 7.250943500000001096e-02 4.702496074999999442e-01
9.185864999999999725e-01 6.401122500000001880e-02 4.697435299999999647e-01
9.223337500000000633e-01 8.526790000000002145e-02 4.720163192499999827e-01
9.253835000000000255e-01 7.756147500000001860e-02 4.715499324999999908e-01
9.285127500000001088e-01 6.981637500000001384e-02 4.710912149999999521e-01
9.456670000000000353e-01 8.656312500000001853e-02 4.740199199999999835e-01
