4.849770000000000469e-01 -6.672100000000003028e-02 4.761971500000000135e-01
5.281489999999999796e-01 -4.975775000000000337e-02 4.708810449999999981e-01
5.294720000000000537e-01 -6.209000000000000630e-02 4.728825325000000079e-01
5.309627500000000389e-01 -7.437549999999998329e-02 4.748740499999999920e-01
5.393907500000000299e-01 -4.853975000000000650e-02 4.695580974999999935e-01
5.407197500000000545e-01 -6.113899999999999890e-02 4.716096499999999914e-01
5.423025000000000206e-01 -7.367374999999998231e-02 4.736326650000000082e-01
5.501175000000000370e-01 -4.872925000000001561e-02 4.670641999999999849e-01
5.514277499999999943e-01 -6.052574999999998928e-02 4.704130375000000197e-01
5.525760000000000671e-01 -7.319174999999999986e-02 4.725193675000000093e-01
5.596795000000001075e-01 -4.798825000000001006e-02 4.698211024999999763e-01
5.610272499999999773e-01 -5.918550000000000200e-02 4.727913774999999985e-01
5.626787500000000053e-01 -7.102025000000000698e-02 4.749536500000000050e-01
5.701280000000000792e-01 -4.733700000000000407e-02 4.709443024999999672e-01
5.714922500000000349e-01 -5.797525000000000595e-02 4.737582300000000024e-01
5.733384999999999732e-01 -6.914299999999998225e-02 4.759145999999999654e-01
5.804660000000000375e-01 -4.552850000000001340e-02 4.706330349999999774e-01
5.816087500000000077e-01 -5.613724999999999965e-02 4.733888649999999920e-01
5.829885000000000206e-01 -6.710474999999999079e-02 4.755560749999999670e-01
5.899607500000000337e-01 -4.337125000000001396e-02 4.689432000000000045e-01
5.918475000000000819e-01 -5.393875000000000752e-02 4.716219700000000015e-01
5.935487500000000693e-01 -6.479799999999999449e-02 4.739353299999999880e-01
6.005842500000000417e-01 -4.065700000000001257e-02 4.676706499999999656e-01
6.026232500000000547e-01 -5.139174999999998605e-02 4.703935025000000048e-01
6.042642500000000583e-01 -6.200500000000000456e-02 4.726917849999999754e-01
6.113045000000000284e-01 -3.805474999999999830e-02 4.665932500000000149e-01
6.132587500000000746e-01 -4.876324999999999410e-02 4.693271499999999707e-01
6.143222500000000696e-01 -5.939724999999998478e-02 4.718112760000000017e-01
6.227782500000000887e-01 -3.579625000000000168e-02 4.658513499999999974e-01
6.241790000000000393e-01 -4.645824999999999261e-02 4.685959749999999979e-01
6.252887500000000598e-01 -5.696924999999999906e-02 4.712934724999999769e-01
6.358367500000000616e-01 -3.359324999999999117e-02 4.661509999999999820e-01
6.363462500000001132e-01 -4.399775000000000214e-02 4.688059749999999859e-01
6.369782500000000791e-01 -5.476049999999998974e-02 4.715583999999999887e-01
6.500282500000000852e-01 -3.121099999999998875e-02 4.662134749999999883e-01
6.507965000000000000e-01 -4.148899999999999810e-02 4.691062500000000024e-01
6.515865000000000684e-01 -5.185850000000000182e-02 4.718192529999999940e-01
6.660827500000000567e-01 -2.858549999999999980e-02 4.696998599999999691e-01
6.666202500000000253e-01 -3.933399999999999397e-02 4.709339599999999848e-01
6.675622500000000237e-01 -4.848099999999999632e-02 4.735105924999999938e-01
6.836965000000000403e-01 -2.802149999999999086e-02 4.690843000000000096e-01
6.826912500000000827e-01 -3.864474999999999161e-02 4.705866025000000064e-01
6.825215000000000032e-01 -4.858799999999999231e-02 4.733177299999999921e-01
6.998213250000000496e-01 -2.975300000000000167e-02 4.728808049999999596e-01
6.980891250000000881e-01 -3.944449999999999346e-02 4.734190274999999781e-01
6.970176750000000032e-01 -4.921249999999999236e-02 4.755673749999999589e-01
7.138988200000000450e-01 -3.179274999999999463e-02 4.748901500000000109e-01
7.125266175000000146e-01 -4.103899999999999215e-02 4.752345499999999778e-01
7.115279750000000902e-01 -5.086549999999999405e-02 4.768014499999999600e-01
7.263900000000000912e-01 -3.306074999999999986e-02 4.778492999999999769e-01
7.267036000000000051e-01 -4.206374999999999698e-02 4.781517750000000011e-01
7.258067250000000969e-01 -5.164699999999999847e-02 4.810872250000000072e-01
7.382325500000000984e-01 -3.184599999999999931e-02 4.799882500000000052e-01
7.378115750000000528e-01 -4.203149999999999942e-02 4.804449249999999672e-01
7.377205750000001006e-01 -5.220900000000000540e-02 4.804400500000000074e-01
7.493777500000000646e-01 -3.193449999999999067e-02 4.813260500000000053e-01
7.485295000000000698e-01 -4.178999999999999382e-02 4.821856999999999949e-01
7.485497500000000137e-01 -5.168324999999998615e-02 4.830028749999999982e-01
7.587872500000000242e-01 -3.150549999999999184e-02 4.816608249999999591e-01
7.584230000000000693e-01 -4.119874999999999232e-02 4.827950999999999770e-01
7.581965000000000510e-01 -5.101299999999998891e-02 4.838319499999999551e-01
7.672792500000000793e-01 -2.952325000000000088e-02 4.830644249999999640e-01
7.676155000000000062e-01 -3.931250000000000022e-02 4.843884249999999558e-01
7.680302500000000254e-01 -4.901774999999999882e-02 4.857639249999999853e-01
7.756557500000000882e-01 -2.726225000000000176e-02 4.860544249999999566e-01
7.758605000000000640e-01 -3.673999999999999488e-02 4.873348750000000007e-01
7.761732500000000368e-01 -4.585274999999999768e-02 4.889880500000000074e-01
7.841182500000000166e-01 -2.512624999999998887e-02 4.906928499999999582e-01
7.837217499999999948e-01 -3.481149999999999523e-02 4.918572999999999973e-01
7.829750000000000876e-01 -4.404349999999999932e-02 4.932907500000000001e-01
7.930989999999999984e-01 -2.457199999999999662e-02 4.968848750000000036e-01
7.924072500000000074e-01 -3.411249999999999005e-02 4.979462499999999792e-01
7.914367500000000222e-01 -4.343199999999999839e-02 4.994119999999999671e-01
8.014255000000000129e-01 -2.562599999999999600e-02 5.044334999999999791e-01
8.000367500000000742e-01 -3.489649999999999697e-02 5.049932499999999491e-01
7.987157500000000576e-01 -4.395774999999998989e-02 5.062820000000000098e-01
8.070160000000000666e-01 -2.692499999999999061e-02 5.139659999999999229e-01
8.053987500000000521e-01 -3.588349999999999873e-02 5.140689999999999982e-01
8.035110000000000863e-01 -4.456899999999999751e-02 5.145244999999999402e-01
8.095095000000001040e-01 -2.863475000000000048e-02 5.240989999999999815e-01
8.071647500000000974e-01 -3.728374999999999051e-02 5.232879999999999754e-01
8.049675000000000580e-01 -4.556499999999999440e-02 5.221824999999999939e-01
8.091217500000000840e-01 -2.936500000000000221e-02 5.358557499999999640e-01
8.067577500000000512e-01 -3.771949999999998915e-02 5.330104999999999427e-01
8.046247500000001107e-01 -4.583550000000000124e-02 5.301635000000000097e-01
8.035605000000000109e-01 -3.147099999999999898e-02 5.449724999999999708e-01
8.020567499999999850e-01 -3.912299999999999112e-02 5.406720000000000415e-01
8.009280000000000843e-01 -4.682999999999999663e-02 5.362325000000000008e-01
7.938335000000000807e-01 -3.308824999999999961e-02 5.489519999999999955e-01
7.939935000000000187e-01 -3.995599999999999152e-02 5.442169999999999508e-01
7.943395000000000872e-01 -4.723674999999999402e-02 5.391872500000000068e-01
7.846577500000000427e-01 -3.855074999999999474e-02 5.520032499999999454e-01
7.855277500000000801e-01 -4.444624999999999271e-02 5.473227499999999690e-01
7.877137500000001014e-01 -5.066450000000000120e-02 5.415609999999999591e-01
7.769537500000001096e-01 -4.191674999999998874e-02 5.555809999999999915e-01
7.762987500000000374e-01 -4.963650000000000007e-02 5.519202500000000011e-01
7.755035000000000123e-01 -5.869374999999998899e-02 5.480012499999999953e-01
7.683312500000000211e-01 -4.848049999999999582e-02 5.632239999999999469e-01
7.689955000000000540e-01 -5.581700000000000550e-02 5.579764999999999864e-01
7.694427500000000641e-01 -6.321749999999998204e-02 5.531357500000000371e-01
7.567647500000000971e-01 -5.695074999999999443e-02 5.676894999999999580e-01
7.590967500000000978e-01 -6.356749999999999901e-02 5.614124999999999810e-01
7.616432500000001049e-01 -6.986699999999998467e-02 5.552909999999999791e-01
7.439730000000001064e-01 -6.477050000000000862e-02 5.659429999999999739e-01
7.488392500000000673e-01 -7.005049999999998778e-02 5.600022499999999237e-01
7.532297500000000312e-01 -7.527149999999999119e-02 5.538862500000000244e-01
7.332318750000000884e-01 -7.089550000000000018e-02 5.579047499999999493e-01
7.395202500000001011e-01 -7.530575000000000463e-02 5.533772500000000427e-01
7.450117500000000836e-01 -7.967024999999999801e-02 5.481747500000000439e-01
7.246863500000000347e-01 -7.651774999999999549e-02 5.479370000000000074e-01
7.315129000000000214e-01 -8.004975000000000285e-02 5.447132500000000377e-01
7.374417750000000771e-01 -8.405899999999999483e-02 5.406057499999999960e-01
7.170647250000000694e-01 -8.087199999999999944e-02 5.368479999999999919e-01
7.240294000000000452e-01 -8.415449999999999320e-02 5.340432499999999694e-01
7.308906250000000160e-01 -8.703549999999998787e-02 5.301029999999999909e-01
7.111647000000000940e-01 -8.787924999999999209e-02 5.261884999999999479e-01
7.182499750000000960e-01 -9.011074999999998947e-02 5.235822500000000268e-01
7.254530250000000846e-01 -9.234399999999998165e-02 5.206809999999999494e-01
7.050152000000000641e-01 -9.547875000000000112e-02 5.193167499999999936e-01
7.123739725000000078e-01 -9.729150000000000298e-02 5.167497500000000077e-01
7.198080000000000034e-01 -9.906774999999998221e-02 5.142182499999999878e-01
7.002842750000000116e-01 -9.841400000000000148e-02 5.097497500000000015e-01
7.077215500000000326e-01 -9.993925000000000725e-02 5.072474999999999623e-01
7.152938100000000299e-01 -1.012440000000000007e-01 5.046979999999999800e-01
6.975989500000000509e-01 -9.312775000000000913e-02 5.012237499999999679e-01
7.049756250000001057e-01 -9.451450000000000129e-02 4.985664999999999680e-01
7.122550200000000720e-01 -9.576399999999998802e-02 4.955868499999999677e-01
6.974005250000000489e-01 -8.316550000000000331e-02 4.967234249999999962e-01
7.046288250000000142e-01 -8.428800000000000181e-02 4.938934499999999561e-01
7.117848000000001063e-01 -8.538049999999999806e-02 4.907374499999999640e-01
6.980276750000000696e-01 -7.026274999999998494e-02 4.933005500000000043e-01
7.050482500000000430e-01 -7.171600000000000197e-02 4.904064999999999674e-01
7.120273049999999992e-01 -7.327824999999998923e-02 4.872721499999999595e-01
6.983854750000000333e-01 -5.997474999999999334e-02 4.860445999999999933e-01
7.050807500000000339e-01 -6.177799999999999958e-02 4.833414749999999649e-01
7.118725000000000191e-01 -6.351899999999999213e-02 4.803531749999999656e-01
6.977514000000000216e-01 -5.237449999999999051e-02 4.771207499999999824e-01
7.042321250000000976e-01 -5.395674999999999777e-02 4.749057499999999599e-01
7.108833250000000659e-01 -5.557100000000000928e-02 4.716685800000000039e-01
6.998494750000000542e-01 -4.224875000000000158e-02 4.722323814999999647e-01
7.055760250000000511e-01 -4.388774999999998927e-02 4.701542924999999595e-01
7.120009150000000675e-01 -4.517774999999998875e-02 4.666675499999999865e-01
7.026851000000000624e-01 -3.169649999999998857e-02 4.692386000000000057e-01
7.084204000000000612e-01 -3.291849999999998944e-02 4.692976249999999960e-01
7.146030500000000174e-01 -3.379074999999999440e-02 4.654851249999999996e-01
7.050853500000000551e-01 -2.113949999999999163e-02 4.714859375000000075e-01
7.109256000000000464e-01 -2.181949999999999168e-02 4.689721499999999765e-01
7.168903725000000948e-01 -2.248574999999999879e-02 4.650696999999999748e-01
7.050553999999999988e-01 -1.126149999999999374e-02 4.709276350000000111e-01
7.107718500000000938e-01 -1.038124999999999465e-02 4.687001249999999675e-01
7.165038300000000637e-01 -1.026950000000000085e-02 4.646841999999999917e-01
7.036841500000000638e-01 2.267499999999977867e-04 4.662600249999999669e-01
7.087140000000000661e-01 1.348250000000009163e-03 4.657416500000000070e-01
7.137988025000000514e-01 1.961500000000004906e-03 4.617427000000000059e-01
7.017023250000000711e-01 1.310425000000000478e-02 4.672467750000000031e-01
7.065017000000000102e-01 1.367825000000000291e-02 4.664964249999999923e-01
7.113866000000000911e-01 1.454125000000000556e-02 4.622360249999999948e-01
6.969125250000000049e-01 2.508325000000000138e-02 4.703717149999999680e-01
7.023366750000000769e-01 2.625700000000000256e-02 4.668362500000000082e-01
7.075752750000000590e-01 2.680600000000000344e-02 4.623420249999999898e-01
6.948811500000000585e-01 3.763450000000000129e-02 4.735963874999999934e-01
7.001667500000000599e-01 3.810525000000000717e-02 4.693728500000000081e-01
7.052647750000000659e-01 3.850700000000000650e-02 4.649436000000000124e-01
6.982516750000000716e-01 4.755449999999999955e-02 4.803780500000000009e-01
7.029975500000000821e-01 4.770075000000000010e-02 4.762687999999999922e-01
7.077921000000000351e-01 4.759900000000000242e-02 4.716515350000000106e-01
7.092114750000000356e-01 5.076687500000000297e-02 4.882265999999999551e-01
7.107949500000000365e-01 5.059347500000000580e-02 4.848057249999999652e-01
7.144819557500000640e-01 4.986277500000000501e-02 4.794374999999999609e-01
7.193257750000000561e-01 4.412600000000000550e-02 4.968004749999999636e-01
7.201950249999999887e-01 4.444075000000000109e-02 4.903550249999999999e-01
7.215742000000000544e-01 4.433950000000000391e-02 4.838539499999999771e-01
7.242392250000000420e-01 3.105525000000000646e-02 4.983937499999999687e-01
7.242977500000000735e-01 3.252950000000000286e-02 4.908684749999999708e-01
7.250641250000000593e-01 3.364300000000000623e-02 4.834231250000000091e-01
7.261170750000000007e-01 1.635175000000000517e-02 4.936393499999999768e-01
7.252336249999999929e-01 1.960025000000000656e-02 4.858290499999999845e-01
7.246434250000000077e-01 2.170125000000000526e-02 4.775854250000000079e-01
7.244564250000000705e-01 1.900999999999999912e-03 4.884365250000000103e-01
7.213040250000000153e-01 6.565500000000001890e-03 4.808028749999999629e-01
7.198580250000000680e-01 8.818000000000006389e-03 4.712246075000000034e-01
7.224055250000001038e-01 -4.198750000000001092e-03 4.885383249999999955e-01
7.202258750000000154e-01 -2.851249999999999618e-03 4.773701750000000077e-01
7.181851250000000908e-01 -1.466250000000002274e-03 4.673887749999999786e-01
7.254974500000000992e-01 -1.435424999999999895e-02 4.834114499999999648e-01
7.239347500000000712e-01 -1.291225000000000012e-02 4.753736000000000073e-01
7.223140000000000116e-01 -1.131849999999999523e-02 4.658269250000000028e-01
7.307883000000000573e-01 -2.284574999999999800e-02 4.796847499999999931e-01
7.291718750000000249e-01 -2.152124999999999178e-02 4.727426974999999754e-01
7.277285500000000296e-01 -2.049424999999999164e-02 4.654760249999999600e-01
7.293802750000000223e-01 -3.098800000000000165e-02 4.768669999999999853e-01
7.277253250000000895e-01 -3.003599999999999326e-02 4.705620649999999738e-01
7.258517250000000587e-01 -2.912549999999999861e-02 4.642469249999999770e-01
7.224016000000000881e-01 -3.259199999999999597e-02 4.770578749999999646e-01
7.200415750000001003e-01 -3.402224999999999000e-02 4.715875274999999922e-01
7.178439000000000902e-01 -3.334025000000000183e-02 4.657045499999999949e-01
7.143765980000000848e-01 -3.176274999999999238e-02 4.804322749999999642e-01
7.114097500000000629e-01 -3.073624999999999274e-02 4.750843499999999886e-01
7.083212250000000543e-01 -2.952774999999999150e-02 4.699924974999999949e-01
7.105506000000000322e-01 -2.434999999999999665e-02 4.841280000000000028e-01
7.069173499999999999e-01 -2.293325000000000224e-02 4.794481749999999765e-01
7.036963500000000815e-01 -2.118899999999999950e-02 4.753843999999999848e-01
7.122525950000000439e-01 -1.398549999999999793e-02 4.857651000000000052e-01
7.081404000000000032e-01 -1.270124999999999726e-02 4.815691749999999605e-01
7.041145500000000057e-01 -1.134349999999999248e-02 4.773517749999999782e-01
7.165402500000001007e-01 -3.150749999999993833e-03 4.828699999999999659e-01
7.119307500000000566e-01 -2.729249999999988630e-03 4.790656999999999832e-01
7.073476750000000646e-01 -2.323749999999999427e-03 4.752059750000000027e-01
7.176747250000000689e-01 8.220749999999998892e-03 4.819517500000000121e-01
7.128195100000001005e-01 8.168250000000001898e-03 4.785419499999999937e-01
7.079676000000000302e-01 8.022500000000001852e-03 4.750954499999999747e-01
7.168404900000000524e-01 1.993675000000000308e-02 4.832146749999999824e-01
7.116646000000000916e-01 1.966900000000000592e-02 4.804669249999999892e-01
7.065121250000000463e-01 1.932500000000000190e-02 4.777575749999999899e-01
7.147038675000000341e-01 3.277925000000000283e-02 4.864078000000000013e-01
7.096635000000000026e-01 3.186950000000000199e-02 4.836064250000000064e-01
7.043345500000000037e-01 3.060450000000000670e-02 4.812955499999999609e-01
7.103398250000000358e-01 4.422425000000000661e-02 4.902932249999999992e-01
7.055352250000000991e-01 4.262200000000000710e-02 4.878105249999999948e-01
7.003815500000000194e-01 4.109125000000000277e-02 4.855800749999999999e-01
7.062126000000000792e-01 5.592480000000000367e-02 4.943426499999999946e-01
7.011595250000000057e-01 5.327785000000000160e-02 4.927037249999999813e-01
6.960935249999999908e-01 5.074135000000000451e-02 4.911073249999999835e-01
6.991879750000000726e-01 6.652435000000000986e-02 4.974959999999999938e-01
6.944725250000000072e-01 6.326575000000000948e-02 4.959967499999999863e-01
6.897954500000000877e-01 5.995437500000000419e-02 4.945084499999999883e-01
6.929103500000000082e-01 7.618065250000000121e-02 5.020554999999999879e-01
6.883282500000000859e-01 7.254995000000000194e-02 5.009525000000000228e-01
6.837125000000000563e-01 6.897160000000000790e-02 4.998699999999999810e-01
6.867002500000000120e-01 8.615522500000000194e-02 5.039445000000000174e-01
6.821167500000000494e-01 8.234015000000000084e-02 5.032562499999999606e-01
6.774625000000000785e-01 7.861220000000000707e-02 5.025922499999999626e-01
6.811737500000000223e-01 9.577249999999999652e-02 5.030669999999999309e-01
6.764057500000000278e-01 9.214100000000000068e-02 5.026992500000000419e-01
6.715560000000000418e-01 8.855135000000000089e-02 5.023699999999999832e-01
6.768337500000000118e-01 1.050009999999999971e-01 5.044052500000000272e-01
6.715060000000000473e-01 1.022347499999999992e-01 5.047372500000000262e-01
6.661372500000000141e-01 9.963674999999999615e-02 5.051409999999999512e-01
6.745880000000000765e-01 1.139420000000000016e-01 5.071617499999999668e-01
6.689877499999999921e-01 1.119822500000000054e-01 5.082532499999999898e-01
6.633440000000000447e-01 1.102775000000000005e-01 5.092582500000000234e-01
6.727515000000000578e-01 1.228250000000000036e-01 5.068239999999999412e-01
6.669135000000000479e-01 1.216389999999999971e-01 5.083799999999999430e-01
6.609175000000000466e-01 1.206335000000000046e-01 5.098847499999999977e-01
6.736230000000000828e-01 1.299490000000000089e-01 5.090967499999999868e-01
6.676925000000000221e-01 1.297087500000000115e-01 5.113094999999999724e-01
6.616492500000000776e-01 1.296807500000000113e-01 5.134527500000000133e-01
6.774627500000000024e-01 1.335157499999999886e-01 5.133812500000000112e-01
6.717800000000000438e-01 1.335867500000000041e-01 5.165647500000000170e-01
6.660272500000000706e-01 1.336665000000000214e-01 5.197207499999999536e-01
6.826410000000000533e-01 1.316982500000000167e-01 5.184997499999999260e-01
6.771240000000000592e-01 1.315162500000000012e-01 5.217602500000000365e-01
6.719287500000000746e-01 1.309325000000000072e-01 5.254469999999999974e-01
6.880437500000000650e-01 1.247459999999999958e-01 5.203697499999999643e-01
6.824567500000000564e-01 1.242257499999999959e-01 5.242185000000000317e-01
6.766777500000000778e-01 1.232265000000000027e-01 5.277094999999999425e-01
6.897988250000000043e-01 1.129092500000000027e-01 5.190164999999999917e-01
6.841507500000000297e-01 1.133732500000000087e-01 5.231812499999999311e-01
6.782597500000000501e-01 1.124522500000000036e-01 5.273792499999999661e-01
6.889592500000000230e-01 9.684567500000000606e-02 5.165039999999999631e-01
6.825550000000000228e-01 9.854342500000000393e-02 5.209739999999999371e-01
6.762687500000000851e-01 9.897722500000000201e-02 5.258927500000000199e-01
6.937207499999999971e-01 8.178992499999999943e-02 5.222652500000000142e-01
6.856010000000000160e-01 8.470534999999999870e-02 5.268557499999999560e-01
6.781672499999999992e-01 8.653302499999999953e-02 5.323912499999999826e-01
7.015790500000000929e-01 7.253012749999999953e-02 5.294962500000000016e-01
6.915754750000000506e-01 7.559771249999999720e-02 5.351917499999999661e-01
6.827742500000000270e-01 7.856799999999999895e-02 5.410427500000000167e-01
7.073496250000000929e-01 6.745679999999999732e-02 5.356037499999999341e-01
6.981200499999999920e-01 7.016160000000000452e-02 5.420202499999999812e-01
6.889745000000000452e-01 7.294469000000000647e-02 5.476352500000000179e-01
7.085922500000000346e-01 6.354862499999999748e-02 5.408622499999999889e-01
7.022534000000000276e-01 6.477750000000000175e-02 5.466955000000000009e-01
6.962525000000000519e-01 6.550372499999999876e-02 5.525869999999999393e-01
7.140565075000000483e-01 6.029647500000000215e-02 5.469579999999999442e-01
7.101600750000000017e-01 6.070030000000000564e-02 5.528512500000000163e-01
7.064550500000000843e-01 6.090662500000000590e-02 5.584574999999999401e-01
7.207829750000001034e-01 5.885842500000000588e-02 5.507269999999999666e-01
7.201312750000000706e-01 5.872192500000000814e-02 5.563567499999999555e-01
7.191701000000000343e-01 5.846902500000000780e-02 5.623190000000000133e-01
7.265919000000000683e-01 5.447262500000000368e-02 5.500547499999999257e-01
7.290317250000000193e-01 5.220349999999999990e-02 5.543649999999999967e-01
7.318082250000000899e-01 4.944242500000000512e-02 5.586527500000000312e-01
7.289565749999999955e-01 5.034262500000000196e-02 5.441512499999999752e-01
7.324915750000000614e-01 4.625700000000000645e-02 5.454550000000000232e-01
7.362338500000000785e-01 4.183275000000000188e-02 5.467284999999999506e-01
7.263160250000000318e-01 4.706899999999999973e-02 5.367922499999999708e-01
7.291064250000000024e-01 4.202625000000000804e-02 5.358324999999999338e-01
7.318669250000000570e-01 3.686825000000000518e-02 5.347370000000000179e-01
7.195346750000000124e-01 4.495999999999999996e-02 5.297109999999999319e-01
7.217457750000000338e-01 3.929375000000000229e-02 5.276680000000000259e-01
7.238964250000000655e-01 3.366175000000000417e-02 5.256579999999999586e-01
7.123289400000000215e-01 4.157650000000000234e-02 5.188099999999999934e-01
7.148761975000000879e-01 3.613225000000000464e-02 5.171099999999999586e-01
7.173952749999999989e-01 3.069600000000000800e-02 5.154855000000000409e-01
7.098493000000000164e-01 3.970875000000000793e-02 5.051599999999999424e-01
7.128993625000000778e-01 3.398400000000000726e-02 5.041037499999999616e-01
7.159838600000000275e-01 2.825200000000000627e-02 5.031419999999999781e-01
7.144599666249999981e-01 3.835525000000000739e-02 4.903217500000000006e-01
7.174903250000000954e-01 3.279100000000000764e-02 4.894746749999999702e-01
7.202629750000000275e-01 2.744325000000000236e-02 4.887007499999999616e-01
7.244291250000000071e-01 3.822375000000000772e-02 4.771828999999999654e-01
7.272385250000000800e-01 3.256175000000000735e-02 4.767971749999999620e-01
7.282316750000000782e-01 2.872500000000000747e-02 4.748610749999999658e-01
7.369562500000000904e-01 3.939250000000000390e-02 4.689395249999999682e-01
7.395327500000000720e-01 3.367275000000000129e-02 4.687925249999999600e-01
7.416522500000000129e-01 2.875100000000000572e-02 4.670378749999999912e-01
7.501477500000000020e-01 4.174200000000000133e-02 4.663494749999999578e-01
7.525147500000000100e-01 3.609175000000000577e-02 4.662421499999999663e-01
7.548142500000000199e-01 3.074600000000000249e-02 4.644828749999999618e-01
7.625500000000000611e-01 4.511750000000000482e-02 4.682294499999999915e-01
7.644135000000000790e-01 3.924975000000000686e-02 4.681420749999999908e-01
7.671560000000000601e-01 3.354575000000000612e-02 4.664324999999999721e-01
7.751085000000000891e-01 4.915450000000000375e-02 4.682826999999999962e-01
7.765750000000000153e-01 4.331675000000000803e-02 4.680990499999999610e-01
7.789242499999999847e-01 3.764050000000001422e-02 4.678749999999999853e-01
7.873277499999999929e-01 5.400700000000000639e-02 4.672873499999999902e-01
7.893110000000000959e-01 4.813675000000000592e-02 4.671255249999999859e-01
7.911630000000000607e-01 4.224625000000001296e-02 4.669764499999999874e-01
7.973652500000000254e-01 5.805477500000000290e-02 4.647849000000000008e-01
7.990140000000000020e-01 5.211527500000000951e-02 4.647341999999999862e-01
8.006140000000000478e-01 4.618675000000001252e-02 4.647035250000000062e-01
8.077942500000000470e-01 6.153740000000000598e-02 4.647099499999999828e-01
8.091072500000000556e-01 5.554325000000001622e-02 4.646750749999999930e-01
8.104880000000000972e-01 4.962200000000001332e-02 4.646608499999999586e-01
8.182912500000000255e-01 6.315787500000001609e-02 4.648349499999999690e-01
8.189287499999999831e-01 5.704147500000000814e-02 4.647779499999999953e-01
8.197015000000000828e-01 5.092162500000001202e-02 4.647555250000000027e-01
8.269327499999999942e-01 6.378197500000001852e-02 4.663586249999999711e-01
8.274887499999999951e-01 5.746230000000000782e-02 4.662715999999999528e-01
8.281074999999999964e-01 5.117275000000000990e-02 4.662028500000000020e-01
8.355877500000000735e-01 6.384997500000001713e-02 4.667516749999999770e-01
8.360717500000000024e-01 5.751680000000000681e-02 4.666760999999999826e-01
8.365425000000000777e-01 5.117485000000000783e-02 4.665971999999999897e-01
8.458015000000000949e-01 6.377685000000000992e-02 4.666115499999999860e-01
8.461050000000001070e-01 5.725135000000000640e-02 4.665364499999999914e-01
8.464952500000000324e-01 5.077412500000001022e-02 4.664553999999999645e-01
8.558987500000000415e-01 6.371315000000001005e-02 4.670838749999999817e-01
8.561360000000000081e-01 5.701137500000001690e-02 4.670192999999999706e-01
8.564782500000001075e-01 5.034427500000001471e-02 4.669413749999999919e-01
8.656092500000001078e-01 6.329927500000001594e-02 4.682351499999999889e-01
8.657197500000000101e-01 5.646647500000001596e-02 4.681745499999999671e-01
8.659172500000000827e-01 4.959352500000001329e-02 4.680962499999999915e-01
8.740185000000000315e-01 6.339175000000001059e-02 4.679089249999999756e-01
8.747392500000000792e-01 5.624030000000001389e-02 4.678024749999999954e-01
8.754057500000000935e-01 4.894575000000001008e-02 4.676872249999999842e-01
8.822039999999999882e-01 6.554835000000001910e-02 4.677079749999999980e-01
8.838140000000000995e-01 5.772380000000001954e-02 4.675771249999999823e-01
8.852260000000000684e-01 4.961907500000001248e-02 4.674303249999999799e-01
8.902955000000000174e-01 6.894880000000001841e-02 4.675534249999999670e-01
8.929580000000000295e-01 6.080010000000001663e-02 4.674180749999999884e-01
8.953712500000000629e-01 5.221385000000001997e-02 4.672643999999999687e-01
8.971925000000000594e-01 7.575242750000001080e-02 4.675961749999999473e-01
9.009937500000000377e-01 6.551482500000001263e-02 4.674349249999999456e-01
9.040812500000000584e-01 5.576797500000001129e-02 4.672806499999999641e-01
9.053800000000000736e-01 8.086975000000001801e-02 4.678120749999999939e-01
9.089417500000001038e-01 7.036542500000000921e-02 4.676541499999999907e-01
9.123145000000000282e-01 5.993722500000001757e-02 4.675029749999999873e-01
9.146787499999999849e-01 8.410945000000001615e-02 4.690618999999999761e-01
9.175950000000000495e-01 7.541185250000001505e-02 4.689365999999999812e-01
9.206317500000000820e-01 6.676810000000002465e-02 4.688408499999999757e-01
9.251337500000000880e-01 8.793535000000002322e-02 4.704670499999999977e-01
9.278905000000000625e-01 8.010197500000001969e-02 4.703760524999999748e-01
9.307309999999999750e-01 7.222737250000001163e-02 4.702956924999999733e-01
9.484282500000000837e-01 8.840467500000001588e-02 4.731654124999999933e-01
