4.947317500000000257e-01 -5.765950000000000242e-02 4.745305499999999954e-01
5.395150000000000778e-01 -4.483800000000000285e-02 4.713189174999999898e-01
5.394545000000000590e-01 -5.736900000000000333e-02 4.710448274999999851e-01
5.395849999999999813e-01 -6.988649999999999030e-02 4.707398425000000053e-01
5.508267500000000316e-01 -4.464700000000000613e-02 4.699927225000000153e-01
5.507215000000000860e-01 -5.739149999999998419e-02 4.697419700000000087e-01
5.509282500000000082e-01 -7.013274999999999371e-02 4.693998249999999928e-01
5.613375000000000448e-01 -4.536250000000001392e-02 4.673103750000000001e-01
5.613985000000000225e-01 -5.764649999999998942e-02 4.684520999999999824e-01
5.611800000000000122e-01 -7.052374999999999616e-02 4.681907249999999743e-01
5.708940000000000126e-01 -4.600725000000001341e-02 4.699964699999999995e-01
5.710242500000000110e-01 -5.766649999999998166e-02 4.708487925000000018e-01
5.713962500000000500e-01 -6.981075000000000474e-02 4.707745024999999695e-01
5.813255000000000505e-01 -4.648400000000001142e-02 4.709716199999999797e-01
5.814970000000000416e-01 -5.760974999999998736e-02 4.717371025000000051e-01
5.821137499999999854e-01 -6.914124999999998744e-02 4.717586724999999759e-01
5.916905000000000081e-01 -4.586250000000001437e-02 4.705144075000000092e-01
5.916142500000000082e-01 -5.691174999999998319e-02 4.712535250000000064e-01
5.918025000000000091e-01 -6.819600000000000661e-02 4.713403449999999939e-01
6.011545000000000361e-01 -4.455149999999999388e-02 4.686015499999999778e-01
6.018415000000000292e-01 -5.560974999999998558e-02 4.693340999999999763e-01
6.024125000000000174e-01 -6.687224999999999420e-02 4.695896250000000105e-01
6.118864999999999998e-01 -4.270124999999999615e-02 4.672321749999999718e-01
6.126520000000000854e-01 -5.394124999999999615e-02 4.680020999999999765e-01
6.131800000000000583e-01 -6.494074999999999154e-02 4.682835249999999783e-01
6.227187500000000986e-01 -4.108124999999999971e-02 4.657717249999999698e-01
6.233162500000000161e-01 -5.229149999999999077e-02 4.666020750000000050e-01
6.232587500000000835e-01 -6.325749999999999429e-02 4.671717249999999821e-01
6.344592500000000301e-01 -4.002825000000000133e-02 4.647347749999999889e-01
6.342797500000000310e-01 -5.111099999999998977e-02 4.656890750000000079e-01
6.341277500000001011e-01 -6.201024999999998899e-02 4.665881749999999939e-01
6.465472500000000178e-01 -3.964149999999999618e-02 4.652786999999999895e-01
6.457472500000001059e-01 -5.030799999999999161e-02 4.662166999999999839e-01
6.453010000000000135e-01 -6.128624999999998657e-02 4.673051749999999616e-01
6.595877500000000282e-01 -3.920699999999999186e-02 4.658873749999999925e-01
6.592182500000000056e-01 -4.975249999999999118e-02 4.672891750000000011e-01
6.590682500000000221e-01 -6.039049999999998586e-02 4.685219250000000057e-01
6.735387500000000749e-01 -3.871874999999999623e-02 4.704636749999999701e-01
6.738047500000000634e-01 -4.950000000000000233e-02 4.700580249999999904e-01
6.741617500000000041e-01 -5.892400000000000415e-02 4.715238849999999760e-01
6.890645000000000797e-01 -3.880324999999999747e-02 4.694068000000000129e-01
6.886455000000000215e-01 -4.948249999999999871e-02 4.696542949999999994e-01
6.882067500000000893e-01 -5.975800000000000556e-02 4.711564624999999840e-01
7.045494500000000215e-01 -4.047099999999999309e-02 4.725728074999999695e-01
7.034182250000000636e-01 -5.026624999999999843e-02 4.719496157499999955e-01
7.028995000000000104e-01 -6.066474999999998952e-02 4.719635372750000113e-01
7.182569500000000051e-01 -4.084474999999999911e-02 4.729203549999999590e-01
7.175510000000000499e-01 -5.097775000000000223e-02 4.725078299999999620e-01
7.173335000000000683e-01 -6.098349999999999604e-02 4.727771749999999940e-01
7.306075250000000354e-01 -4.043800000000000172e-02 4.728989849999999939e-01
7.316189750000000602e-01 -5.098799999999999166e-02 4.718804309999999891e-01
7.318163500000000043e-01 -6.073675000000000601e-02 4.735408674999999623e-01
7.420267500000000682e-01 -4.005249999999999089e-02 4.725805650000000080e-01
7.427455000000000584e-01 -5.021974999999999356e-02 4.713216624999999604e-01
7.433312499999999989e-01 -6.025325000000000819e-02 4.696997324999999668e-01
7.528142500000000181e-01 -3.908149999999999125e-02 4.707946224999999818e-01
7.536542500000000810e-01 -4.919749999999999124e-02 4.703091799999999933e-01
7.546082500000000914e-01 -5.912249999999999450e-02 4.694442500000000074e-01
7.639802500000000274e-01 -3.847899999999999932e-02 4.688939249999999892e-01
7.643237500000000795e-01 -4.821899999999999797e-02 4.680692999999999659e-01
7.647072500000000606e-01 -5.811425000000000618e-02 4.670896499999999674e-01
7.739772500000000610e-01 -3.677899999999999225e-02 4.675045749999999778e-01
7.749370000000000980e-01 -4.660974999999999147e-02 4.665775749999999666e-01
7.760312500000000613e-01 -5.643824999999999537e-02 4.655313999999999841e-01
7.842040000000000122e-01 -3.502550000000000108e-02 4.667511249999999889e-01
7.850467500000000154e-01 -4.456899999999999751e-02 4.657981999999999956e-01
7.863642500000000979e-01 -5.389474999999999127e-02 4.649599749999999698e-01
7.950025000000000563e-01 -3.340975000000000195e-02 4.666201499999999558e-01
7.953790000000000582e-01 -4.319950000000000179e-02 4.656903249999999606e-01
7.958987500000000992e-01 -5.265049999999998898e-02 4.649735499999999577e-01
8.059797499999999948e-01 -3.317799999999999916e-02 4.678985999999999978e-01
8.060490000000000155e-01 -4.281174999999999564e-02 4.669230749999999652e-01
8.062012500000000914e-01 -5.232349999999999501e-02 4.662196499999999855e-01
8.166525000000000034e-01 -3.451799999999999313e-02 4.707876949999999505e-01
8.158994999999999997e-01 -4.383974999999999678e-02 4.695318599999999676e-01
8.156217500000000342e-01 -5.307975000000000887e-02 4.687779749999999579e-01
8.250239999999999796e-01 -3.767799999999998928e-02 4.773536999999999919e-01
8.239332500000000614e-01 -4.641774999999999374e-02 4.753359749999999662e-01
8.227592500000000530e-01 -5.513324999999999476e-02 4.740531324999999740e-01
8.300182500000000685e-01 -4.079524999999997736e-02 4.859092999999999885e-01
8.279860000000001108e-01 -4.914549999999998087e-02 4.831958999999999560e-01
8.260302500000000769e-01 -5.715649999999999897e-02 4.805146999999999613e-01
8.304822500000000884e-01 -4.492599999999997984e-02 4.966783750000000053e-01
8.282640000000001113e-01 -5.241750000000000576e-02 4.920343499999999537e-01
8.261002500000000914e-01 -5.963650000000000895e-02 4.875790749999999729e-01
8.248300000000000631e-01 -4.870499999999999829e-02 5.047682499999999184e-01
8.235890000000000155e-01 -5.525900000000000256e-02 4.988847499999999879e-01
8.224347500000001032e-01 -6.173175000000000190e-02 4.928861499999999674e-01
8.146472500000000450e-01 -5.068674999999998876e-02 5.070622499999999366e-01
8.152240000000000597e-01 -5.651224999999998611e-02 5.011550000000000171e-01
8.157282500000000436e-01 -6.249250000000000638e-02 4.947416249999999627e-01
8.049062500000000453e-01 -5.605050000000000310e-02 5.073327499999999990e-01
8.062247500000000455e-01 -6.097824999999998385e-02 5.018049999999999455e-01
8.087772500000001141e-01 -6.594849999999999324e-02 4.952208249999999756e-01
7.968167500000000736e-01 -5.924699999999999411e-02 5.088395000000000001e-01
7.962082500000000618e-01 -6.622125000000000927e-02 5.038462499999999400e-01
7.953960000000001029e-01 -7.441449999999999454e-02 4.982289999999999774e-01
7.871417500000000844e-01 -6.621399999999999508e-02 5.137874999999999526e-01
7.879110000000000280e-01 -7.271274999999999267e-02 5.075607500000000050e-01
7.884547500000000930e-01 -7.934849999999998849e-02 5.016672500000000090e-01
7.786975000000000424e-01 -7.706674999999998943e-02 5.189872500000000111e-01
7.805582500000000090e-01 -8.254449999999999288e-02 5.116739999999999622e-01
7.825277500000000774e-01 -8.775924999999998311e-02 5.044579999999999620e-01
7.682065000000000143e-01 -8.738175000000000803e-02 5.202957499999999458e-01
7.717107500000000009e-01 -9.106924999999999049e-02 5.124659999999999771e-01
7.751097500000000418e-01 -9.497574999999999767e-02 5.049122499999999514e-01
7.571120000000000072e-01 -9.555924999999998448e-02 5.157897499999999358e-01
7.621450000000000724e-01 -9.825300000000000700e-02 5.089277500000000121e-01
7.662522500000000791e-01 -1.010669999999999902e-01 5.017659999999999343e-01
7.470622500000000388e-01 -1.028669999999999862e-01 5.090930000000000177e-01
7.527892500000000764e-01 -1.046219999999999928e-01 5.032882499999999926e-01
7.575850000000000639e-01 -1.070734999999999881e-01 4.970374999999999654e-01
7.370139500000000288e-01 -1.086502500000000038e-01 5.012297500000000294e-01
7.429672500000000790e-01 -1.102007499999999862e-01 4.958045499999999550e-01
7.483642500000000641e-01 -1.113709999999999978e-01 4.894500999999999991e-01
7.290688250000000314e-01 -1.163997499999999963e-01 4.926830999999999849e-01
7.350312250000000658e-01 -1.168970000000000009e-01 4.875322749999999594e-01
7.409805000000000419e-01 -1.174037500000000012e-01 4.820732999999999824e-01
7.221493750000000933e-01 -1.245962499999999917e-01 4.872117999999999727e-01
7.283911250000000281e-01 -1.244772499999999837e-01 4.821909249999999925e-01
7.346152250000000938e-01 -1.245124999999999982e-01 4.770713249999999905e-01
7.149241450000000109e-01 -1.267685000000000062e-01 4.792686999999999919e-01
7.213678750000001028e-01 -1.263192499999999940e-01 4.745771999999999768e-01
7.277338500000000154e-01 -1.258024999999999838e-01 4.696407549999999653e-01
7.095411250000001058e-01 -1.199587500000000029e-01 4.738795275000000085e-01
7.160221650000000437e-01 -1.194312499999999888e-01 4.693058250000000098e-01
7.223582250000000204e-01 -1.185782499999999962e-01 4.645321249999999624e-01
7.080811750000000071e-01 -1.093075000000000019e-01 4.739614649999999707e-01
7.145068685000000031e-01 -1.085517500000000024e-01 4.695105524999999558e-01
7.208259500000000486e-01 -1.076409999999999867e-01 4.648560499999999651e-01
7.086030750000000822e-01 -9.610625000000000417e-02 4.767983499999999819e-01
7.147920225000000682e-01 -9.578049999999999065e-02 4.721886252499999936e-01
7.209740500000000329e-01 -9.545675000000000687e-02 4.674276749999999869e-01
7.084904250000000347e-01 -8.289649999999998409e-02 4.757993999999999835e-01
7.143628710000000659e-01 -8.314925000000000788e-02 4.711072799999999616e-01
7.204213250000000013e-01 -8.332475000000000298e-02 4.664172500000000054e-01
7.064866750000000639e-01 -7.037174999999998293e-02 4.720004024499999673e-01
7.126017750000001039e-01 -7.085800000000000431e-02 4.679340499999999903e-01
7.188626500000000474e-01 -7.099949999999999317e-02 4.635853999999999808e-01
7.073901250000000918e-01 -5.831249999999998934e-02 4.704304025000000111e-01
7.130800825000001009e-01 -5.841324999999999990e-02 4.674466250000000045e-01
7.191478500000000329e-01 -5.824550000000000560e-02 4.631240249999999947e-01
7.087283000000000888e-01 -4.591624999999999179e-02 4.698389499999999774e-01
7.146495920000000002e-01 -4.623125000000000151e-02 4.694019749999999713e-01
7.205502000000000296e-01 -4.579099999999999837e-02 4.650806749999999989e-01
7.091778000000000803e-01 -3.377524999999999278e-02 4.725452799999999565e-01
7.149779350000000644e-01 -3.376975000000000116e-02 4.695950649999999782e-01
7.207168750000000346e-01 -3.349449999999999650e-02 4.652576999999999963e-01
7.079716000000000342e-01 -2.322325000000000084e-02 4.715783074999999602e-01
7.134298950000000916e-01 -2.184599999999999043e-02 4.690795749999999709e-01
7.189200250000000736e-01 -2.110999999999998988e-02 4.647186500000000109e-01
7.055550500000000724e-01 -1.135474999999999679e-02 4.664112999999999731e-01
7.104567000000000521e-01 -9.909000000000001140e-03 4.657289749999999895e-01
7.153711575000000211e-01 -8.991999999999999993e-03 4.615357999999999961e-01
7.028559250000000480e-01 1.886499999999999289e-03 4.663713499999999623e-01
7.075757500000000588e-01 2.821000000000004060e-03 4.655387249999999866e-01
7.123385925000000896e-01 3.763750000000010143e-03 4.611106499999999553e-01
6.964280500000000762e-01 1.342000000000000137e-02 4.681911249999999858e-01
7.017234250000000673e-01 1.512250000000000399e-02 4.645954499999999654e-01
7.069627000000000550e-01 1.637325000000000585e-02 4.602025249999999734e-01
6.918090749999999955e-01 2.576625000000000443e-02 4.696219974999999991e-01
6.970679250000000327e-01 2.701850000000000779e-02 4.654832499999999595e-01
7.021964750000000421e-01 2.822800000000000309e-02 4.611768749999999861e-01
6.915565250000000885e-01 3.765600000000000197e-02 4.744194474999999800e-01
6.963854000000000433e-01 3.863525000000000292e-02 4.704845449999999762e-01
7.013974500000000889e-01 3.941725000000000784e-02 4.660917749999999860e-01
6.992272999999999961e-01 4.638224999999999987e-02 4.815668249999999762e-01
7.013417000000000678e-01 4.634700000000000625e-02 4.783957999999999822e-01
7.059291750000000754e-01 4.631175000000000569e-02 4.736275549999999779e-01
7.089936250000000717e-01 4.668300000000000227e-02 4.922680249999999980e-01
7.110264000000000584e-01 4.634925000000000850e-02 4.860533499999999951e-01
7.137675250000000693e-01 4.577400000000000913e-02 4.799825999999999815e-01
7.186319500000000193e-01 3.768000000000000516e-02 4.972824999999999607e-01
7.196381750000000466e-01 3.816525000000000473e-02 4.896667999999999576e-01
7.209067250000000815e-01 3.836450000000000277e-02 4.820618499999999584e-01
7.277201750000000802e-01 2.489000000000000240e-02 4.951724999999999599e-01
7.270643500000000259e-01 2.691600000000000242e-02 4.868987249999999767e-01
7.268525750000000007e-01 2.815525000000000666e-02 4.782576000000000049e-01
7.331781250000000139e-01 1.083875000000000810e-02 4.908268999999999549e-01
7.298576750000000946e-01 1.377175000000000621e-02 4.824540749999999822e-01
7.296008999999999967e-01 1.541275000000000284e-02 4.726163150000000091e-01
7.337426250000000927e-01 4.271750000000004710e-03 4.907812249999999876e-01
7.332965250000000879e-01 4.975250000000000505e-03 4.794171249999999995e-01
7.330221250000000799e-01 5.934000000000008712e-03 4.690976499999999771e-01
7.412032500000000912e-01 -3.805749999999996636e-03 4.867313749999999661e-01
7.407667500000000294e-01 -2.708249999999995383e-03 4.784819999999999629e-01
7.408345000000000624e-01 -1.426749999999990526e-03 4.687717249999999725e-01
7.493240000000001011e-01 -9.774749999999998717e-03 4.844487999999999572e-01
7.490180000000000726e-01 -8.654499999999995530e-03 4.772734750000000026e-01
7.490187500000000664e-01 -7.913249999999996676e-03 4.698307724999999935e-01
7.508377500000000815e-01 -1.775999999999999801e-02 4.815007000000000037e-01
7.507000000000000339e-01 -1.694699999999998985e-02 4.749400249999999879e-01
7.501842499999999969e-01 -1.629975000000000174e-02 4.683061499999999766e-01
7.447597500000000537e-01 -2.358699999999999686e-02 4.801608749999999870e-01
7.443372500000000613e-01 -2.310249999999999804e-02 4.738813899999999579e-01
7.436212500000000114e-01 -2.254325000000000079e-02 4.675841749999999908e-01
7.354992500000000488e-01 -2.321974999999999734e-02 4.805420999999999720e-01
7.340958250000000351e-01 -2.275649999999999895e-02 4.744771024999999698e-01
7.324959250000000477e-01 -2.205949999999999578e-02 4.686600750000000093e-01
7.275603750000000369e-01 -1.784174999999998956e-02 4.825455499999999898e-01
7.254456250000000939e-01 -1.742199999999999305e-02 4.768281500000000062e-01
7.233300250000000986e-01 -1.661349999999998939e-02 4.718066022499999845e-01
7.234180000000000055e-01 -7.951500000000000234e-03 4.844157499999999783e-01
7.208327750000000922e-01 -7.824499999999998123e-03 4.789653249999999973e-01
7.182769250000000660e-01 -7.607499999999989271e-03 4.735023074999999970e-01
7.226970249999999929e-01 3.857499999999999818e-03 4.834356499999999945e-01
7.199256250000000135e-01 3.225000000000005640e-03 4.781494749999999905e-01
7.171739500000000600e-01 2.599250000000011274e-03 4.728088225000000033e-01
7.191497000000000028e-01 1.459950000000000137e-02 4.835499999999999798e-01
7.160632075000000762e-01 1.375000000000000527e-02 4.785453249999999659e-01
7.130147300000000410e-01 1.281825000000000325e-02 4.734789225000000101e-01
7.142334707500000990e-01 2.489525000000000765e-02 4.853897249999999941e-01
7.103802750000000055e-01 2.410100000000000436e-02 4.809710499999999556e-01
7.066083000000000780e-01 2.319025000000000253e-02 4.765735999999999861e-01
7.086473750000000793e-01 3.644350000000000367e-02 4.886556249999999824e-01
7.049634500000000470e-01 3.521750000000000574e-02 4.842466500000000007e-01
7.007531750000000059e-01 3.381900000000000184e-02 4.802556749999999930e-01
7.038159500000000790e-01 4.786225000000000895e-02 4.902132249999999747e-01
7.000562500000000465e-01 4.630200000000000288e-02 4.862442249999999744e-01
6.959455500000000239e-01 4.480000000000000648e-02 4.823495250000000012e-01
7.007382000000000888e-01 6.011997500000000605e-02 4.913632000000000000e-01
6.961837750000000602e-01 5.800685000000000563e-02 4.881187999999999638e-01
6.916289500000000201e-01 5.597342500000000720e-02 4.849159249999999699e-01
6.955841249999999976e-01 7.183288000000000173e-02 4.907254749999999666e-01
6.911228750000000254e-01 6.925472500000000309e-02 4.877303000000000055e-01
6.866915000000000102e-01 6.661697500000000882e-02 4.847584500000000074e-01
6.906624250000000798e-01 8.300390000000000545e-02 4.919331000000000120e-01
6.860922500000000701e-01 8.019222500000000586e-02 4.892941499999999833e-01
6.815072500000000089e-01 7.742770000000000208e-02 4.866473499999999786e-01
6.869285000000000529e-01 9.417530000000000345e-02 4.908949499999999966e-01
6.821720000000000006e-01 9.130259999999999765e-02 4.885382749999999663e-01
6.773717500000000502e-01 8.851517500000000149e-02 4.861661499999999636e-01
6.847267500000000506e-01 1.046052499999999968e-01 4.879197000000000117e-01
6.797500000000000764e-01 1.019977499999999981e-01 4.856707999999999581e-01
6.746955000000000036e-01 9.945924999999999905e-02 4.834171749999999768e-01
6.824102499999999960e-01 1.147385000000000072e-01 4.878797999999999746e-01
6.769300000000000317e-01 1.129075000000000079e-01 4.859968000000000066e-01
6.714115000000000499e-01 1.112357499999999944e-01 4.841562999999999839e-01
6.804560000000000608e-01 1.242354999999999987e-01 4.905608249999999781e-01
6.745970000000000022e-01 1.228142500000000137e-01 4.892248249999999743e-01
6.687270000000000714e-01 1.216285000000000005e-01 4.878267250000000166e-01
6.799617500000000314e-01 1.342212500000000142e-01 4.913509500000000085e-01
6.738534999999999942e-01 1.333024999999999904e-01 4.904412999999999689e-01
6.676682500000000742e-01 1.326747500000000080e-01 4.895292749999999860e-01
6.802437500000000359e-01 1.421919999999999851e-01 4.952119500000000119e-01
6.738855000000000262e-01 1.415757500000000002e-01 4.949485249999999725e-01
6.674742500000000467e-01 1.412140000000000062e-01 4.947094249999999804e-01
6.819297500000000012e-01 1.463147499999999934e-01 5.017310000000000381e-01
6.754977500000000079e-01 1.454982499999999956e-01 5.021092499999999514e-01
6.690447500000000769e-01 1.446547499999999986e-01 5.024177499999999963e-01
6.851452500000000390e-01 1.445677499999999949e-01 5.091384999999999383e-01
6.786685000000000079e-01 1.434529999999999972e-01 5.092512499999999331e-01
6.722960000000000047e-01 1.418425000000000102e-01 5.095319999999999849e-01
6.896315000000000639e-01 1.372389999999999999e-01 5.131962500000000205e-01
6.828777500000000611e-01 1.359664999999999901e-01 5.129372500000000112e-01
6.762312500000000615e-01 1.342937499999999895e-01 5.124297500000000172e-01
6.929342000000000557e-01 1.256744999999999945e-01 5.105629999999999891e-01
6.858865000000000656e-01 1.254287500000000055e-01 5.107190000000000341e-01
6.788192500000000962e-01 1.236895000000000078e-01 5.108399999999999608e-01
6.959754750000000101e-01 1.082235000000000003e-01 5.116312499999999819e-01
6.879990000000000272e-01 1.090870000000000034e-01 5.113622500000000182e-01
6.800160000000000649e-01 1.086062500000000014e-01 5.114699999999999802e-01
6.984192250000000879e-01 9.140050000000000952e-02 5.180592499999999712e-01
6.888295000000000945e-01 9.340865000000000973e-02 5.170799999999999841e-01
6.793992500000000101e-01 9.401082500000000619e-02 5.166122499999999951e-01
7.014464250000000956e-01 7.914614999999999845e-02 5.262422500000000225e-01
6.897502000000000910e-01 8.129342500000000249e-02 5.249420000000000197e-01
6.788932500000000037e-01 8.275757499999999989e-02 5.237902500000000128e-01
7.028083000000000524e-01 7.168199749999999704e-02 5.331015000000000059e-01
6.913514500000000895e-01 7.316219250000000063e-02 5.326692499999999830e-01
6.803870000000000751e-01 7.514103750000000748e-02 5.316155000000000186e-01
7.010854499999999989e-01 6.779620000000000091e-02 5.384372499999999784e-01
6.924242500000000744e-01 6.797802499999999748e-02 5.390989999999999949e-01
6.840337499999999959e-01 6.796492500000000936e-02 5.401179999999999870e-01
7.019266750000000554e-01 6.549587500000000895e-02 5.471239999999999437e-01
6.952706250000000310e-01 6.503074999999999828e-02 5.492187499999999778e-01
6.889315000000000300e-01 6.446822500000000400e-02 5.512719999999999843e-01
7.049201750000000377e-01 6.510702499999999893e-02 5.545884999999999287e-01
7.010396250000000551e-01 6.461705000000000920e-02 5.585777499999999840e-01
6.967030750000000605e-01 6.396530000000000271e-02 5.626727499999999438e-01
7.104467000000000976e-01 6.163497500000000850e-02 5.579534999999999911e-01
7.101759250000000412e-01 5.935122500000000745e-02 5.627852500000000147e-01
7.102533750000000756e-01 5.656390000000000029e-02 5.677982499999999488e-01
7.159306050000000532e-01 5.800685000000000563e-02 5.543327499999999297e-01
7.183782499999999960e-01 5.405555000000000776e-02 5.571437499999999376e-01
7.210425750000000189e-01 4.973867500000000302e-02 5.600169999999999870e-01
7.172044499999999934e-01 5.471525000000000694e-02 5.467834999999999779e-01
7.200862749999999979e-01 4.974577500000000596e-02 5.471872500000000139e-01
7.230095750000000709e-01 4.461600000000000288e-02 5.473999999999999977e-01
7.133094800000000513e-01 5.284927500000000111e-02 5.382055000000000033e-01
7.159548775000000864e-01 4.719800000000000384e-02 5.371907499999999391e-01
7.185660500000000672e-01 4.157025000000000303e-02 5.362169999999999437e-01
7.083384750000000230e-01 4.871800000000000436e-02 5.269289999999999807e-01
7.111530750000000234e-01 4.323450000000000903e-02 5.261350000000000193e-01
7.139568500000000872e-01 3.777450000000000252e-02 5.254385000000000305e-01
7.065374750000000814e-01 4.508950000000000458e-02 5.136252500000000332e-01
7.097522500000000845e-01 3.937025000000000247e-02 5.134819999999999940e-01
7.129728900000000813e-01 3.364175000000000498e-02 5.134400000000000075e-01
7.083586000000000604e-01 3.991850000000000259e-02 4.987642499999999646e-01
7.115179500000000656e-01 3.437025000000000496e-02 4.988037499999999902e-01
7.146002772500000821e-01 2.900225000000000719e-02 4.989844999999999975e-01
7.135670075000000168e-01 3.513225000000000375e-02 4.838680750000000086e-01
7.165902900000000741e-01 2.961350000000000787e-02 4.844622999999999569e-01
7.180073250000000851e-01 2.531675000000000592e-02 4.838689499999999644e-01
7.222786500000000220e-01 3.258275000000000754e-02 4.721384690000000051e-01
7.250415250000000755e-01 2.702900000000000441e-02 4.730853975000000045e-01
7.267011750000000880e-01 2.165125000000000383e-02 4.725082674999999677e-01
7.338789500000000299e-01 3.300425000000000580e-02 4.655524749999999656e-01
7.361176000000000386e-01 2.737050000000000594e-02 4.665167499999999801e-01
7.380074750000000794e-01 2.158375000000000571e-02 4.659434749999999958e-01
7.461237500000000855e-01 3.566300000000000719e-02 4.642033250000000000e-01
7.477987500000000676e-01 2.982850000000000779e-02 4.650081749999999681e-01
7.501150000000000873e-01 2.373775000000000190e-02 4.642248749999999813e-01
7.584272499999999972e-01 3.904500000000000332e-02 4.648170249999999948e-01
7.596487499999999837e-01 3.317200000000000704e-02 4.654167499999999902e-01
7.617492500000000444e-01 2.742425000000000418e-02 4.662226749999999753e-01
7.698757500000000809e-01 4.330350000000000865e-02 4.678912499999999808e-01
7.717030000000000278e-01 3.740250000000001213e-02 4.684989249999999550e-01
7.735112500000000946e-01 3.151475000000001497e-02 4.691155999999999660e-01
7.823660000000000059e-01 4.766125000000000916e-02 4.678397749999999577e-01
7.839902499999999996e-01 4.172575000000001283e-02 4.683466499999999755e-01
7.855779999999999985e-01 3.579825000000001062e-02 4.688664750000000048e-01
7.947215000000000806e-01 5.171960000000000446e-02 4.657193749999999910e-01
7.961670000000000691e-01 4.572750000000000425e-02 4.661457999999999990e-01
7.976505000000000400e-01 3.979150000000001436e-02 4.666062749999999593e-01
8.079720000000000235e-01 5.535860000000000780e-02 4.648360249999999860e-01
8.087870000000000337e-01 4.919040000000000912e-02 4.652386749999999904e-01
8.097317500000000834e-01 4.303950000000000831e-02 4.656953749999999670e-01
8.191910000000000025e-01 5.822137500000001270e-02 4.653178749999999919e-01
8.199227500000000335e-01 5.185495000000001076e-02 4.657467999999999608e-01
8.207592500000000513e-01 4.555250000000000965e-02 4.661788249999999634e-01
8.303004999999999969e-01 6.020680000000001170e-02 4.648599999999999954e-01
8.307307500000000733e-01 5.378705000000000985e-02 4.653321749999999590e-01
8.312642500000000378e-01 4.739750000000000907e-02 4.657963249999999555e-01
8.412117500000000359e-01 6.139492500000000991e-02 4.655011249999999601e-01
8.415137500000000603e-01 5.480592500000001227e-02 4.659957999999999601e-01
8.419320000000000137e-01 4.829550000000001203e-02 4.664886749999999638e-01
8.517989999999999728e-01 6.248522500000001229e-02 4.669186999999999643e-01
8.519465000000000510e-01 5.571525000000000782e-02 4.674193999999999849e-01
8.522160000000000846e-01 4.901225000000000720e-02 4.679341499999999932e-01
8.621252500000000651e-01 6.293967500000001436e-02 4.693124499999999921e-01
8.618775000000000741e-01 5.599162500000001708e-02 4.697526574999999482e-01
8.617587500000000178e-01 4.904577500000001367e-02 4.702095949999999802e-01
8.714772500000000921e-01 6.309272500000001616e-02 4.699421674999999521e-01
8.715589999999999726e-01 5.577665000000001094e-02 4.704333374999999928e-01
8.715782499999999988e-01 4.837675000000001002e-02 4.709340649999999573e-01
8.807165000000000132e-01 6.463427500000001880e-02 4.698421799999999982e-01
8.812857499999999789e-01 5.651310000000001055e-02 4.703785199999999667e-01
8.816502500000000797e-01 4.821025000000001004e-02 4.709345924999999711e-01
8.900005000000000832e-01 6.704550000000000787e-02 4.697391574999999486e-01
8.912087500000001050e-01 5.838697500000001456e-02 4.703061649999999982e-01
8.921955000000000302e-01 4.941595000000001403e-02 4.709055124999999564e-01
8.981570000000000942e-01 7.239598000000001254e-02 4.694630999999999665e-01
8.999697500000000128e-01 6.157517500000001670e-02 4.701471324999999535e-01
9.012330000000000618e-01 5.131597500000001366e-02 4.708220599999999867e-01
9.071537499999999810e-01 7.552060000000002105e-02 4.689532499999999882e-01
9.085587500000000816e-01 6.450030000000001040e-02 4.696703224999999593e-01
9.098357500000000542e-01 5.351585000000001757e-02 4.703854599999999775e-01
9.168982500000000258e-01 7.656595000000002149e-02 4.696323349999999563e-01
9.179637500000000783e-01 6.742137500000001948e-02 4.702230199999999916e-01
9.191725000000000589e-01 5.825080000000001923e-02 4.708289874999999625e-01
9.279420000000000446e-01 7.807085000000002495e-02 4.703782649999999621e-01
9.290122499999999839e-01 6.981052500000001215e-02 4.709210999999999814e-01
9.301712500000000050e-01 6.148497500000001809e-02 4.714749149999999944e-01
9.509145000000001069e-01 7.373349050000001237e-02 4.723417374999999696e-01
