5.060120000000000173e-01 -3.640875000000000361e-02 4.721292080000000224e-01
5.523070000000001034e-01 -3.323425000000000684e-02 4.666531500000000166e-01
5.501830000000000886e-01 -4.426975000000001048e-02 4.718675327499999850e-01
5.484442500000000775e-01 -5.532874999999998211e-02 4.773331249999999693e-01
5.638537500000000424e-01 -3.509525000000000838e-02 4.660316749999999786e-01
5.613877500000000742e-01 -4.621125000000000926e-02 4.711600824999999659e-01
5.599875000000000824e-01 -5.731624999999998527e-02 4.768594749999999771e-01
5.755555000000001087e-01 -3.786675000000000457e-02 4.645298499999999664e-01
5.727957500000000479e-01 -4.794450000000001488e-02 4.705021050000000038e-01
5.706847500000000739e-01 -5.907524999999999582e-02 4.763227999999999906e-01
5.868742500000000417e-01 -3.848400000000000432e-02 4.662509999999999710e-01
5.835317500000000157e-01 -4.780600000000001515e-02 4.720302517500000183e-01
5.817495000000000305e-01 -5.831074999999999453e-02 4.776949249999999925e-01
5.969352500000000283e-01 -3.992475000000000884e-02 4.660931999999999853e-01
5.937237500000001056e-01 -4.868675000000001474e-02 4.716506474999999643e-01
5.918220000000000702e-01 -5.879724999999999535e-02 4.773172499999999707e-01
6.047385000000000677e-01 -4.166625000000000190e-02 4.667417500000000108e-01
6.016550000000000509e-01 -5.031175000000000230e-02 4.721757604999999858e-01
5.994742500000000973e-01 -5.997600000000000153e-02 4.777429499999999996e-01
6.121557500000001095e-01 -4.223849999999999827e-02 4.676016499999999798e-01
6.098765000000000436e-01 -5.108250000000000290e-02 4.733108974999999941e-01
6.081002500000000088e-01 -6.056000000000000272e-02 4.790344750000000151e-01
6.212555000000000716e-01 -4.303324999999999512e-02 4.677940250000000022e-01
6.186837500000000878e-01 -5.181749999999998857e-02 4.736247825000000078e-01
6.168785000000001073e-01 -6.089474999999999749e-02 4.794288250000000029e-01
6.307949999999999946e-01 -4.476700000000000124e-02 4.668982749999999737e-01
6.286070000000000269e-01 -5.374750000000000361e-02 4.729775599999999636e-01
6.262692499999999995e-01 -6.249499999999999500e-02 4.788852000000000109e-01
6.412945000000001006e-01 -4.653024999999999523e-02 4.669223499999999860e-01
6.390607500000000663e-01 -5.529549999999999743e-02 4.730841725000000109e-01
6.369942500000000951e-01 -6.393725000000000103e-02 4.792036749999999956e-01
6.534087500000000936e-01 -4.755399999999999905e-02 4.675380749999999974e-01
6.509835000000000482e-01 -5.583325000000000093e-02 4.738414599999999921e-01
6.485935000000000450e-01 -6.444425000000000847e-02 4.803945749999999904e-01
6.671992500000000215e-01 -4.773199999999999665e-02 4.677397249999999951e-01
6.657757499999999995e-01 -5.599799999999999223e-02 4.745488999999999957e-01
6.643857499999999972e-01 -6.419874999999999887e-02 4.812711000000000072e-01
6.819422500000000831e-01 -4.650074999999999348e-02 4.702054724999999991e-01
6.820352500000000928e-01 -5.541374999999998385e-02 4.764452999999999605e-01
6.817022500000000651e-01 -6.188274999999998638e-02 4.827365750000000011e-01
6.981134750000000944e-01 -4.456675000000000220e-02 4.710214524999999930e-01
6.964949250000000980e-01 -4.986449999999999216e-02 4.793382250000000067e-01
6.961806000000000383e-01 -5.202599999999998892e-02 4.845866500000000077e-01
7.120831075000000343e-01 -4.231549999999999201e-02 4.754503250000000070e-01
7.120478775000000926e-01 -4.868775000000000186e-02 4.812554499999999735e-01
7.115735499999999991e-01 -5.118475000000000108e-02 4.875319249999999771e-01
7.240870500000000654e-01 -4.016199999999998937e-02 4.802932500000000049e-01
7.245704750000000471e-01 -4.391124999999999889e-02 4.845909749999999794e-01
7.264595750000000240e-01 -4.985524999999998985e-02 4.922651749999999993e-01
7.361729000000000189e-01 -3.577474999999999405e-02 4.822468500000000047e-01
7.365492000000000150e-01 -3.759875000000000023e-02 4.857693249999999741e-01
7.384964250000000119e-01 -4.211474999999999247e-02 4.945295999999999581e-01
7.445995000000000807e-01 -2.718500000000000083e-02 4.805465999999999904e-01
7.446115000000000927e-01 -3.062449999999999894e-02 4.864693749999999817e-01
7.484392500000000004e-01 -3.649099999999999566e-02 4.939757499999999912e-01
7.517955000000000609e-01 -2.105024999999999258e-02 4.788597249999999583e-01
7.519340000000001023e-01 -2.348100000000000187e-02 4.874185500000000060e-01
7.551377500000000520e-01 -2.874799999999999578e-02 4.951773749999999752e-01
7.569310000000000205e-01 -1.248599999999999710e-02 4.805171749999999631e-01
7.587402500000000050e-01 -1.724974999999999425e-02 4.884433749999999574e-01
7.613235000000000419e-01 -2.267474999999999352e-02 4.962838749999999854e-01
7.605867500000000891e-01 -5.062999999999998058e-03 4.815164499999999848e-01
7.633392500000000247e-01 -9.765249999999989217e-03 4.897010249999999565e-01
7.659920000000000062e-01 -1.459574999999999068e-02 4.978099999999999747e-01
7.640597500000000375e-01 1.124250000000007188e-03 4.863558000000000048e-01
7.654670000000000085e-01 -1.760499999999998177e-03 4.915963250000000007e-01
7.675405000000000699e-01 -6.019749999999990386e-03 4.994417499999999621e-01
7.652187500000000586e-01 9.885249999999998205e-03 4.923195249999999801e-01
7.658517500000000533e-01 6.668000000000007255e-03 4.951419249999999828e-01
7.675432500000000102e-01 1.427999999999998715e-03 5.026895000000000113e-01
7.642292500000000821e-01 2.068000000000000393e-02 4.952700499999999617e-01
7.660649999999999959e-01 1.569450000000000706e-02 5.008924999999999628e-01
7.674985000000000834e-01 1.010824999999999918e-02 5.083969999999999878e-01
7.635067500000000118e-01 2.954000000000000375e-02 5.014134999999999565e-01
7.653480000000000283e-01 2.333900000000000557e-02 5.081432499999999353e-01
7.665460000000000607e-01 1.744225000000000636e-02 5.151497499999999619e-01
7.611470000000000180e-01 3.649925000000000391e-02 5.102592499999999420e-01
7.629007500000000164e-01 3.008000000000000257e-02 5.163744999999999585e-01
7.640970000000000262e-01 2.362675000000000192e-02 5.223599999999999355e-01
7.576340000000000297e-01 4.151775000000000604e-02 5.189547500000000202e-01
7.593460000000000765e-01 3.434300000000000547e-02 5.239932499999999660e-01
7.609680000000000888e-01 2.729300000000000476e-02 5.286087499999999606e-01
7.559272500000000505e-01 4.819625000000000992e-02 5.288982500000000142e-01
7.577027500000000915e-01 3.996825000000000377e-02 5.321357500000000185e-01
7.595125000000000348e-01 3.191775000000000168e-02 5.351819999999999355e-01
7.510450000000000736e-01 5.054720000000000740e-02 5.385634999999999728e-01
7.531667500000001070e-01 4.221700000000000452e-02 5.401947499999999458e-01
7.557522500000000143e-01 3.378425000000000178e-02 5.415702500000000308e-01
7.448790000000000688e-01 4.849400000000000932e-02 5.447640000000000260e-01
7.458740000000000370e-01 4.147075000000000761e-02 5.454137500000000305e-01
7.492940000000000156e-01 3.338850000000000151e-02 5.460169999999999746e-01
7.406457500000001026e-01 4.320275000000000504e-02 5.553365000000000107e-01
7.418790000000000662e-01 3.770175000000000609e-02 5.540100000000000025e-01
7.447372500000000173e-01 3.095875000000000710e-02 5.525567499999999299e-01
7.293004000000000708e-01 4.487425000000000441e-02 5.581564999999999444e-01
7.315533000000000730e-01 3.673475000000000351e-02 5.601717499999999683e-01
7.331192000000000819e-01 2.841200000000000669e-02 5.615879999999999761e-01
7.180596250000000902e-01 4.132150000000000406e-02 5.636814999999999465e-01
7.221496000000000581e-01 3.346050000000000413e-02 5.637737499999999624e-01
7.250570250000000216e-01 2.588925000000000254e-02 5.644774999999999654e-01
7.072486750000001043e-01 3.265425000000000272e-02 5.639889999999999626e-01
7.133043450000000618e-01 2.556575000000000514e-02 5.639815000000000245e-01
7.193591500000000583e-01 1.888550000000000645e-02 5.639637499999999859e-01
7.000748750000000964e-01 2.184050000000000574e-02 5.581052499999999972e-01
7.076977750000000844e-01 1.667625000000000357e-02 5.591617500000000129e-01
7.152065600000000467e-01 1.148300000000000709e-02 5.598322500000000312e-01
6.989301250000000687e-01 1.154000000000000165e-02 5.489087499999999453e-01
7.067254500000000883e-01 7.865250000000004182e-03 5.510245000000000282e-01
7.143530255000000162e-01 3.874250000000009631e-03 5.525282499999999430e-01
6.979042000000000856e-01 -1.507499999999911688e-04 5.416914999999999925e-01
7.054270500000000554e-01 -2.699999999999994071e-03 5.441139999999999866e-01
7.127572450000000392e-01 -6.365499999999996161e-03 5.457482499999999348e-01
6.954069750000000383e-01 -1.121099999999999874e-02 5.348562500000000330e-01
7.027916750000000601e-01 -1.368824999999999903e-02 5.372230000000000061e-01
7.100391500000000633e-01 -1.750749999999999529e-02 5.389582499999999721e-01
6.926765250000000984e-01 -2.292199999999999793e-02 5.306022499999999420e-01
6.997656750000000869e-01 -2.564524999999999444e-02 5.326637499999999914e-01
7.069156250000000474e-01 -2.860825000000000173e-02 5.347204999999999320e-01
6.870697500000000346e-01 -3.273974999999999802e-02 5.299139999999999961e-01
6.942887750000000802e-01 -3.553225000000000133e-02 5.319399999999999684e-01
7.014985500000000540e-01 -3.826224999999999765e-02 5.339427500000000215e-01
6.837085000000000523e-01 -4.225424999999999320e-02 5.251409999999999689e-01
6.909428000000000791e-01 -4.477349999999999386e-02 5.272535000000000416e-01
6.983368000000000908e-01 -4.714124999999999566e-02 5.294124999999999526e-01
6.839450000000000252e-01 -4.715924999999999978e-02 5.158044999999999991e-01
6.911923250000000518e-01 -4.981850000000000167e-02 5.177347500000000213e-01
6.985430500000000542e-01 -5.230175000000000796e-02 5.193982499999999503e-01
6.867135000000000877e-01 -4.663674999999999071e-02 5.050737499999999880e-01
6.938444000000000278e-01 -4.934124999999998928e-02 5.069067499999999615e-01
7.011671500000000723e-01 -5.174924999999999664e-02 5.085932499999999967e-01
6.898688750000000480e-01 -4.914174999999999793e-02 4.920194999999999985e-01
6.965330000000000688e-01 -5.162574999999999803e-02 4.942178249999999995e-01
7.036304000000001002e-01 -5.380774999999998753e-02 4.966812250000000040e-01
6.998294750000000342e-01 -5.392649999999998833e-02 4.827100749999999607e-01
7.026292500000000940e-01 -5.298624999999998475e-02 4.838768999999999987e-01
7.081490000000000284e-01 -5.247174999999998368e-02 4.850768500000000039e-01
7.026603500000000446e-01 -4.744574999999999487e-02 4.707639399999999918e-01
7.065514000000000516e-01 -4.913474999999999093e-02 4.739424824999999841e-01
7.120253275000000270e-01 -5.365724999999998968e-02 4.757455250000000024e-01
7.096488250000000386e-01 -4.132999999999999174e-02 4.662892750000000031e-01
7.138075150000000590e-01 -4.550674999999999859e-02 4.683399249999999903e-01
7.192989750000000626e-01 -5.024125000000000119e-02 4.698228024999999697e-01
7.188853500000000896e-01 -3.597549999999999359e-02 4.646598499999999854e-01
7.219185250000000886e-01 -3.918125000000000080e-02 4.646734750000000025e-01
7.270436750000000004e-01 -4.393374999999999364e-02 4.646762249999999983e-01
7.254415500000001016e-01 -2.883650000000000102e-02 4.663273499999999738e-01
7.302212750000000030e-01 -3.254775000000000029e-02 4.680708499999999828e-01
7.356832000000000926e-01 -3.674824999999999620e-02 4.681913500000000061e-01
7.306625500000000217e-01 -2.199624999999999497e-02 4.645945999999999687e-01
7.361208750000000078e-01 -2.421149999999999691e-02 4.659076500000000065e-01
7.422127500000000877e-01 -2.753324999999999523e-02 4.659466250000000032e-01
7.370159000000000571e-01 -1.347924999999999818e-02 4.630046499999999621e-01
7.413517500000000870e-01 -1.472799999999999110e-02 4.656128999999999962e-01
7.474327500000000901e-01 -1.684750000000000136e-02 4.655019249999999831e-01
7.394630000000000924e-01 -2.273499999999997745e-03 4.646065500000000070e-01
7.434720000000000217e-01 -3.634249999999991654e-03 4.670887499999999970e-01
7.498265000000000624e-01 -5.042999999999991934e-03 4.670726499999999781e-01
7.374718500000000398e-01 1.049175000000000801e-02 4.675105999999999984e-01
7.438839999999999897e-01 9.443500000000007444e-03 4.684245249999999805e-01
7.505730000000000457e-01 7.668000000000008143e-03 4.683180750000000003e-01
7.378953750000000200e-01 2.285750000000000282e-02 4.720479939999999708e-01
7.444642500000000496e-01 2.119625000000000675e-02 4.721264827499999650e-01
7.509430000000000271e-01 1.933175000000000171e-02 4.719507534999999865e-01
7.413142500000000634e-01 3.124750000000000444e-02 4.810948250000000037e-01
7.450605000000000144e-01 2.890550000000000758e-02 4.815084749999999914e-01
7.512325000000000808e-01 2.663325000000000414e-02 4.807657499999999917e-01
7.483779999999999877e-01 2.920375000000000748e-02 4.937104999999999966e-01
7.484597500000000903e-01 2.904075000000000406e-02 4.933781749999999744e-01
7.522595000000000809e-01 2.644125000000000641e-02 4.908951500000000023e-01
7.484442500000000331e-01 1.740200000000000774e-02 5.068922499999999332e-01
7.519257500000000594e-01 1.830250000000000626e-02 5.027567499999999745e-01
7.563390000000000946e-01 2.088175000000000447e-02 5.002707499999999863e-01
7.528512500000000829e-01 3.518500000000007732e-03 5.069614999999999538e-01
7.546692500000000692e-01 5.962750000000002770e-03 5.022642499999999677e-01
7.582040000000001001e-01 7.133750000000008140e-03 4.966422499999999518e-01
7.503627500000000783e-01 -9.509749999999997372e-03 4.990192499999999698e-01
7.525012500000000104e-01 -5.653749999999999054e-03 4.926543749999999777e-01
7.562497500000000539e-01 -4.407499999999994755e-03 4.877845749999999980e-01
7.421170000000000266e-01 -1.905899999999999261e-02 4.902174499999999990e-01
7.468087500000000212e-01 -1.442399999999999238e-02 4.841891999999999863e-01
7.503385000000000193e-01 -1.258424999999999128e-02 4.760532499999999834e-01
7.330044750000000997e-01 -1.866124999999999035e-02 4.869551500000000033e-01
7.376631000000000160e-01 -1.846024999999999749e-02 4.775264999999999649e-01
7.424290000000000056e-01 -1.906650000000000011e-02 4.678979749999999660e-01
7.295027500000000886e-01 -2.693924999999999792e-02 4.814392999999999589e-01
7.342610250000000116e-01 -2.876524999999999221e-02 4.755662499999999682e-01
7.378786750000000394e-01 -2.884624999999998995e-02 4.675783249999999613e-01
7.311058500000000571e-01 -3.807299999999999573e-02 4.805221749999999958e-01
7.331554250000000827e-01 -3.905474999999999919e-02 4.749016249999999939e-01
7.355790500000000121e-01 -3.896299999999999764e-02 4.682042499999999885e-01
7.269819000000000697e-01 -4.480699999999999961e-02 4.782230999999999566e-01
7.277329250000000860e-01 -4.550825000000000009e-02 4.723290824999999971e-01
7.290834999999999955e-01 -4.521249999999998881e-02 4.658967499999999706e-01
7.212629000000000401e-01 -4.196174999999999211e-02 4.760361999999999649e-01
7.197991000000000250e-01 -4.361299999999999899e-02 4.703255899999999601e-01
7.202916500000000610e-01 -4.358374999999999055e-02 4.690286750000000060e-01
7.134520500000000043e-01 -3.979950000000000154e-02 4.764695749999999785e-01
7.117569000000000257e-01 -3.821025000000000116e-02 4.712877299999999603e-01
7.108975000000000710e-01 -3.713400000000000034e-02 4.692599499999999813e-01
7.111024250000000935e-01 -3.208924999999999972e-02 4.784947999999999979e-01
7.087782750000000132e-01 -3.033349999999999935e-02 4.736618074999999761e-01
7.069832750000000221e-01 -2.841874999999999263e-02 4.688859249999999812e-01
7.158450050000000342e-01 -2.322224999999999984e-02 4.793839749999999622e-01
7.129706199999999994e-01 -2.161799999999999833e-02 4.743758375000000083e-01
7.101729500000000250e-01 -1.991999999999999327e-02 4.693753499999999690e-01
7.239753500000000175e-01 -1.564924999999998956e-02 4.749265749999999620e-01
7.199785499999999949e-01 -1.493749999999999245e-02 4.705463374999999671e-01
7.160079650000000795e-01 -1.429774999999999796e-02 4.660744499999999735e-01
7.280772750000000793e-01 -5.655250000000000554e-03 4.718035212499999687e-01
7.235760750000000963e-01 -5.571249999999999813e-03 4.680176249999999927e-01
7.190549250000000114e-01 -5.536249999999992566e-03 4.642029999999999768e-01
7.289425500000000779e-01 5.688250000000005802e-03 4.711314624999999867e-01
7.239980000000000304e-01 5.547750000000004067e-03 4.680600500000000053e-01
7.190216000000000385e-01 5.393250000000002209e-03 4.650359499999999757e-01
7.276950750000000800e-01 1.821450000000000152e-02 4.731615524999999711e-01
7.228237750000000572e-01 1.749175000000000729e-02 4.700908749999999636e-01
7.175202000000000524e-01 1.651025000000000409e-02 4.675978000000000079e-01
7.232030750000000285e-01 2.895925000000000582e-02 4.771914499999999615e-01
7.191525750000000716e-01 2.784850000000000519e-02 4.741655649999999556e-01
7.138104050000000367e-01 2.676700000000000607e-02 4.719311939999999983e-01
7.167678150000000858e-01 3.642425000000000523e-02 4.844361500000000098e-01
7.143007120000000043e-01 3.589350000000000179e-02 4.809519250000000024e-01
7.102070249999999918e-01 3.684175000000000644e-02 4.770372250000000092e-01
7.157998300000000258e-01 4.691725000000000756e-02 4.887195749999999617e-01
7.106289250000000779e-01 4.648425000000000473e-02 4.860239499999999824e-01
7.055440750000000483e-01 4.596825000000000216e-02 4.831589499999999759e-01
7.132148150000000575e-01 5.358772500000000272e-02 4.967410499999999618e-01
7.076772000000000062e-01 5.397305000000000852e-02 4.947702749999999816e-01
7.021498500000000753e-01 5.439115000000000616e-02 4.928189749999999925e-01
7.134498875000000462e-01 6.093257500000000271e-02 5.042949999999999378e-01
7.077641000000000071e-01 6.206385000000000374e-02 5.029922500000000296e-01
7.020789500000000904e-01 6.328260000000000829e-02 5.017952500000000260e-01
7.149151400000000045e-01 6.538052500000000877e-02 5.133754999999999846e-01
7.092988000000000071e-01 6.699617500000000503e-02 5.129172499999999912e-01
7.036165000000000891e-01 6.867035000000000500e-02 5.125152499999999778e-01
7.172554500000000166e-01 6.678445000000000908e-02 5.221042499999999364e-01
7.119587725000000589e-01 6.881755000000000511e-02 5.235609999999999431e-01
7.067725250000000958e-01 7.088160000000000294e-02 5.252390000000000114e-01
7.224974500000000965e-01 6.889520000000000366e-02 5.288057499999999633e-01
7.181101500000000026e-01 7.148951750000000216e-02 5.317600000000000104e-01
7.137814425000000851e-01 7.404197475000000306e-02 5.347597499999999782e-01
7.285176250000000575e-01 6.860422500000000479e-02 5.346134999999999637e-01
7.250298250000000166e-01 7.122657500000000030e-02 5.386117499999999447e-01
7.214024750000000985e-01 7.394374500000000516e-02 5.427764999999999951e-01
7.340297250000000773e-01 6.479927500000000340e-02 5.383259999999999712e-01
7.314136500000000263e-01 6.685012500000001023e-02 5.436079999999999801e-01
7.285612250000000900e-01 6.913870000000001126e-02 5.488695000000000102e-01
7.375769250000000499e-01 5.806062500000000459e-02 5.404884999999999273e-01
7.354096500000000258e-01 5.936140000000000860e-02 5.463544999999999652e-01
7.330486500000000794e-01 6.083085000000000575e-02 5.522249999999999659e-01
7.383802250000000011e-01 4.845250000000000945e-02 5.399377499999999941e-01
7.367774000000000267e-01 4.995235000000000647e-02 5.456934999999999425e-01
7.347701500000000108e-01 5.089242500000000502e-02 5.516887499999999500e-01
7.339458000000000926e-01 3.953850000000000420e-02 5.403719999999999635e-01
7.331446500000000643e-01 4.110100000000000559e-02 5.463662499999999422e-01
7.317051750000000965e-01 4.185800000000000631e-02 5.486442499999999445e-01
7.351681000000001021e-01 2.462650000000000255e-02 5.464447500000000346e-01
7.336662000000000461e-01 2.887825000000000114e-02 5.512654999999999639e-01
7.302994750000000312e-01 2.969825000000000242e-02 5.545662499999999273e-01
7.349784000000000317e-01 1.002950000000001063e-02 5.570547500000000429e-01
7.347452500000000164e-01 1.528425000000000616e-02 5.627554999999999641e-01
7.346707500000000390e-01 1.898150000000000531e-02 5.687942499999999457e-01
7.363048500000000107e-01 -3.365999999999993997e-03 5.649807500000000315e-01
7.363073500000000271e-01 2.337749999999999551e-03 5.723074999999999690e-01
7.361090000000000133e-01 6.913000000000002476e-03 5.804792500000000022e-01
7.382425500000000529e-01 -1.396374999999999700e-02 5.680732499999999741e-01
7.384897250000000968e-01 -8.773749999999996829e-03 5.779400000000000093e-01
7.383513250000000028e-01 -4.165249999999995345e-03 5.875799999999999912e-01
7.397992500000000193e-01 -2.144625000000000004e-02 5.679302499999999698e-01
7.404712500000000253e-01 -1.852025000000000199e-02 5.786027499999999435e-01
7.405310000000000503e-01 -1.471924999999998929e-02 5.885887499999999939e-01
7.423842500000000788e-01 -2.523499999999999355e-02 5.697829999999999284e-01
7.436522500000000147e-01 -2.467524999999999580e-02 5.782182499999999337e-01
7.450475000000000847e-01 -2.416649999999999354e-02 5.862317499999999404e-01
7.480972500000000469e-01 -2.752224999999999810e-02 5.677440000000000264e-01
7.507582500000000714e-01 -2.811199999999999810e-02 5.741422499999999651e-01
7.534255000000000813e-01 -2.866824999999999235e-02 5.801244999999999319e-01
7.539762500000000145e-01 -2.768674999999999609e-02 5.643107499999999721e-01
7.581820000000000226e-01 -2.840374999999999150e-02 5.682037500000000074e-01
7.624750000000000139e-01 -2.907099999999999962e-02 5.724107499999999682e-01
7.565360000000000973e-01 -2.995724999999999083e-02 5.589857499999999479e-01
7.615187500000000220e-01 -3.213924999999999421e-02 5.598092500000000360e-01
7.667057500000000747e-01 -3.444449999999998902e-02 5.602405000000000301e-01
7.565012500000000140e-01 -2.951600000000000057e-02 5.511610000000000120e-01
7.612455000000000194e-01 -3.162974999999999814e-02 5.488290000000000113e-01
7.662137500000000268e-01 -3.379074999999999440e-02 5.462522499999999948e-01
7.541927500000000784e-01 -2.536800000000000166e-02 5.433697499999999847e-01
7.583147500000000374e-01 -2.642474999999999685e-02 5.390052499999999913e-01
7.624172500000000463e-01 -2.738349999999999118e-02 5.344887499999999569e-01
7.511005000000000598e-01 -1.759974999999999734e-02 5.370877499999999749e-01
7.551532499999999981e-01 -1.790775000000000006e-02 5.317784999999999318e-01
7.591730000000000977e-01 -1.817549999999999721e-02 5.264547499999999713e-01
7.463470000000000937e-01 -9.514999999999995683e-03 5.276082500000000008e-01
7.505817500000000475e-01 -1.023299999999999210e-02 5.228129999999999722e-01
7.547750000000000847e-01 -1.096350000000000102e-02 5.181327500000000308e-01
7.465597500000000775e-01 2.361500000000002486e-03 5.196169999999999956e-01
7.504890000000000727e-01 3.670000000000062101e-04 5.147134999999999350e-01
7.517732500000000595e-01 -1.412499999999997091e-03 5.095164999999999278e-01
7.499690000000001078e-01 1.488075000000000508e-02 5.041824999999999779e-01
7.514842500000000758e-01 1.313725000000000309e-02 5.029109999999999969e-01
7.546487500000000903e-01 1.213200000000000389e-02 4.997614999999999696e-01
7.639047500000000213e-01 2.913500000000000117e-02 4.941619999999999902e-01
7.659042500000000642e-01 2.618575000000000763e-02 4.934091250000000040e-01
7.685852499999999976e-01 2.384450000000000458e-02 4.927847749999999527e-01
7.792364999999999986e-01 3.708275000000001154e-02 4.951931749999999854e-01
7.829135000000000399e-01 3.263050000000001366e-02 4.932915499999999676e-01
7.862060000000000715e-01 2.898375000000000951e-02 4.909007249999999822e-01
7.917312499999999975e-01 4.394775000000000764e-02 4.927108999999999517e-01
7.949765000000000859e-01 3.923150000000000942e-02 4.906784249999999736e-01
7.977747500000000880e-01 3.511625000000000857e-02 4.872499750000000018e-01
8.040265000000000883e-01 5.038785000000001180e-02 4.917144499999999696e-01
8.065404999999999935e-01 4.511075000000001195e-02 4.899261749999999638e-01
8.095180000000000708e-01 4.052550000000001290e-02 4.864519249999999517e-01
8.163692500000000463e-01 5.704922500000000896e-02 4.881777749999999805e-01
8.179787500000000877e-01 5.147245000000000986e-02 4.868051499999999643e-01
8.204232500000000483e-01 4.615650000000001002e-02 4.851613749999999503e-01
8.286712500000000814e-01 6.317025000000001111e-02 4.840753250000000008e-01
8.303377499999999856e-01 5.743135000000001295e-02 4.827140249999999910e-01
8.318845000000000267e-01 5.168685000000000640e-02 4.814240999999999659e-01
8.388787500000000064e-01 6.713095000000000867e-02 4.811891999999999836e-01
8.396062500000001094e-01 6.121655000000000846e-02 4.801988749999999695e-01
8.402925000000001088e-01 5.534655000000000824e-02 4.792391249999999880e-01
8.472795000000000742e-01 6.904910000000001602e-02 4.769147999999999721e-01
8.470215000000000938e-01 6.308282500000000903e-02 4.764354249999999680e-01
8.469877500000000392e-01 5.714342500000001157e-02 4.758408999999999556e-01
8.552480000000000082e-01 6.797195000000001708e-02 4.723991499999999899e-01
8.539035000000000375e-01 6.216452500000001213e-02 4.725304524999999756e-01
8.527824999999999989e-01 5.620305000000001133e-02 4.725422974999999859e-01
8.610650000000000803e-01 6.646565000000001500e-02 4.703890074999999560e-01
8.594677500000000858e-01 6.051915000000001460e-02 4.706797875000000020e-01
8.580842500000001039e-01 5.438237500000001057e-02 4.708759874999999817e-01
8.657807500000000989e-01 6.576220000000002064e-02 4.682234999999999592e-01
8.641292500000000709e-01 5.980395000000001543e-02 4.685696499999999487e-01
8.626602500000000173e-01 5.369930000000001924e-02 4.688110749999999660e-01
8.704302500000000720e-01 6.570077500000001680e-02 4.660664999999999947e-01
8.688782500000000741e-01 5.950715000000001559e-02 4.664709499999999953e-01
8.674582500000000973e-01 5.331620000000001497e-02 4.668083499999999830e-01
8.741000000000000991e-01 6.646757500000001484e-02 4.645609749999999871e-01
8.730632500000000684e-01 5.989870000000001304e-02 4.650919249999999616e-01
8.717565000000000452e-01 5.345772500000001148e-02 4.658138499999999738e-01
8.780572500000000113e-01 6.732800000000001284e-02 4.648904499999999551e-01
8.771737500000000853e-01 6.057845000000001284e-02 4.657159749999999487e-01
8.756777500000000325e-01 5.397672500000001705e-02 4.668538250000000001e-01
8.835620000000000696e-01 6.796472500000001749e-02 4.661462249999999696e-01
8.830014999999999947e-01 6.091660000000001518e-02 4.673100499999999768e-01
8.815950000000000175e-01 5.388937500000001712e-02 4.686093499999999801e-01
8.907062500000000327e-01 7.051895000000001079e-02 4.669992249999999623e-01
8.913714999999999833e-01 6.281330000000001634e-02 4.686104499999999562e-01
8.916937500000000627e-01 5.505655000000001659e-02 4.703829074999999471e-01
8.985157500000000574e-01 7.433209500000001468e-02 4.669974499999999806e-01
9.006707500000000755e-01 6.644540000000001556e-02 4.688785749999999641e-01
9.027130000000000987e-01 5.840745000000001352e-02 4.708757824999999508e-01
9.046680000000000277e-01 8.080772500000001080e-02 4.662041249999999692e-01
9.082290000000000640e-01 7.094857500000001371e-02 4.686787749999999919e-01
9.110390000000000432e-01 6.170187500000001712e-02 4.710176674999999591e-01
9.121395000000001030e-01 8.555105000000001736e-02 4.654535499999999937e-01
9.155845000000000233e-01 7.547386500000001497e-02 4.679832749999999764e-01
9.187770000000000659e-01 6.558280000000002441e-02 4.704861949999999959e-01
9.209627500000000522e-01 8.874850000000002181e-02 4.657961749999999790e-01
9.237740000000000951e-01 8.045027500000001552e-02 4.678840499999999958e-01
9.266385000000000316e-01 7.224926250000002215e-02 4.699874749999999879e-01
9.312725000000000586e-01 9.274132500000001333e-02 4.661329999999999640e-01
9.339472500000000066e-01 8.520757500000002149e-02 4.680539749999999555e-01
9.366680000000000561e-01 7.766502500000001252e-02 4.699916499999999830e-01
9.544900000000000606e-01 9.374470000000001413e-02 4.685992249999999526e-01
