4.840300000000000713e-01 -4.424475000000001323e-02 4.740154999999999785e-01
5.292229999999999990e-01 -3.444425000000000958e-02 4.679112500000000008e-01
5.288470000000000670e-01 -4.576850000000000362e-02 4.729238275000000047e-01
5.286630000000001051e-01 -5.712699999999998335e-02 4.780293749999999786e-01
5.405972500000000291e-01 -3.484000000000000985e-02 4.671800999999999870e-01
5.401507500000000128e-01 -4.621025000000000826e-02 4.721619162499999800e-01
5.400072500000000497e-01 -5.772325000000000372e-02 4.774112999999999829e-01
5.513712500000000905e-01 -3.592925000000000979e-02 4.654294999999999960e-01
5.508462499999999817e-01 -4.663075000000001247e-02 4.714799849999999903e-01
5.501430000000000486e-01 -5.825900000000000523e-02 4.768393499999999952e-01
5.612205000000000110e-01 -3.511275000000001201e-02 4.680572000000000066e-01
5.603250000000000730e-01 -4.526025000000001575e-02 4.737014350000000040e-01
5.600332500000000380e-01 -5.624574999999998326e-02 4.788727999999999874e-01
5.716864999999999863e-01 -3.588325000000000542e-02 4.691281499999999660e-01
5.705850000000000088e-01 -4.539750000000000729e-02 4.744056749999999711e-01
5.701804999999999790e-01 -5.608199999999999297e-02 4.793381500000000184e-01
5.800380000000000535e-01 -3.736075000000001201e-02 4.694547499999999762e-01
5.791357500000000602e-01 -4.663050000000000528e-02 4.746431749999999727e-01
5.784257500000000718e-01 -5.698149999999999049e-02 4.793487000000000164e-01
5.874922500000000491e-01 -3.834850000000000758e-02 4.685066999999999982e-01
5.877959999999999852e-01 -4.789475000000001370e-02 4.736398175000000044e-01
5.877237500000001003e-01 -5.814374999999999405e-02 4.782622999999999736e-01
5.961082500000000062e-01 -3.870850000000000679e-02 4.667468750000000055e-01
5.969427500000000775e-01 -4.863500000000001156e-02 4.716013275000000005e-01
5.973857500000000487e-01 -5.851750000000000007e-02 4.760889500000000107e-01
6.063682500000000530e-01 -3.777124999999999233e-02 4.653652500000000081e-01
6.073965000000001169e-01 -4.785574999999998858e-02 4.700726825000000053e-01
6.076550000000000562e-01 -5.769399999999999529e-02 4.745737250000000018e-01
6.175042500000000878e-01 -3.637250000000000205e-02 4.646756499999999956e-01
6.184642500000000487e-01 -4.638724999999999099e-02 4.692202749999999645e-01
6.193352500000000038e-01 -5.614274999999999127e-02 4.737854650000000167e-01
6.302742500000000359e-01 -3.384524999999999340e-02 4.646297749999999671e-01
6.307840000000000114e-01 -4.358700000000000074e-02 4.691135499999999903e-01
6.314865000000000617e-01 -5.357149999999999412e-02 4.738592449999999845e-01
6.440522500000001038e-01 -3.013724999999999044e-02 4.648480749999999717e-01
6.452590000000000270e-01 -3.989199999999999691e-02 4.695718600000000076e-01
6.464537500000000492e-01 -4.945524999999999227e-02 4.743126599999999971e-01
6.590362499999999901e-01 -2.616949999999999832e-02 4.684742249999999664e-01
6.610310000000000352e-01 -3.627649999999998931e-02 4.718694494999999822e-01
6.628840000000000288e-01 -4.455549999999999788e-02 4.761171499999999890e-01
6.752560000000000784e-01 -2.170899999999999219e-02 4.704344950000000081e-01
6.764272500000000354e-01 -3.156249999999999334e-02 4.740264324999999834e-01
6.770077500000000192e-01 -3.801199999999999024e-02 4.801192750000000120e-01
6.896381750000000199e-01 -1.883975000000000233e-02 4.759100749999999880e-01
6.902364250000000423e-01 -2.750500000000000167e-02 4.789965250000000063e-01
6.904233000000000731e-01 -3.209075000000000122e-02 4.842263249999999575e-01
7.028495250000000860e-01 -1.853724999999999123e-02 4.795149499999999954e-01
7.034922000000000120e-01 -2.436874999999999458e-02 4.823572250000000006e-01
7.056556500000000787e-01 -3.307749999999999579e-02 4.863606249999999909e-01
7.141573975000000685e-01 -1.493474999999999664e-02 4.815136749999999743e-01
7.166256025000000696e-01 -2.023699999999999111e-02 4.833689499999999639e-01
7.191067750000000869e-01 -2.845749999999999669e-02 4.885271250000000065e-01
7.239625750000000526e-01 -7.307499999999994555e-03 4.817694499999999880e-01
7.264393500000000392e-01 -1.597474999999999590e-02 4.838881250000000023e-01
7.298467000000000704e-01 -2.530174999999999785e-02 4.862937999999999983e-01
7.334337000000000772e-01 -2.465749999999988784e-03 4.822570749999999795e-01
7.357341750000000458e-01 -1.182699999999999030e-02 4.845768249999999888e-01
7.388678500000001037e-01 -2.082499999999999629e-02 4.875182499999999863e-01
7.421642500000000808e-01 4.832500000000045093e-04 4.823104249999999871e-01
7.446292500000000203e-01 -8.661999999999989153e-03 4.846563249999999989e-01
7.472117500000000634e-01 -1.781324999999998882e-02 4.873639499999999902e-01
7.492165000000000630e-01 4.679250000000009790e-03 4.835760249999999649e-01
7.523045000000000426e-01 -4.351999999999994762e-03 4.860972249999999661e-01
7.553895000000000470e-01 -1.327325000000000033e-02 4.887496999999999536e-01
7.556424999999999947e-01 9.216500000000002468e-03 4.868631999999999960e-01
7.586112500000000702e-01 4.352499999999981384e-04 4.893578499999999831e-01
7.613469999999999960e-01 -7.853249999999992181e-03 4.921517499999999989e-01
7.623152499999999998e-01 1.409175000000000705e-02 4.930806999999999829e-01
7.645957500000000184e-01 4.823000000000007836e-03 4.949910750000000026e-01
7.662452500000000999e-01 -4.144999999999995910e-03 4.971972499999999795e-01
7.693035000000000290e-01 1.730950000000000544e-02 5.013642499999999558e-01
7.711805000000000465e-01 8.029250000000001664e-03 5.028762500000000246e-01
7.725270000000000747e-01 -1.170999999999991492e-03 5.048267499999999908e-01
7.758197500000000302e-01 1.849750000000001393e-02 5.111209999999999365e-01
7.770007500000000178e-01 9.237250000000002403e-03 5.117432499999999829e-01
7.779072500000000501e-01 1.287500000000108002e-04 5.131707500000000088e-01
7.796445000000000736e-01 1.838325000000001069e-02 5.220350000000000268e-01
7.805485000000000895e-01 9.355500000000002703e-03 5.221252499999999852e-01
7.809435000000000127e-01 4.517500000000007621e-04 5.224457499999999310e-01
7.807355000000000267e-01 1.697175000000001460e-02 5.329444999999999322e-01
7.810862499999999820e-01 8.056250000000000910e-03 5.317914999999999726e-01
7.813200000000000145e-01 -4.797500000000010090e-04 5.304637500000000117e-01
7.851569999999999938e-01 1.584050000000001429e-02 5.441570000000000018e-01
7.845715000000000883e-01 7.238250000000001627e-03 5.411724999999999453e-01
7.841177500000000578e-01 -1.089750000000000441e-03 5.381854999999999833e-01
7.849205000000000210e-01 1.180375000000000868e-02 5.545802499999999968e-01
7.841280000000000472e-01 4.142250000000000099e-03 5.501104999999999468e-01
7.837230000000000585e-01 -3.452999999999997738e-03 5.453317500000000040e-01
7.790810000000000235e-01 6.951999999999999846e-03 5.621652499999999497e-01
7.790974999999999984e-01 5.667500000000047500e-04 5.567684999999999995e-01
7.794655000000000333e-01 -6.193749999999997868e-03 5.510132500000000100e-01
7.742117500000000874e-01 -1.190999999999997616e-03 5.682852499999999640e-01
7.745065000000000976e-01 -6.419999999999995155e-03 5.627642499999999659e-01
7.757742499999999986e-01 -1.161199999999999732e-02 5.557687499999999226e-01
7.684527500000000177e-01 -6.379499999999996285e-03 5.740932499999999994e-01
7.678097500000000686e-01 -1.351800000000000224e-02 5.693747499999999295e-01
7.670862500000000805e-01 -2.204299999999999315e-02 5.643822499999999742e-01
7.623762500000000886e-01 -1.529424999999999535e-02 5.826227499999999671e-01
7.627292500000000253e-01 -2.157900000000000096e-02 5.759642499999999554e-01
7.627652500000000613e-01 -2.805499999999999661e-02 5.698127499999999790e-01
7.518555000000000099e-01 -2.516649999999999443e-02 5.864112499999999395e-01
7.537497500000001072e-01 -3.049699999999999633e-02 5.788302499999999906e-01
7.557650000000000201e-01 -3.548049999999999815e-02 5.713865000000000194e-01
7.389434250000000981e-01 -3.243574999999999930e-02 5.836504999999999610e-01
7.433795000000000819e-01 -3.660449999999999815e-02 5.765927499999999872e-01
7.473377500000000229e-01 -4.062299999999999245e-02 5.693544999999999856e-01
7.277021250000000885e-01 -3.634699999999999043e-02 5.747142499999999821e-01
7.336031750000000518e-01 -4.010949999999999238e-02 5.691910000000000025e-01
7.387254250000000466e-01 -4.369175000000000142e-02 5.630747499999999572e-01
7.185485000000000344e-01 -3.934050000000000047e-02 5.639264999999999972e-01
7.250280500000000350e-01 -4.266949999999999910e-02 5.598769999999999580e-01
7.305340250000000868e-01 -4.625100000000000044e-02 5.548617499999999314e-01
7.102006250000000298e-01 -4.104549999999999865e-02 5.523644999999999250e-01
7.167940200000000317e-01 -4.436450000000000116e-02 5.488017499999999771e-01
7.232259750000000764e-01 -4.711100000000000010e-02 5.440920000000000201e-01
7.032268249999999998e-01 -4.589849999999999486e-02 5.410030000000000117e-01
7.099728250000000296e-01 -4.831950000000000134e-02 5.377817499999999473e-01
7.167791325000000269e-01 -5.080499999999998906e-02 5.342169999999999419e-01
6.959444750000000068e-01 -5.204675000000000273e-02 5.337792500000000384e-01
7.029210250000000881e-01 -5.445574999999999721e-02 5.306275000000000297e-01
7.099563750000000839e-01 -5.674950000000000827e-02 5.275147500000000322e-01
6.900833000000000661e-01 -5.448524999999998508e-02 5.238420000000000298e-01
6.971961500000000145e-01 -5.685974999999998669e-02 5.210982499999999851e-01
7.045090500000000810e-01 -5.914200000000000013e-02 5.183857499999999785e-01
6.870312500000000933e-01 -5.006774999999999420e-02 5.143529999999999491e-01
6.941004250000000209e-01 -5.239949999999998775e-02 5.115264999999999951e-01
7.010506250000000383e-01 -5.479200000000000736e-02 5.084874999999999812e-01
6.869370000000000198e-01 -4.116324999999999845e-02 5.073305000000000176e-01
6.939091250000000155e-01 -4.340324999999999045e-02 5.045197499999999335e-01
7.007773250000000065e-01 -4.582324999999999593e-02 5.014919999999999378e-01
6.859725000000000961e-01 -3.221499999999999364e-02 4.968867750000000028e-01
6.928006750000000880e-01 -3.471049999999999136e-02 4.946465499999999627e-01
6.996162250000000915e-01 -3.761474999999998847e-02 4.922209750000000050e-01
6.872222500000000345e-01 -3.364649999999999586e-02 4.822407499999999958e-01
6.918142500000000750e-01 -3.215999999999999415e-02 4.829458749999999689e-01
6.983055750000000117e-01 -3.317549999999999666e-02 4.812111000000000027e-01
6.861530000000000129e-01 -2.522175000000000111e-02 4.730654199999999587e-01
6.920084250000000381e-01 -2.798024999999999818e-02 4.729276749999999918e-01
6.985365500000000338e-01 -3.143050000000000010e-02 4.713367849999999804e-01
6.912953000000000570e-01 -1.807374999999999954e-02 4.672547499999999965e-01
6.963994250000000719e-01 -2.166599999999999082e-02 4.667252499999999804e-01
7.027952500000000935e-01 -2.516474999999999962e-02 4.652196000000000109e-01
6.986575500000000716e-01 -1.051474999999998938e-02 4.648445749999999821e-01
7.028777250000000087e-01 -1.384174999999999989e-02 4.657651999999999903e-01
7.092344750000000309e-01 -1.703525000000000178e-02 4.643536500000000067e-01
7.042991500000000960e-01 -3.061750000000001970e-03 4.681835500000000039e-01
7.098866000000000342e-01 -5.907749999999989399e-03 4.675798250000000045e-01
7.160695599999999938e-01 -8.819750000000001200e-03 4.656478499999999743e-01
7.079317500000000818e-01 4.969750000000008883e-03 4.685146749999999916e-01
7.138535100000000799e-01 3.828499999999998571e-03 4.680263749999999945e-01
7.202748250000000629e-01 1.924000000000009036e-03 4.660516499999999840e-01
7.112613750000000845e-01 1.432375000000000315e-02 4.647902250000000013e-01
7.163691300000000206e-01 1.417025000000000229e-02 4.658663999999999583e-01
7.224719250000000148e-01 1.346475000000000449e-02 4.638296749999999968e-01
7.113655250000000541e-01 2.583625000000000504e-02 4.657750749999999829e-01
7.161610025000000324e-01 2.555225000000000551e-02 4.668835249999999659e-01
7.223668750000000749e-01 2.569400000000000156e-02 4.648790999999999896e-01
7.072709750000000239e-01 3.797375000000000750e-02 4.694197499999999690e-01
7.137489025000000042e-01 3.850150000000000794e-02 4.683597499999999636e-01
7.203443250000000075e-01 3.840475000000000139e-02 4.662137249999999677e-01
7.058124500000000356e-01 5.039622500000000282e-02 4.738303474999999709e-01
7.123434849999999985e-01 5.032367500000000521e-02 4.719905456749999839e-01
7.187700750000000083e-01 5.016245000000000426e-02 4.698648174999999760e-01
7.083372750000000995e-01 5.934962500000000307e-02 4.822153499999999871e-01
7.133680950000000909e-01 5.869040000000000368e-02 4.808935500000000030e-01
7.195210250000000363e-01 5.813605000000000855e-02 4.783837499999999965e-01
7.153840325000000444e-01 5.972812500000000691e-02 4.942827499999999930e-01
7.174797500000000827e-01 5.949155000000000415e-02 4.920366250000000052e-01
7.227561750000000007e-01 5.863610000000000350e-02 4.883134749999999968e-01
7.203815000000000079e-01 5.001520000000000965e-02 5.048945000000000238e-01
7.234214750000000915e-01 5.118052500000000449e-02 4.992627499999999774e-01
7.268945250000000691e-01 5.176850000000000895e-02 4.936064499999999744e-01
7.222017250000000166e-01 3.695875000000000549e-02 5.052587499999999787e-01
7.250001750000000245e-01 3.934875000000000178e-02 4.986322499999999991e-01
7.287505750000000670e-01 4.105975000000000597e-02 4.924275249999999771e-01
7.219828500000000648e-01 2.398400000000000531e-02 4.985852499999999798e-01
7.245123250000000681e-01 2.811900000000000510e-02 4.916569499999999815e-01
7.276664250000000056e-01 3.082125000000000142e-02 4.845773749999999769e-01
7.180864750000000019e-01 1.226875000000000188e-02 4.910288250000000021e-01
7.187950000000000728e-01 1.808450000000000335e-02 4.836952250000000064e-01
7.208442500000000752e-01 2.139975000000000210e-02 4.745252749999999686e-01
7.147888000000000019e-01 7.617250000000005961e-03 4.899221999999999744e-01
7.163690075000000990e-01 9.997749999999999693e-03 4.788476249999999990e-01
7.177885250000000106e-01 1.237800000000000705e-02 4.689081499999999680e-01
7.171451250000000499e-01 -1.966499999999996029e-03 4.852079999999999727e-01
7.183005000000000084e-01 -1.657499999999922924e-04 4.771978249999999644e-01
7.200692750000000641e-01 1.696250000000010250e-03 4.685211499999999973e-01
7.209307500000000646e-01 -9.538999999999991930e-03 4.817194249999999789e-01
7.225495250000000258e-01 -9.239999999999998215e-03 4.758734000000000020e-01
7.236361250000000744e-01 -8.009499999999988851e-03 4.686246249999999614e-01
7.201437250000000123e-01 -1.702175000000000216e-02 4.793819500000000011e-01
7.204947750000000317e-01 -1.712774999999999714e-02 4.733461199999999813e-01
7.207656500000000355e-01 -1.615549999999998931e-02 4.668328499999999659e-01
7.137652800000000575e-01 -1.616499999999999881e-02 4.776254249999999923e-01
7.126420525000000117e-01 -1.797549999999999149e-02 4.719123452499999760e-01
7.120194700000000987e-01 -1.879799999999999527e-02 4.670336749999999815e-01
7.052943500000000698e-01 -1.611775000000000013e-02 4.793356749999999611e-01
7.036664500000000544e-01 -1.490849999999999120e-02 4.733717874999999742e-01
7.019443250000000356e-01 -1.459175000000000055e-02 4.684272999999999909e-01
7.018478000000000216e-01 -9.406749999999991507e-03 4.811999999999999611e-01
6.993921750000000603e-01 -7.901749999999999052e-03 4.758178999999999603e-01
6.972991250000000196e-01 -6.160999999999999810e-03 4.710814649999999770e-01
7.055197500000000010e-01 -9.699999999999986411e-05 4.816046250000000084e-01
7.024019500000000527e-01 1.320250000000008916e-03 4.766589999999999994e-01
6.994240999999999930e-01 2.818750000000008749e-03 4.716657524999999795e-01
7.128295850000000433e-01 8.079000000000002846e-03 4.775720749999999848e-01
7.088397750000000608e-01 8.740250000000004960e-03 4.731586649999999783e-01
7.048991750000001000e-01 9.365499999999998826e-03 4.686574000000000018e-01
7.165002249999999906e-01 1.829875000000000251e-02 4.751716249999999864e-01
7.120829674999999970e-01 1.847975000000000312e-02 4.712406999999999568e-01
7.076596500000000844e-01 1.858375000000000304e-02 4.672754249999999665e-01
7.172289750000000463e-01 2.973250000000000198e-02 4.751988500000000060e-01
7.123818050000000346e-01 2.966125000000000705e-02 4.719417575000000031e-01
7.075328250000000319e-01 2.956350000000000644e-02 4.687477749999999777e-01
7.157936575000000134e-01 4.246175000000000643e-02 4.775091499999999933e-01
7.110375750000000883e-01 4.167700000000000571e-02 4.742699699999999852e-01
7.059127000000000596e-01 4.053425000000000777e-02 4.715190524999999799e-01
7.109296999999999978e-01 5.326132500000000519e-02 4.813831000000000082e-01
7.069441499999999934e-01 5.223807500000000881e-02 4.779431749999999979e-01
7.019786000000000081e-01 5.072052500000000241e-02 4.753213749999999904e-01
7.066890250000000817e-01 6.439419999999999866e-02 4.845926249999999991e-01
7.023776999999999937e-01 6.208195000000000380e-02 4.821461499999999956e-01
6.974026250000000537e-01 5.966972500000000679e-02 4.802542249999999791e-01
7.004007500000000164e-01 7.520180249999999789e-02 4.856532249999999662e-01
6.956999999999999851e-01 7.205239250000000650e-02 4.840381999999999740e-01
6.910055750000000385e-01 6.887010000000000354e-02 4.824107249999999847e-01
6.947735250000000029e-01 8.502099999999999935e-02 4.886757749999999789e-01
6.899084750000000765e-01 8.182754999999999890e-02 4.876013249999999744e-01
6.850270000000000525e-01 7.868200000000000194e-02 4.865123249999999677e-01
6.899435500000000721e-01 9.523697500000000149e-02 4.891717749999999754e-01
6.848625000000000407e-01 9.216572500000000390e-02 4.885437999999999725e-01
6.797262500000000873e-01 8.921135000000000870e-02 4.878762249999999967e-01
6.863060000000000827e-01 1.051300000000000012e-01 4.873351499999999947e-01
6.809950000000000170e-01 1.024665000000000020e-01 4.869763999999999760e-01
6.755892500000000300e-01 9.986675000000000413e-02 4.866041249999999985e-01
6.842607500000000842e-01 1.144850000000000034e-01 4.881904999999999717e-01
6.784505000000000674e-01 1.132305000000000117e-01 4.884268250000000089e-01
6.726387500000000630e-01 1.121864999999999946e-01 4.887263000000000024e-01
6.848037500000000444e-01 1.228889999999999982e-01 4.910359999999999725e-01
6.788777500000000575e-01 1.232334999999999958e-01 4.918050250000000068e-01
6.730122500000000896e-01 1.236722500000000113e-01 4.926005499999999704e-01
6.873212499999999947e-01 1.299939999999999984e-01 4.948397749999999817e-01
6.817285000000000705e-01 1.312075000000000047e-01 4.965707999999999789e-01
6.759415000000000839e-01 1.325237499999999957e-01 4.983827499999999855e-01
6.920724500000000612e-01 1.331292500000000045e-01 4.999734999999999596e-01
6.869262500000000715e-01 1.353272500000000100e-01 5.028037499999999937e-01
6.815195000000000558e-01 1.375175000000000147e-01 5.055689999999999351e-01
6.970894750000000695e-01 1.321575000000000111e-01 5.054902500000000298e-01
6.926300250000000380e-01 1.345105000000000051e-01 5.094477499999999770e-01
6.879482500000000389e-01 1.368480000000000252e-01 5.133604999999999974e-01
7.024598750000000669e-01 1.264322499999999960e-01 5.097034999999999760e-01
6.983776750000000311e-01 1.286267500000000119e-01 5.139595000000000136e-01
6.943795999999999857e-01 1.306329999999999991e-01 5.185465000000000213e-01
7.058309999999999862e-01 1.181515000000000065e-01 5.139362499999999834e-01
7.018711250000000401e-01 1.204567500000000013e-01 5.189057499999999434e-01
6.981219750000000612e-01 1.228277500000000133e-01 5.240160000000000373e-01
7.057769750000000286e-01 1.060042499999999943e-01 5.185849999999999627e-01
7.022475000000000245e-01 1.096334999999999948e-01 5.233670000000000266e-01
6.987186499999999967e-01 1.122377499999999972e-01 5.291835000000000289e-01
7.015547500000000047e-01 9.079577500000000911e-02 5.254547499999999705e-01
6.982747500000000551e-01 9.588122500000000048e-02 5.305697499999999511e-01
6.950956000000000357e-01 1.001702500000000023e-01 5.364862499999999423e-01
7.017745000000000788e-01 7.647670000000000856e-02 5.344387499999999624e-01
6.983714000000000865e-01 8.321480000000000543e-02 5.402487499999999443e-01
6.947139750000000946e-01 8.911730000000001040e-02 5.466934999999999434e-01
7.042039250000000639e-01 6.610060000000000935e-02 5.407085000000000363e-01
7.003339500000000939e-01 7.405544750000001009e-02 5.483112500000000278e-01
6.962253500000000761e-01 8.094142499999999740e-02 5.555649999999999755e-01
7.077063749999999986e-01 5.988365000000000354e-02 5.451614999999999656e-01
7.042530500000000471e-01 6.664482500000000476e-02 5.536457499999999365e-01
7.003144250000000737e-01 7.329817750000000576e-02 5.611707499999999404e-01
7.105324000000000639e-01 5.785335000000000477e-02 5.499114999999999975e-01
7.087414000000000769e-01 6.192120000000000263e-02 5.573660000000000281e-01
7.071671500000000776e-01 6.560742499999999700e-02 5.646484999999999976e-01
7.173664250000000298e-01 5.642797500000000521e-02 5.523027499999999534e-01
7.176538000000000084e-01 5.893822500000000381e-02 5.590192499999999676e-01
7.180116250000000422e-01 6.129292500000000504e-02 5.652922499999999406e-01
7.241263500000000297e-01 5.624102500000000004e-02 5.512654999999999639e-01
7.269015750000000775e-01 5.785957500000000336e-02 5.561057499999999543e-01
7.297004000000000268e-01 5.961935000000000845e-02 5.612230000000000274e-01
7.281096750000000117e-01 5.223900000000000765e-02 5.482564999999999245e-01
7.326961499999999905e-01 5.138462500000000321e-02 5.509815000000000129e-01
7.375759250000000211e-01 5.014507500000000423e-02 5.535225000000000284e-01
7.287107500000000737e-01 4.713400000000000922e-02 5.422622499999999457e-01
7.333521000000000623e-01 4.400000000000000439e-02 5.422979999999999468e-01
7.382054749999999999e-01 4.058950000000000752e-02 5.422489999999999810e-01
7.247952500000000020e-01 4.200450000000000711e-02 5.358897499999999425e-01
7.282129250000000109e-01 3.737350000000000394e-02 5.341502499999999376e-01
7.315869000000000399e-01 3.263075000000000697e-02 5.322804999999999342e-01
7.191632250000000726e-01 3.989225000000000410e-02 5.277382499999999643e-01
7.220065250000000656e-01 3.466100000000000431e-02 5.248267500000000085e-01
7.248330000000000606e-01 2.943825000000000608e-02 5.218745000000000189e-01
7.138198150000000242e-01 3.862075000000000230e-02 5.162959999999999772e-01
7.167692850000000337e-01 3.351150000000000656e-02 5.137927500000000203e-01
7.197210250000000142e-01 2.848100000000000631e-02 5.113682499999999687e-01
7.144617036500000573e-01 4.028825000000000461e-02 5.029795000000000238e-01
7.176488500000000048e-01 3.472825000000000217e-02 5.011397499999999949e-01
7.208013000000000892e-01 2.920100000000000473e-02 4.993084999999999885e-01
7.224882750000000131e-01 4.215800000000000797e-02 4.893549499999999552e-01
7.254722749999999998e-01 3.668325000000000752e-02 4.878656499999999840e-01
7.272893750000000157e-01 3.205425000000000635e-02 4.858692499999999748e-01
7.351080500000000129e-01 4.394649999999999945e-02 4.782681500000000030e-01
7.377161000000000968e-01 3.826200000000000434e-02 4.772402249999999624e-01
7.388603500000000546e-01 3.476025000000000642e-02 4.747985999999999596e-01
7.489862500000000756e-01 4.553050000000000846e-02 4.715809524999999836e-01
7.512845000000000217e-01 3.973150000000000293e-02 4.708049474999999595e-01
7.532307500000000600e-01 3.493725000000000303e-02 4.685525749999999712e-01
7.626985000000000570e-01 4.735675000000000301e-02 4.696407850000000050e-01
7.648179999999999978e-01 4.163700000000000734e-02 4.689452999999999538e-01
7.667932500000000928e-01 3.637250000000000205e-02 4.666581999999999675e-01
7.754900000000000126e-01 4.989672500000000288e-02 4.713364424999999525e-01
7.771262500000000184e-01 4.399700000000000832e-02 4.706011274999999938e-01
7.795075000000000198e-01 3.835950000000001164e-02 4.682399749999999750e-01
7.883777499999999883e-01 5.338217500000000393e-02 4.706130099999999983e-01
7.895637500000000086e-01 4.752625000000000599e-02 4.699408250000000065e-01
7.917224999999999957e-01 4.182725000000001025e-02 4.691179749999999649e-01
8.008827500000000876e-01 5.786325000000001190e-02 4.689692999999999778e-01
8.026429999999999954e-01 5.197250000000001174e-02 4.682363499999999679e-01
8.043370000000000797e-01 4.609200000000000796e-02 4.675064749999999769e-01
8.102582500000000687e-01 6.163495000000000779e-02 4.668727999999999767e-01
8.116837500000000372e-01 5.568045000000000633e-02 4.662537249999999522e-01
8.129767500000000258e-01 4.975995000000001112e-02 4.656492499999999590e-01
8.185042500000000443e-01 6.400755000000001027e-02 4.666875499999999510e-01
8.195180000000000797e-01 5.797942500000001498e-02 4.661180249999999914e-01
8.205547499999999994e-01 5.201687500000001102e-02 4.655762999999999985e-01
8.267619999999999969e-01 6.438392500000000851e-02 4.669037499999999508e-01
8.271654999999999980e-01 5.827177500000001176e-02 4.663425499999999668e-01
8.276255000000000139e-01 5.209965000000001123e-02 4.658280749999999526e-01
8.334215000000000373e-01 6.395752500000001506e-02 4.685976999999999504e-01
8.337419999999999831e-01 5.762477500000001002e-02 4.680228499999999903e-01
8.340387500000000509e-01 5.122355000000000658e-02 4.674844499999999958e-01
8.403412500000000396e-01 6.387125000000001829e-02 4.691181999999999852e-01
8.406470000000000331e-01 5.754190000000000693e-02 4.685788249999999766e-01
8.409135000000000915e-01 5.117717500000001224e-02 4.680316249999999512e-01
8.490937499999999805e-01 6.412560000000001870e-02 4.688115499999999658e-01
8.492180000000000284e-01 5.759645000000000736e-02 4.682891249999999728e-01
8.494322499999999998e-01 5.112365000000000659e-02 4.677365749999999878e-01
8.579097500000000265e-01 6.446527500000001631e-02 4.679597749999999667e-01
8.578845000000000498e-01 5.774312500000002013e-02 4.674753499999999562e-01
8.579940000000000344e-01 5.107502500000001000e-02 4.669647499999999840e-01
8.666022500000000184e-01 6.431430000000001868e-02 4.679173999999999833e-01
8.662754999999999761e-01 5.742132500000001610e-02 4.674370999999999943e-01
8.661077500000000651e-01 5.052567500000001988e-02 4.669702749999999902e-01
8.754745000000000443e-01 6.358055000000001344e-02 4.681340749999999828e-01
8.755347500000000283e-01 5.633340000000001957e-02 4.676212499999999883e-01
8.755152500000000781e-01 4.899315000000001308e-02 4.671539249999999699e-01
8.843010000000000037e-01 6.469652500000001860e-02 4.686289499999999886e-01
8.849590000000000511e-01 5.667350000000001553e-02 4.680737249999999960e-01
8.853815000000000435e-01 4.844075000000001852e-02 4.675811999999999746e-01
8.931957500000000660e-01 6.688897500000001717e-02 4.689266249999999858e-01
8.946237500000000509e-01 5.837085000000001578e-02 4.683391249999999673e-01
8.957905000000000451e-01 4.950465000000001115e-02 4.678161749999999452e-01
9.011417500000000746e-01 7.222131750000002071e-02 4.687710499999999669e-01
9.032875000000000210e-01 6.154212500000001695e-02 4.681284499999999738e-01
9.048540000000000472e-01 5.143312500000001009e-02 4.675158249999999960e-01
9.099775000000001057e-01 7.559793500000001887e-02 4.680059249999999893e-01
9.118477500000000679e-01 6.475782500000001884e-02 4.674411499999999720e-01
9.135604999999999976e-01 5.395425000000002302e-02 4.667859749999999641e-01
9.196630000000000082e-01 7.704812500000002284e-02 4.680081749999999707e-01
9.212452500000000155e-01 6.810457500000001441e-02 4.675467749999999700e-01
9.229327500000000795e-01 5.913247500000001766e-02 4.670148499999999814e-01
9.306800000000000628e-01 7.917092500000001698e-02 4.680481249999999815e-01
9.322160000000000446e-01 7.104572500000001789e-02 4.676126499999999631e-01
9.338235000000000285e-01 6.286465000000002190e-02 4.671429999999999749e-01
9.539472500000000244e-01 7.611392000000001545e-02 4.677240249999999877e-01
