5.059257500000000629e-01 -3.608725000000001515e-02 4.733908175000000051e-01
5.522332500000000088e-01 -3.261875000000001579e-02 4.682518749999999841e-01
5.501100000000000989e-01 -4.386775000000001090e-02 4.729625100000000026e-01
5.483812500000000423e-01 -5.513075000000000614e-02 4.779877499999999890e-01
5.637987500000000152e-01 -3.451950000000000851e-02 4.676072499999999743e-01
5.613277500000000142e-01 -4.580625000000000668e-02 4.721686729999999832e-01
5.599610000000000420e-01 -5.711700000000000110e-02 4.774683249999999712e-01
5.755772500000000402e-01 -3.740450000000000719e-02 4.660740999999999912e-01
5.728367500000000057e-01 -4.762700000000000267e-02 4.714820249999999713e-01
5.707677500000000181e-01 -5.895324999999998483e-02 4.769094249999999979e-01
5.870802500000000812e-01 -3.811225000000001417e-02 4.671065500000000092e-01
5.837577500000000752e-01 -4.759550000000001280e-02 4.726365224999999892e-01
5.820530000000000426e-01 -5.829974999999998353e-02 4.779291999999999985e-01
5.973992500000000483e-01 -3.978950000000000542e-02 4.665133249999999787e-01
5.939892500000000242e-01 -4.862000000000001043e-02 4.717567049999999984e-01
5.922045000000000226e-01 -5.891774999999999096e-02 4.771751750000000070e-01
6.054115000000001023e-01 -4.181474999999999775e-02 4.667665750000000169e-01
6.021495000000001152e-01 -5.048899999999999222e-02 4.720011655249999882e-01
6.000000000000000888e-01 -6.027250000000000663e-02 4.773705249999999900e-01
6.130310000000001036e-01 -4.261674999999999491e-02 4.675090749999999962e-01
6.106160000000000476e-01 -5.157149999999999235e-02 4.729424875000000084e-01
6.089097500000000274e-01 -6.114200000000000190e-02 4.784027249999999731e-01
6.221880000000000743e-01 -4.306824999999998849e-02 4.690065749999999811e-01
6.195920000000000316e-01 -5.188950000000000506e-02 4.745750999999999720e-01
6.179697500000000954e-01 -6.105225000000000235e-02 4.802320250000000068e-01
6.314705000000000457e-01 -4.278200000000000058e-02 4.698544499999999791e-01
6.296145000000000769e-01 -5.186525000000000163e-02 4.757153499999999813e-01
6.276702500000000962e-01 -6.086274999999999324e-02 4.814432000000000156e-01
6.414855000000000418e-01 -4.220050000000000190e-02 4.719380722500000069e-01
6.399240000000000483e-01 -5.122174999999998257e-02 4.778969499999999870e-01
6.385187500000000238e-01 -6.006349999999999190e-02 4.839385999999999965e-01
6.527727500000000127e-01 -4.025974999999999693e-02 4.745601749999999730e-01
6.513097500000000206e-01 -4.887699999999998990e-02 4.806983249999999819e-01
6.499387500000000095e-01 -5.781049999999998690e-02 4.871152249999999850e-01
6.656567500000000193e-01 -3.689574999999999105e-02 4.767037749999999963e-01
6.656397500000000855e-01 -4.555075000000000096e-02 4.831775249999999966e-01
6.656317500000000775e-01 -5.411799999999999944e-02 4.895339750000000101e-01
6.800817500000000404e-01 -3.365224999999999467e-02 4.784039999999999959e-01
6.818665000000000420e-01 -4.263274999999999704e-02 4.842985499999999943e-01
6.827132500000000492e-01 -4.916674999999999518e-02 4.901550499999999810e-01
6.957830500000000695e-01 -3.003999999999999726e-02 4.787494749999999799e-01
6.957531000000000132e-01 -3.512124999999999275e-02 4.861090249999999724e-01
6.961618250000000119e-01 -3.727949999999999320e-02 4.911563999999999930e-01
7.098488250000000166e-01 -2.581649999999999223e-02 4.813195999999999586e-01
7.112583500000000392e-01 -3.182399999999999118e-02 4.863070749999999776e-01
7.118013499999999993e-01 -3.445499999999999952e-02 4.925123750000000022e-01
7.224755000000000482e-01 -2.281324999999999326e-02 4.849464749999999880e-01
7.236319750000000939e-01 -2.575949999999999074e-02 4.881455999999999573e-01
7.268853500000000967e-01 -3.168925000000000214e-02 4.953117499999999951e-01
7.352596750000000014e-01 -1.755600000000000216e-02 4.844846250000000021e-01
7.355444500000000163e-01 -1.874824999999999409e-02 4.879705749999999620e-01
7.386200000000000543e-01 -2.356224999999999292e-02 4.962317250000000124e-01
7.451557500000000056e-01 -9.623999999999993671e-03 4.820355000000000056e-01
7.440290000000000514e-01 -1.190224999999998923e-02 4.878969499999999959e-01
7.483732499999999899e-01 -1.810399999999999510e-02 4.946759749999999900e-01
7.513440000000000119e-01 -2.216249999999989062e-03 4.800543499999999630e-01
7.517595000000000249e-01 -4.930499999999990446e-03 4.884279749999999587e-01
7.554227500000000317e-01 -1.087874999999999259e-02 4.954581249999999715e-01
7.570980000000000487e-01 6.367250000000004850e-03 4.818425499999999806e-01
7.591845000000000399e-01 7.965000000000055369e-04 4.891532499999999839e-01
7.620102500000000001e-01 -5.457499999999990137e-03 4.962453749999999886e-01
7.617335000000000633e-01 1.348650000000000543e-02 4.831043250000000011e-01
7.646572500000000661e-01 7.776249999999998441e-03 4.905312499999999742e-01
7.674914999999999932e-01 1.893249999999999100e-03 4.978374999999999884e-01
7.664472500000000244e-01 1.892975000000000213e-02 4.882289499999999949e-01
7.679205000000000059e-01 1.533250000000000585e-02 4.929684999999999762e-01
7.701210000000000555e-01 9.951500000000002011e-03 5.000229999999999952e-01
7.693152500000000060e-01 2.690325000000000355e-02 4.951808500000000057e-01
7.697382500000000682e-01 2.323725000000000790e-02 4.974912499999999960e-01
7.713197500000000817e-01 1.680500000000001437e-02 5.040892499999999332e-01
7.700520000000000698e-01 3.741350000000000231e-02 4.999834999999999696e-01
7.714757500000000157e-01 3.124450000000000838e-02 5.044672500000000337e-01
7.726522500000000404e-01 2.435675000000001034e-02 5.108424999999999772e-01
7.706617500000000343e-01 4.513300000000000645e-02 5.078279999999999461e-01
7.719500000000000250e-01 3.751025000000000886e-02 5.130177499999999391e-01
7.727662500000000989e-01 3.027125000000001342e-02 5.186452499999999466e-01
7.690385000000000693e-01 5.031652500000000777e-02 5.181162499999999449e-01
7.702005000000000656e-01 4.257625000000000298e-02 5.225572499999999732e-01
7.709677500000000627e-01 3.486150000000000360e-02 5.268104999999999594e-01
7.654292500000000610e-01 5.349885000000000751e-02 5.279534999999999645e-01
7.666332500000000438e-01 4.518750000000000544e-02 5.309059999999999890e-01
7.678710000000000813e-01 3.711775000000000491e-02 5.334502500000000147e-01
7.628017500000000561e-01 5.711805000000000354e-02 5.394729999999999803e-01
7.643100000000000449e-01 4.819350000000000717e-02 5.401587500000000208e-01
7.659287500000000470e-01 3.958500000000000213e-02 5.406757500000000105e-01
7.562100000000000488e-01 5.600087500000000551e-02 5.480617500000000142e-01
7.587347500000000133e-01 4.769550000000000872e-02 5.470855000000000024e-01
7.614972500000000144e-01 3.930450000000000610e-02 5.459530000000000216e-01
7.491212500000000718e-01 5.165507500000000862e-02 5.510967500000000241e-01
7.508040000000000269e-01 4.483700000000000879e-02 5.493157499999999915e-01
7.546130000000000893e-01 3.715675000000000228e-02 5.478007499999999474e-01
7.438865000000000061e-01 4.192900000000000793e-02 5.565719999999999557e-01
7.458822500000000799e-01 3.725175000000000708e-02 5.539570000000000327e-01
7.494465000000000154e-01 3.144925000000000498e-02 5.510872500000000285e-01
7.328168750000000342e-01 4.310300000000000242e-02 5.595987499999999226e-01
7.351831500000000075e-01 3.477475000000000704e-02 5.599609999999999310e-01
7.373360750000000907e-01 2.651600000000000484e-02 5.597027500000000266e-01
7.220073250000000886e-01 3.830175000000000246e-02 5.648977499999999763e-01
7.262429000000000245e-01 3.063325000000000770e-02 5.634752499999999831e-01
7.295853750000000915e-01 2.321850000000000303e-02 5.627774999999999306e-01
7.115974500000000758e-01 2.932075000000000653e-02 5.649287499999999795e-01
7.177499999999999991e-01 2.247050000000000436e-02 5.634222500000000133e-01
7.239135750000000868e-01 1.600275000000000308e-02 5.619994999999999852e-01
7.040729000000000015e-01 1.914825000000000554e-02 5.586977499999999930e-01
7.118026000000000630e-01 1.403125000000000205e-02 5.584004999999999663e-01
7.192179750000000649e-01 8.803249999999998576e-03 5.576989999999999448e-01
7.020385500000000389e-01 9.714500000000000912e-03 5.494470000000000187e-01
7.100596750000000013e-01 5.938750000000006524e-03 5.501162499999999733e-01
7.177961000000000480e-01 1.692250000000006249e-03 5.505962500000000093e-01
6.997247000000000883e-01 -1.483249999999991520e-03 5.425177500000000208e-01
7.073701750000001010e-01 -4.435250000000001691e-03 5.437042500000000000e-01
7.146757955000000440e-01 -8.511249999999997984e-03 5.441795000000000382e-01
6.965353499999999976e-01 -1.095174999999999621e-02 5.353092499999999587e-01
7.040807000000000038e-01 -1.377974999999999339e-02 5.363489999999999647e-01
7.114592000000000693e-01 -1.774599999999999789e-02 5.368537500000000184e-01
6.931808750000000297e-01 -2.163424999999999376e-02 5.317947499999999827e-01
7.004110750000001051e-01 -2.467574999999999630e-02 5.325229999999999686e-01
7.077616000000001018e-01 -2.784649999999999626e-02 5.332734999999999559e-01
6.874940000000000495e-01 -3.057174999999999476e-02 5.330737500000000129e-01
6.948992500000000794e-01 -3.358399999999998886e-02 5.338027499999999925e-01
7.023548250000000159e-01 -3.647649999999999504e-02 5.346147500000000274e-01
6.829075000000000006e-01 -3.962349999999999206e-02 5.299635000000000318e-01
6.903445250000000977e-01 -4.238149999999998863e-02 5.307490000000000263e-01
6.980149000000001047e-01 -4.491524999999998990e-02 5.316907499999999898e-01
6.807887500000000536e-01 -4.473399999999999599e-02 5.211295000000000233e-01
6.881742500000000984e-01 -4.768674999999999997e-02 5.216444999999999554e-01
6.955327750000001030e-01 -5.050575000000000203e-02 5.219577499999999981e-01
6.811432500000000889e-01 -4.448549999999999727e-02 5.100789999999999491e-01
6.883680000000000909e-01 -4.750374999999999737e-02 5.105477499999999669e-01
6.956901250000000481e-01 -5.021899999999999975e-02 5.108454999999999524e-01
6.817535000000000123e-01 -4.738574999999999038e-02 4.967619500000000077e-01
6.884760000000000879e-01 -5.009899999999999076e-02 4.976499999999999813e-01
6.957518000000000313e-01 -5.264874999999999416e-02 4.988219999999999876e-01
6.896977250000000392e-01 -5.285549999999999971e-02 4.858937500000000131e-01
6.925969250000000299e-01 -5.189549999999998331e-02 4.864290249999999594e-01
6.982394500000000948e-01 -5.168575000000000252e-02 4.868095749999999944e-01
6.913491999999999971e-01 -4.627499999999999669e-02 4.733259850000000046e-01
6.954615250000000248e-01 -4.823924999999999741e-02 4.760697499999999582e-01
7.008079249999999982e-01 -5.309949999999999393e-02 4.772491749999999699e-01
6.983159000000001004e-01 -4.058524999999998939e-02 4.681561499999999931e-01
7.023279250000000751e-01 -4.507599999999999107e-02 4.697969124999999968e-01
7.075913500000000633e-01 -5.018949999999999800e-02 4.707341224999999629e-01
7.077844500000000094e-01 -3.590749999999999498e-02 4.657694249999999592e-01
7.105364500000000971e-01 -3.934449999999999059e-02 4.655036249999999765e-01
7.152503600000000850e-01 -4.448774999999999258e-02 4.650427500000000047e-01
7.150337150000000142e-01 -2.935124999999999540e-02 4.670360749999999950e-01
7.195854500000000709e-01 -3.349824999999999331e-02 4.683531999999999695e-01
7.246500500000000455e-01 -3.814850000000000185e-02 4.679961249999999851e-01
7.207196250000000859e-01 -2.296274999999999011e-02 4.650072499999999831e-01
7.260434749999999937e-01 -2.567925000000000069e-02 4.658819499999999891e-01
7.317616750000000003e-01 -2.957300000000000206e-02 4.654195999999999889e-01
7.277977250000000620e-01 -1.505700000000000094e-02 4.629914749999999857e-01
7.321688000000000640e-01 -1.675274999999999681e-02 4.652573999999999876e-01
7.379552000000000334e-01 -1.952324999999999200e-02 4.646816500000000016e-01
7.315783000000000147e-01 -4.163500000000000534e-03 4.642686249999999903e-01
7.355975750000000035e-01 -5.948250000000002147e-03 4.664383749999999607e-01
7.417290000000000827e-01 -8.063749999999994533e-03 4.659248249999999869e-01
7.313192000000000581e-01 8.839500000000000135e-03 4.669627999999999557e-01
7.376185500000000950e-01 7.029000000000007464e-03 4.673694749999999787e-01
7.440082500000000376e-01 4.436500000000009880e-03 4.667592499999999589e-01
7.337056750000000571e-01 2.120125000000000481e-02 4.710096249999999873e-01
7.399830000000000574e-01 1.869100000000000622e-02 4.705885399999999996e-01
7.461260000000000669e-01 1.598775000000000196e-02 4.699433249999999673e-01
7.389865250000000607e-01 2.929000000000000353e-02 4.794254000000000016e-01
7.424095000000000555e-01 2.647325000000000372e-02 4.795905999999999780e-01
7.481312500000000254e-01 2.337275000000000463e-02 4.784127749999999568e-01
7.468390000000000306e-01 2.657525000000000165e-02 4.914324250000000061e-01
7.468677500000000524e-01 2.639550000000000229e-02 4.910993750000000047e-01
7.499777499999999986e-01 2.336625000000000507e-02 4.884442999999999979e-01
7.498190000000000133e-01 1.586775000000000685e-02 5.061192500000000205e-01
7.519210000000000615e-01 1.592350000000000709e-02 5.015007499999999396e-01
7.550080000000000124e-01 1.794300000000000755e-02 4.984264999999999946e-01
7.552175000000000971e-01 1.802250000000005237e-03 5.032492499999999813e-01
7.541275000000000617e-01 3.667250000000010779e-03 5.017427500000000151e-01
7.543954999999999966e-01 3.146250000000003211e-03 4.945446749999999891e-01
7.430355000000000709e-01 -1.172674999999999412e-02 4.980310000000000015e-01
7.451825000000000809e-01 -8.527999999999993919e-03 4.913252750000000058e-01
7.474795000000000744e-01 -7.009000000000001340e-03 4.861324499999999937e-01
7.323982500000000284e-01 -1.989900000000000002e-02 4.905430749999999951e-01
7.368516500000000802e-01 -1.588599999999999735e-02 4.838626249999999906e-01
7.395642500000000341e-01 -1.491874999999999452e-02 4.753955249999999855e-01
7.232612250000000076e-01 -1.836775000000000213e-02 4.874707249999999936e-01
7.271179000000000947e-01 -1.940749999999999420e-02 4.781893499999999575e-01
7.310690000000000799e-01 -2.137799999999999423e-02 4.682779999999999720e-01
7.181492750000000314e-01 -2.613699999999999357e-02 4.824234000000000022e-01
7.222027000000000863e-01 -2.937750000000000083e-02 4.770732999999999779e-01
7.251976500000000270e-01 -3.036999999999999422e-02 4.689080250000000061e-01
7.181455250000000623e-01 -3.793874999999999331e-02 4.827885499999999830e-01
7.196536250000000745e-01 -3.948124999999999551e-02 4.770931250000000068e-01
7.216200500000000684e-01 -4.002574999999999883e-02 4.702773224999999835e-01
7.129561524999999955e-01 -4.438399999999999290e-02 4.810962249999999885e-01
7.132977275000000894e-01 -4.542824999999998947e-02 4.751715249999999835e-01
7.143624910000000439e-01 -4.557749999999999302e-02 4.686636999999999609e-01
7.072340750000000176e-01 -4.107524999999999371e-02 4.789630500000000013e-01
7.054631250000000797e-01 -4.291624999999998913e-02 4.733894524999999742e-01
7.059181500000000220e-01 -4.301474999999999049e-02 4.720699179999999773e-01
6.993979000000000168e-01 -3.810849999999998960e-02 4.791275749999999722e-01
6.980095000000000605e-01 -3.688099999999999712e-02 4.738485074999999602e-01
6.973123250000000661e-01 -3.593174999999999841e-02 4.717043025000000056e-01
6.974913500000000655e-01 -2.931349999999999234e-02 4.789878999999999665e-01
6.954408000000000811e-01 -2.864749999999999241e-02 4.753834749999999998e-01
6.940752750000001026e-01 -2.708424999999999028e-02 4.703475624999999827e-01
7.024875750000000307e-01 -2.153175000000000228e-02 4.810125499999999832e-01
7.001160750000000599e-01 -2.017924999999999580e-02 4.756838999999999928e-01
6.978264750000000571e-01 -1.874499999999999778e-02 4.703390149999999714e-01
7.113347250000000566e-01 -1.502599999999999769e-02 4.768222749999999621e-01
7.078644000000000602e-01 -1.438074999999999770e-02 4.719987649749999847e-01
7.043360499999999913e-01 -1.386699999999999044e-02 4.671256500000000034e-01
7.165434850000000910e-01 -5.819249999999998035e-03 4.734449474999999907e-01
7.125021424999999908e-01 -5.637499999999989742e-03 4.691617249999999739e-01
7.084339250000000199e-01 -5.492249999999990195e-03 4.648629499999999970e-01
7.187371500000000468e-01 5.229250000000004728e-03 4.718837367500000046e-01
7.141832575000000016e-01 5.317000000000002280e-03 4.682768499999999667e-01
7.096215000000000162e-01 5.427000000000001267e-03 4.647033499999999595e-01
7.188215250000000722e-01 1.793375000000000524e-02 4.722251557499999586e-01
7.143248472500000057e-01 1.747900000000000148e-02 4.685990250000000024e-01
7.092480750000000889e-01 1.685075000000000461e-02 4.655091000000000090e-01
7.156813100000000150e-01 2.947400000000000714e-02 4.740743974999999666e-01
7.118862000000000245e-01 2.867650000000000754e-02 4.706623600000000018e-01
7.067530000000000756e-01 2.831950000000000439e-02 4.678089999999999749e-01
7.104198750000000340e-01 3.874050000000000410e-02 4.792796749999999606e-01
7.082576999999999900e-01 3.832375000000000365e-02 4.756330249999999871e-01
7.049595000000000722e-01 3.973400000000000543e-02 4.711468824999999749e-01
7.119497700000000373e-01 4.873375000000000623e-02 4.824456500000000037e-01
7.071244000000000973e-01 4.989945000000000491e-02 4.793578499999999742e-01
7.023928500000000685e-01 5.096012500000000889e-02 4.761440999999999590e-01
7.111913750000000700e-01 5.613857500000000306e-02 4.898686749999999757e-01
7.062578000000000467e-01 5.839882500000000143e-02 4.876061749999999750e-01
7.013377750000000521e-01 6.068780000000000702e-02 4.853702500000000031e-01
7.135446625000000376e-01 6.278355000000000741e-02 4.975094999999999934e-01
7.087341750000000218e-01 6.589997499999999953e-02 4.959962249999999573e-01
7.039167750000000501e-01 6.908507500000000967e-02 4.945559499999999664e-01
7.164952350000000081e-01 6.571722500000000411e-02 5.073299999999999477e-01
7.118401250000000458e-01 6.931489999999999874e-02 5.066452499999999359e-01
7.071376000000000328e-01 7.294758500000000923e-02 5.060189999999999966e-01
7.190069250000000745e-01 6.574105000000000920e-02 5.166109999999999314e-01
7.146568645000000997e-01 6.956110000000000071e-02 5.178002499999999619e-01
7.104285750000000066e-01 7.334360500000000616e-02 5.192317499999999919e-01
7.245615000000000805e-01 6.559517500000000556e-02 5.239922499999999372e-01
7.211173000000000721e-01 6.962900000000001033e-02 5.266367499999999868e-01
7.177415750000000205e-01 7.358590750000000569e-02 5.293474999999999708e-01
7.301355999999999957e-01 6.353430000000000188e-02 5.306824999999999459e-01
7.274213250000000075e-01 6.741315000000000501e-02 5.343182499999999946e-01
7.246245250000000748e-01 7.142655000000000531e-02 5.381099999999999772e-01
7.345346500000000667e-01 5.850932500000000785e-02 5.355317499999999731e-01
7.323982750000000985e-01 6.181735000000000702e-02 5.404489999999999572e-01
7.301082500000000142e-01 6.541835000000001399e-02 5.452782499999999644e-01
7.366579000000000876e-01 5.120132500000000586e-02 5.395252499999999563e-01
7.346068000000000042e-01 5.397700000000000414e-02 5.449654999999999916e-01
7.324465000000000003e-01 5.693597499999999978e-02 5.503835000000000255e-01
7.355486250000000670e-01 4.216600000000000209e-02 5.413652500000000201e-01
7.340846250000000461e-01 4.487350000000000366e-02 5.465219999999999523e-01
7.320633750000000717e-01 4.711875000000000091e-02 5.520549999999999624e-01
7.303496000000000432e-01 3.500000000000000333e-02 5.425817499999999738e-01
7.293180750000000101e-01 3.728350000000000414e-02 5.482442499999999885e-01
7.277836000000000860e-01 3.843575000000000463e-02 5.503387499999999877e-01
7.317441250000000785e-01 2.226800000000000307e-02 5.489927500000000293e-01
7.302971500000000615e-01 2.636775000000000230e-02 5.537739999999999885e-01
7.271671750000000545e-01 2.685500000000000387e-02 5.573892499999999472e-01
7.350114750000000807e-01 9.084500000000009234e-03 5.574877499999999486e-01
7.347070750000000983e-01 1.315275000000000472e-02 5.641012499999999985e-01
7.351321000000000661e-01 1.582975000000000354e-02 5.706729999999999858e-01
7.418762500000000149e-01 -3.448499999999993237e-03 5.611967500000000220e-01
7.420047500000001017e-01 3.700000000000092104e-04 5.696510000000000185e-01
7.428967500000001056e-01 3.058749999999998970e-03 5.785850000000000160e-01
7.453277500000000666e-01 -1.361049999999999760e-02 5.610374999999999668e-01
7.463997500000000285e-01 -1.111174999999998969e-02 5.718252499999999516e-01
7.476852500000000790e-01 -8.964500000000000246e-03 5.822100000000000053e-01
7.467297500000000809e-01 -2.073424999999999574e-02 5.587615000000000220e-01
7.486355000000000093e-01 -2.057425000000000226e-02 5.696455000000000268e-01
7.501112500000000072e-01 -1.935424999999998952e-02 5.801625000000000254e-01
7.491890000000001049e-01 -2.482624999999999416e-02 5.591542499999999638e-01
7.516042500000000848e-01 -2.639824999999999811e-02 5.672110000000000207e-01
7.540762500000000035e-01 -2.792199999999998850e-02 5.748084999999999445e-01
7.542790000000000328e-01 -2.658624999999999183e-02 5.556309999999999860e-01
7.577352500000000823e-01 -2.874625000000000097e-02 5.612829999999999764e-01
7.611915000000000209e-01 -3.080524999999999236e-02 5.665867500000000279e-01
7.596327500000000787e-01 -2.614749999999999019e-02 5.513317500000000093e-01
7.642517500000000075e-01 -2.779324999999999157e-02 5.545167500000000027e-01
7.689742500000000813e-01 -2.947400000000000020e-02 5.579929999999999612e-01
7.617427500000000240e-01 -2.745575000000000099e-02 5.452887499999999887e-01
7.667362500000000081e-01 -2.982049999999999979e-02 5.454304999999999293e-01
7.719647500000000884e-01 -3.215424999999999534e-02 5.452175000000000216e-01
7.614442500000000447e-01 -2.582849999999999036e-02 5.374622500000000302e-01
7.662240000000000162e-01 -2.754749999999998866e-02 5.348197500000000382e-01
7.712172500000000763e-01 -2.926249999999999685e-02 5.318937499999999430e-01
7.591175000000001116e-01 -2.063399999999999956e-02 5.302894999999999692e-01
7.633180000000000520e-01 -2.105875000000000108e-02 5.258502499999999635e-01
7.674835000000000962e-01 -2.136824999999999142e-02 5.212609999999999744e-01
7.560387500000000927e-01 -1.208774999999999433e-02 5.249340000000000117e-01
7.602185000000000192e-01 -1.169824999999999338e-02 5.196884999999999977e-01
7.643490000000000562e-01 -1.129674999999999430e-02 5.144347499999999407e-01
7.513520000000000199e-01 -2.917999999999990046e-03 5.161924999999999430e-01
7.557765000000000732e-01 -3.034499999999995534e-03 5.114689999999999515e-01
7.587190000000000323e-01 -3.556999999999990725e-03 5.076182499999999376e-01
7.498937500000000256e-01 9.461499999999997690e-03 5.080835000000000212e-01
7.526175000000000503e-01 7.330500000000003680e-03 5.030284999999999895e-01
7.524630000000001040e-01 6.128500000000008940e-03 5.000307499999999683e-01
7.550215000000000121e-01 2.207600000000000534e-02 4.924744500000000080e-01
7.554970000000000852e-01 2.078525000000000511e-02 4.916279499999999802e-01
7.591324999999999878e-01 2.008050000000000113e-02 4.889196999999999571e-01
7.717842500000000605e-01 3.657825000000001353e-02 4.839695499999999706e-01
7.736752500000000365e-01 3.364250000000001267e-02 4.837752499999999900e-01
7.763212500000000738e-01 3.120350000000000901e-02 4.836295250000000046e-01
7.870947500000000652e-01 4.457475000000001020e-02 4.856392749999999814e-01
7.908727500000000132e-01 3.987750000000001016e-02 4.845866999999999813e-01
7.943240000000000300e-01 3.594525000000001191e-02 4.829307999999999934e-01
8.003090000000000481e-01 5.090355000000001268e-02 4.833742749999999644e-01
8.034287500000000248e-01 4.582375000000001031e-02 4.823641999999999652e-01
8.062657500000000033e-01 4.112775000000001152e-02 4.798192000000000013e-01
8.131647500000001028e-01 5.659165000000000723e-02 4.826203749999999904e-01
8.154235000000000788e-01 5.097122500000000889e-02 4.819010249999999829e-01
8.183677500000000604e-01 4.576900000000001106e-02 4.794658249999999566e-01
8.265085000000000903e-01 6.186090000000001032e-02 4.793282249999999967e-01
8.276682499999999942e-01 5.603357500000001601e-02 4.790364249999999879e-01
8.296962500000000240e-01 5.035282500000001077e-02 4.785341249999999769e-01
8.399242500000000389e-01 6.608930000000001748e-02 4.757071249999999529e-01
8.410165000000000557e-01 6.010340000000001515e-02 4.755138499999999602e-01
8.419942500000000551e-01 5.413962500000001066e-02 4.753701499999999913e-01
8.509794999999999998e-01 6.826102500000001683e-02 4.733475824999999748e-01
8.509335000000000093e-01 6.236695000000001127e-02 4.734882899999999784e-01
8.509325000000000916e-01 5.649075000000001318e-02 4.736203674999999724e-01
8.596010000000000595e-01 6.880845000000000711e-02 4.699741449999999543e-01
8.584730000000000416e-01 6.310872500000001828e-02 4.705521524999999872e-01
8.576832500000000081e-01 5.734027500000000999e-02 4.710024800000000011e-01
8.663017500000000926e-01 6.718970000000001885e-02 4.673351249999999624e-01
8.644750000000001044e-01 6.165042500000001563e-02 4.682303249999999473e-01
8.628465000000000718e-01 5.595080000000001580e-02 4.690912499999999596e-01
8.704537500000000261e-01 6.636962500000001541e-02 4.669026999999999483e-01
8.686427500000000190e-01 6.058470000000001215e-02 4.678234999999999477e-01
8.670552500000000551e-01 5.464855000000001795e-02 4.687625999999999737e-01
8.740975000000000827e-01 6.634265000000001689e-02 4.659356499999999790e-01
8.723602500000000592e-01 6.050712500000001576e-02 4.668484999999999996e-01
8.707597500000000545e-01 5.458830000000002014e-02 4.678096999999999950e-01
8.776654999999999873e-01 6.688367500000001742e-02 4.648847999999999869e-01
8.761632500000000601e-01 6.084962500000001828e-02 4.658220999999999612e-01
8.745867500000000794e-01 5.496307500000001400e-02 4.669096749999999685e-01
8.808557500000000484e-01 6.777532500000001126e-02 4.639934000000000003e-01
8.797262500000000429e-01 6.161857500000001570e-02 4.651719749999999598e-01
8.780315000000000758e-01 5.575152500000001010e-02 4.665908749999999605e-01
8.840067500000000633e-01 6.917797500000001654e-02 4.652383499999999672e-01
8.831845000000000390e-01 6.258025000000001781e-02 4.663964499999999624e-01
8.815144999999999786e-01 5.624990000000001933e-02 4.677180249999999817e-01
8.886470000000000757e-01 6.978550000000001419e-02 4.665695999999999732e-01
8.881419999999999870e-01 6.290685000000001414e-02 4.681490749999999701e-01
8.866342500000000681e-01 5.608165000000001066e-02 4.696415299999999737e-01
8.949827500000000491e-01 7.214428250000001763e-02 4.670649499999999787e-01
8.956825000000000481e-01 6.457525000000001458e-02 4.691615749999999974e-01
8.958645000000000636e-01 5.694237500000001728e-02 4.711348974999999828e-01
9.020930000000000337e-01 7.555735000000002310e-02 4.664147499999999891e-01
9.041879999999999917e-01 6.777922500000001238e-02 4.684767749999999564e-01
9.060242499999999755e-01 5.982705000000002049e-02 4.705001824999999749e-01
9.078127500000000571e-01 8.147275000000001044e-02 4.650970999999999855e-01
9.110422500000000534e-01 7.158120000000001149e-02 4.677182499999999465e-01
9.134420000000000872e-01 6.229737500000001593e-02 4.700864674999999937e-01
9.148595000000000477e-01 8.571445000000001146e-02 4.648427999999999449e-01
9.178170000000001050e-01 7.553861250000001859e-02 4.674902749999999552e-01
9.204322500000000629e-01 6.553380000000001704e-02 4.700561274999999761e-01
9.232985000000000220e-01 8.827230000000001187e-02 4.657719749999999492e-01
9.255397499999999944e-01 7.983130000000002169e-02 4.679348749999999724e-01
9.278062500000000545e-01 7.147267500000001328e-02 4.701028699999999505e-01
9.335442500000000754e-01 9.163622500000001558e-02 4.668491249999999759e-01
9.356665000000000676e-01 8.395075000000001841e-02 4.688344249999999436e-01
9.378627500000000783e-01 7.626514000000002291e-02 4.708460799999999447e-01
9.564460000000000184e-01 9.134317500000002643e-02 4.708930099999999452e-01
