4.920077500000000770e-01 -6.304250000000000131e-02 4.597924500000000192e-01
5.346470000000000944e-01 -4.551300000000001178e-02 4.665706000000000020e-01
5.360685000000000588e-01 -5.790149999999999464e-02 4.665140749999999725e-01
5.375285000000000757e-01 -7.028699999999998838e-02 4.663313250000000187e-01
5.459997500000000059e-01 -4.411475000000000812e-02 4.680022999999999822e-01
5.474207500000000115e-01 -5.663825000000000109e-02 4.678901249999999901e-01
5.489440000000000985e-01 -6.920650000000000412e-02 4.677802500000000085e-01
5.582015000000000171e-01 -4.333500000000001240e-02 4.680448249999999977e-01
5.585910000000000597e-01 -5.559624999999998596e-02 4.692786749999999785e-01
5.592440000000000744e-01 -6.830449999999999022e-02 4.686898250000000044e-01
5.683082500000000703e-01 -4.329450000000001353e-02 4.729360174999999722e-01
5.681895000000000140e-01 -5.508725000000000427e-02 4.735769224999999971e-01
5.688625000000000487e-01 -6.712124999999999342e-02 4.730935250000000147e-01
5.795162500000000660e-01 -4.359625000000000306e-02 4.760140250000000073e-01
5.789852500000000068e-01 -5.504124999999998602e-02 4.763830749999999892e-01
5.793352500000000793e-01 -6.651974999999998861e-02 4.758259499999999975e-01
5.916712500000000929e-01 -4.401175000000001614e-02 4.770630750000000031e-01
5.903117500000000240e-01 -5.515749999999999820e-02 4.772032499999999677e-01
5.896302500000000224e-01 -6.636875000000000413e-02 4.765577249999999876e-01
6.030310000000000947e-01 -4.420475000000000099e-02 4.765589249999999666e-01
6.018932500000000463e-01 -5.536499999999999755e-02 4.764309749999999788e-01
6.010627500000000900e-01 -6.656974999999998310e-02 4.757503750000000031e-01
6.154270000000000573e-01 -4.459774999999999157e-02 4.750581999999999860e-01
6.140887500000000720e-01 -5.566250000000000364e-02 4.747508750000000166e-01
6.131240000000000023e-01 -6.667950000000000266e-02 4.740381049999999874e-01
6.281157500000000837e-01 -4.520325000000000037e-02 4.745422249999999842e-01
6.267055000000000264e-01 -5.620125000000000814e-02 4.738488624999999677e-01
6.251192500000000152e-01 -6.716049999999998410e-02 4.727644899999999817e-01
6.408012500000000999e-01 -4.620099999999999207e-02 4.740184974999999690e-01
6.391622500000000429e-01 -5.706775000000000042e-02 4.730966699999999969e-01
6.378407500000000674e-01 -6.784275000000000722e-02 4.716424949999999949e-01
6.533827500000000121e-01 -4.709999999999998910e-02 4.729280949999999928e-01
6.519665000000000044e-01 -5.780949999999998590e-02 4.715355149999999607e-01
6.504567500000000280e-01 -6.851750000000000895e-02 4.697006699999999868e-01
6.658272500000000926e-01 -4.768299999999998928e-02 4.717128474999999765e-01
6.646370000000000333e-01 -5.824175000000000879e-02 4.700061824999999804e-01
6.635712500000000569e-01 -6.871525000000000549e-02 4.681012749999999834e-01
6.797132500000000466e-01 -4.975774999999998949e-02 4.736217424999999981e-01
6.781989999999999963e-01 -5.944425000000000403e-02 4.697928699999999735e-01
6.776597500000000052e-01 -6.892249999999999766e-02 4.683034500000000100e-01
6.914878500000000150e-01 -4.886699999999999378e-02 4.692975500000000078e-01
6.903043250000000519e-01 -5.884924999999999184e-02 4.659177250000000048e-01
6.895335500000000506e-01 -6.874824999999998298e-02 4.633798749999999966e-01
7.041896500000000003e-01 -5.037925000000000042e-02 4.686924000000000090e-01
7.029991750000000872e-01 -5.914074999999999194e-02 4.638274499999999745e-01
7.018830500000000638e-01 -6.865474999999998662e-02 4.598585249999999625e-01
7.170597750000000659e-01 -5.072874999999998913e-02 4.675725749999999903e-01
7.157908250000000194e-01 -5.992349999999999066e-02 4.628765999999999714e-01
7.147997775000000109e-01 -6.916549999999999088e-02 4.590995999999999966e-01
7.296155000000000834e-01 -5.198049999999998505e-02 4.673596999999999890e-01
7.285657000000000938e-01 -6.063250000000000584e-02 4.617666500000000007e-01
7.276265000000000649e-01 -6.995674999999998422e-02 4.590832749999999574e-01
7.420417500000000555e-01 -5.386449999999998184e-02 4.676333749999999623e-01
7.412570000000000547e-01 -6.192849999999999744e-02 4.614683249999999570e-01
7.406370000000001008e-01 -7.000775000000000747e-02 4.554179250000000012e-01
7.541370000000000573e-01 -5.584524999999998518e-02 4.688198749999999970e-01
7.538050000000000583e-01 -6.345000000000000639e-02 4.620365750000000049e-01
7.535182500000000561e-01 -7.107949999999998991e-02 4.553724499999999842e-01
7.659602500000000092e-01 -5.843399999999998595e-02 4.705219874999999607e-01
7.660910000000000775e-01 -6.541099999999999692e-02 4.633414249999999734e-01
7.662390000000000034e-01 -7.241024999999998157e-02 4.562676749999999837e-01
7.775932500000000136e-01 -6.130725000000000757e-02 4.730501775000000020e-01
7.780587500000000212e-01 -6.768250000000000655e-02 4.654975749999999968e-01
7.786357500000000709e-01 -7.420199999999999019e-02 4.580331500000000000e-01
7.893417500000000642e-01 -6.389475000000000016e-02 4.753125249999999857e-01
7.896970000000000933e-01 -6.998949999999998228e-02 4.679341749999999522e-01
7.907205000000000483e-01 -7.569524999999999171e-02 4.600237499999999535e-01
8.006240000000000023e-01 -6.674649999999998640e-02 4.780820249999999660e-01
8.012647500000000811e-01 -7.239499999999998714e-02 4.700195724999999825e-01
8.020772500000000749e-01 -7.832149999999998835e-02 4.623392499999999794e-01
8.119925000000001170e-01 -7.027100000000000013e-02 4.809180249999999712e-01
8.119450000000000278e-01 -7.599549999999999361e-02 4.730535699999999788e-01
8.120247500000000729e-01 -8.199299999999998256e-02 4.654721249999999588e-01
8.235015000000001084e-01 -7.447974999999998347e-02 4.828864749999999817e-01
8.226555000000000950e-01 -7.975474999999998538e-02 4.748266999999999904e-01
8.219740000000000935e-01 -8.517249999999998433e-02 4.670889249999999882e-01
8.344960000000000155e-01 -8.047199999999998798e-02 4.845110999999999724e-01
8.324422500000000502e-01 -8.499275000000000579e-02 4.763640249999999687e-01
8.305232500000000462e-01 -8.963075000000000903e-02 4.685123499999999663e-01
8.438080000000000025e-01 -8.888850000000000917e-02 4.857291499999999984e-01
8.405297500000000754e-01 -9.224224999999999786e-02 4.774876249999999711e-01
8.373270000000000435e-01 -9.567549999999999666e-02 4.695302224999999829e-01
8.498142500000001043e-01 -9.978199999999998182e-02 4.864628249999999876e-01
8.456510000000000415e-01 -1.012964999999999838e-01 4.783147749999999698e-01
8.415557500000000468e-01 -1.031584999999999863e-01 4.703060699999999650e-01
8.507552500000000739e-01 -1.113572499999999910e-01 4.869093249999999484e-01
8.464182500000000386e-01 -1.111975000000000047e-01 4.790641499999999664e-01
8.421525000000000816e-01 -1.112094999999999889e-01 4.710574674999999933e-01
8.460840000000000583e-01 -1.214022499999999893e-01 4.876166249999999702e-01
8.422155000000000058e-01 -1.196780000000000066e-01 4.803843499999999600e-01
8.387295000000000167e-01 -1.179604999999999959e-01 4.723628474999999605e-01
8.387532500000001168e-01 -1.298239999999999950e-01 4.858925499999999786e-01
8.357907500000000267e-01 -1.274909999999999932e-01 4.793585499999999944e-01
8.333700000000000552e-01 -1.238835000000000075e-01 4.717647514999999681e-01
8.328192500000000109e-01 -1.356149999999999856e-01 4.867721999999999882e-01
8.285455000000000458e-01 -1.358667500000000083e-01 4.792758249999999887e-01
8.237262500000001042e-01 -1.367082500000000034e-01 4.704916774999999829e-01
8.266312500000000396e-01 -1.458252499999999896e-01 4.872155999999999709e-01
8.230970000000000786e-01 -1.448792499999999872e-01 4.789743499999999932e-01
8.194935000000000969e-01 -1.449689999999999868e-01 4.707442974999999641e-01
8.205712500000000853e-01 -1.584477499999999983e-01 4.854372750000000014e-01
8.177587500000000897e-01 -1.565155000000000018e-01 4.767989499999999992e-01
8.150242500000000057e-01 -1.550600000000000034e-01 4.681756999999999724e-01
8.106242500000000462e-01 -1.684467500000000062e-01 4.839173749999999830e-01
8.094262500000000138e-01 -1.654937499999999950e-01 4.753043499999999866e-01
8.080122500000000985e-01 -1.630007499999999998e-01 4.666468749999999610e-01
7.980437500000000517e-01 -1.743494999999999906e-01 4.815419749999999555e-01
7.985349999999999948e-01 -1.710384999999999822e-01 4.732996674999999653e-01
7.983902500000000790e-01 -1.683862499999999873e-01 4.649175499999999572e-01
7.848477500000000662e-01 -1.770944999999999880e-01 4.783177499999999860e-01
7.867512500000000131e-01 -1.742819999999999925e-01 4.703419574999999631e-01
7.877912500000000540e-01 -1.717527499999999818e-01 4.622120999999999591e-01
7.713037500000000657e-01 -1.766320000000000112e-01 4.743781049999999944e-01
7.739012500000000960e-01 -1.739949999999999830e-01 4.667015749999999796e-01
7.763180000000000636e-01 -1.725079999999999947e-01 4.585755499999999985e-01
7.584097500000001046e-01 -1.736017499999999991e-01 4.689875249999999607e-01
7.620387500000000980e-01 -1.719569999999999987e-01 4.616364249999999614e-01
7.655622500000001107e-01 -1.704380000000000062e-01 4.542205500000000007e-01
7.470260000000000788e-01 -1.681942499999999896e-01 4.635077999999999698e-01
7.510122500000000478e-01 -1.669012500000000010e-01 4.564353250000000028e-01
7.549225000000000518e-01 -1.656559999999999977e-01 4.493142499999999706e-01
7.369579000000000546e-01 -1.600445000000000062e-01 4.583568249999999678e-01
7.413102500000000594e-01 -1.591892500000000044e-01 4.516108500000000081e-01
7.456407500000000743e-01 -1.583364999999999911e-01 4.447720000000000007e-01
7.289825750000000770e-01 -1.496844999999999981e-01 4.539944750000000084e-01
7.335855500000000307e-01 -1.491577500000000056e-01 4.474585249999999959e-01
7.382161500000000709e-01 -1.485487500000000072e-01 4.408590000000000009e-01
7.232950750000000095e-01 -1.378474999999999839e-01 4.506137749999999942e-01
7.281713250000000359e-01 -1.374275000000000080e-01 4.444217500000000043e-01
7.330818500000000348e-01 -1.368655000000000010e-01 4.381864999999999788e-01
7.198845500000000674e-01 -1.249752499999999822e-01 4.489134249999999771e-01
7.250709250000000328e-01 -1.244777499999999981e-01 4.431269999999999931e-01
7.303039749999999941e-01 -1.238604999999999845e-01 4.373212499999999947e-01
7.187814750000000030e-01 -1.116570000000000062e-01 4.493130499999999916e-01
7.243040000000000589e-01 -1.110907499999999881e-01 4.439939999999999998e-01
7.298772500000000329e-01 -1.104459999999999886e-01 4.386774999999999980e-01
7.198308250000000630e-01 -9.863025000000000264e-02 4.520763749999999748e-01
7.256885250000000287e-01 -9.807074999999998433e-02 4.472514499999999948e-01
7.315847000000000877e-01 -9.747624999999998652e-02 4.424392500000000061e-01
7.228250000000000508e-01 -8.677050000000000041e-02 4.571836499999999970e-01
7.288539250000000136e-01 -8.613250000000000073e-02 4.527740499999999835e-01
7.348832000000000697e-01 -8.549099999999998367e-02 4.483806499999999917e-01
7.243526250000000832e-01 -7.311950000000000394e-02 4.582742499999999941e-01
7.304396500000001069e-01 -7.330424999999998747e-02 4.569510499999999698e-01
7.365136750000000898e-01 -7.275000000000000910e-02 4.527576749999999706e-01
7.247881500000000754e-01 -5.957075000000000564e-02 4.615396999999999972e-01
7.308994750000000762e-01 -5.977324999999999999e-02 4.585528499999999563e-01
7.369947250000000727e-01 -5.970824999999999050e-02 4.544848499999999958e-01
7.249715250000000610e-01 -4.702749999999999986e-02 4.590416999999999970e-01
7.308112750000000934e-01 -4.667224999999999846e-02 4.570936499999999625e-01
7.367002750000000155e-01 -4.644099999999999617e-02 4.529697500000000043e-01
7.244891500000000262e-01 -3.503349999999999520e-02 4.521959999999999869e-01
7.295467750000000917e-01 -3.421475000000000211e-02 4.520336249999999945e-01
7.350344000000000877e-01 -3.398074999999999013e-02 4.483448749999999761e-01
7.233611500000000083e-01 -2.116024999999999157e-02 4.495814249999999790e-01
7.282332000000000249e-01 -2.077724999999999711e-02 4.496774249999999640e-01
7.338251000000000079e-01 -2.075275000000000036e-02 4.461974999999999691e-01
7.176401000000000030e-01 -8.791250000000000453e-03 4.481070500000000068e-01
7.237969499999999945e-01 -7.920749999999990298e-03 4.456432499999999908e-01
7.299469500000000943e-01 -7.530250000000002220e-03 4.424402499999999794e-01
7.132918625000000956e-01 3.841750000000004883e-03 4.453654999999999697e-01
7.195378749999999934e-01 4.364500000000007263e-03 4.425959999999999894e-01
7.257669750000000919e-01 4.862500000000005707e-03 4.396892499999999759e-01
7.103735750000000904e-01 1.680225000000000468e-02 4.459287499999999849e-01
7.166152000000000077e-01 1.747325000000000267e-02 4.433960000000000123e-01
7.228532750000000728e-01 1.793500000000000649e-02 4.407732500000000053e-01
7.105291750000000128e-01 2.963575000000000237e-02 4.507054249999999929e-01
7.165100200000000807e-01 2.933000000000000190e-02 4.484279999999999933e-01
7.227505000000000734e-01 2.933425000000000615e-02 4.460142500000000010e-01
7.144159752500000016e-01 3.891450000000000464e-02 4.609232500000000066e-01
7.199857500000000909e-01 3.728775000000000145e-02 4.575361749999999894e-01
7.258421750000000339e-01 3.596475000000000366e-02 4.545945999999999598e-01
7.203254749999999929e-01 3.991775000000000184e-02 4.730091874999999835e-01
7.256941000000000086e-01 3.757700000000000623e-02 4.684259749999999944e-01
7.313269250000000721e-01 3.527950000000000530e-02 4.642934999999999701e-01
7.272418500000000785e-01 3.524350000000000399e-02 4.837666499999999647e-01
7.320604250000000146e-01 3.256500000000000367e-02 4.773926749999999886e-01
7.373465000000000158e-01 2.978625000000000717e-02 4.712965299999999913e-01
7.318202250000001019e-01 2.457200000000000356e-02 4.924762999999999780e-01
7.346711250000000915e-01 2.218275000000000802e-02 4.835198249999999587e-01
7.406250000000000888e-01 1.932200000000000584e-02 4.761385999999999674e-01
7.298940750000000310e-01 1.872075000000000128e-02 4.949736499999999872e-01
7.358520500000000908e-01 1.440375000000000683e-02 4.865686750000000060e-01
7.414297499999999985e-01 1.093100000000001015e-02 4.785635249999999896e-01
7.350362750000000167e-01 9.074250000000005922e-03 4.992462500000000025e-01
7.390348500000000209e-01 5.964999999999998082e-03 4.925915499999999891e-01
7.440480000000000427e-01 2.209750000000010317e-03 4.847587499999999605e-01
7.367715750000000119e-01 2.157500000000006635e-04 5.034269999999999579e-01
7.398860000000000436e-01 -2.858249999999992741e-03 4.975649999999999795e-01
7.430395000000000749e-01 -6.375249999999998973e-03 4.917673999999999657e-01
7.330903750000000718e-01 -8.184999999999997833e-03 5.040080000000000116e-01
7.355367500000000724e-01 -1.103174999999999295e-02 4.985487499999999850e-01
7.378003500000001047e-01 -1.396725000000000050e-02 4.929546499999999942e-01
7.248365250000000648e-01 -1.171024999999999150e-02 5.014182499999999543e-01
7.267571250000000038e-01 -1.447324999999999307e-02 4.960368249999999590e-01
7.284504250000000125e-01 -1.714949999999999808e-02 4.905192749999999768e-01
7.164660700000000659e-01 -8.946749999999989433e-03 4.966686249999999747e-01
7.176118250000000920e-01 -1.158549999999999858e-02 4.911414000000000057e-01
7.184927250000000543e-01 -1.396224999999999550e-02 4.856346249999999864e-01
7.103487750000000434e-01 -1.499249999999993643e-03 4.917118249999999913e-01
7.106886750000001030e-01 -3.976999999999994428e-03 4.861362999999999657e-01
7.107776000000000094e-01 -6.066249999999995257e-03 4.809867250000000038e-01
7.078480000000000327e-01 8.892500000000011506e-03 4.868445999999999607e-01
7.074194000000000315e-01 6.416500000000005532e-03 4.813272999999999580e-01
7.069385000000000252e-01 3.998500000000002053e-03 4.757610999999999923e-01
7.086843000000000448e-01 1.944150000000000739e-02 4.811636499999999983e-01
7.076334750000000673e-01 1.693900000000000267e-02 4.757772249999999703e-01
7.065318500000000723e-01 1.444425000000000570e-02 4.703641024999999920e-01
7.056389250000000279e-01 2.985550000000000703e-02 4.769084249999999692e-01
7.039753000000000815e-01 2.760725000000000678e-02 4.716561025000000074e-01
7.022433750000000030e-01 2.534975000000000422e-02 4.663944999999999896e-01
7.003682750000000956e-01 4.004025000000000639e-02 4.747567999999999788e-01
6.978927000000000325e-01 3.781975000000000614e-02 4.699064725000000053e-01
6.953347250000000423e-01 3.559175000000000533e-02 4.650496249999999665e-01
6.955958500000000155e-01 5.076730000000000131e-02 4.737370149999999835e-01
6.922957250000000284e-01 4.864725000000000299e-02 4.691858999999999891e-01
6.889295000000000835e-01 4.652500000000000385e-02 4.646523249999999772e-01
6.911224500000000548e-01 6.085962500000000053e-02 4.733933499999999905e-01
6.872447500000000709e-01 5.899785000000000446e-02 4.693391499999999827e-01
6.832750000000000767e-01 5.716735000000000566e-02 4.653472249999999755e-01
6.876792500000000752e-01 7.151306749999999934e-02 4.747991500000000031e-01
6.832200000000000495e-01 6.978002499999999553e-02 4.712759049999999950e-01
6.787652500000000977e-01 6.809307500000000291e-02 4.678236499999999798e-01
6.830522500000000274e-01 8.138800000000000201e-02 4.765013499999999902e-01
6.783710000000000573e-01 7.958669999999999634e-02 4.732471274999999755e-01
6.736615000000000242e-01 7.778664999999999885e-02 4.700993674999999761e-01
6.793247500000000327e-01 9.019277500000000281e-02 4.813064249999999822e-01
6.743545000000000789e-01 8.836317500000000214e-02 4.785146249999999712e-01
6.693562500000000970e-01 8.654697499999999821e-02 4.757672749999999895e-01
6.767770000000000730e-01 9.986949999999999994e-02 4.839433499999999944e-01
6.715222499999999872e-01 9.815799999999999526e-02 4.814888250000000092e-01
6.662512500000000726e-01 9.644330000000000958e-02 4.790715749999999717e-01
6.757975000000000509e-01 1.096395000000000008e-01 4.842863000000000029e-01
6.703057500000000335e-01 1.082899999999999974e-01 4.820152999999999799e-01
6.647920000000000496e-01 1.069457500000000061e-01 4.797902499999999737e-01
6.747840000000000504e-01 1.185632500000000089e-01 4.876868749999999642e-01
6.690117500000000161e-01 1.175830000000000070e-01 4.859221499999999971e-01
6.632022499999999932e-01 1.166780000000000039e-01 4.842448500000000045e-01
6.741567500000000823e-01 1.261937499999999934e-01 4.936081999999999970e-01
6.680837500000000873e-01 1.253270000000000217e-01 4.925807500000000116e-01
6.620317500000000299e-01 1.245737500000000109e-01 4.915662499999999824e-01
6.742675000000000196e-01 1.353927500000000061e-01 4.973022500000000012e-01
6.680672500000000014e-01 1.346707500000000057e-01 4.967337749999999885e-01
6.618297499999999944e-01 1.340662499999999979e-01 4.961969250000000109e-01
6.748525000000000773e-01 1.433484999999999898e-01 5.031297500000000422e-01
6.685012500000000468e-01 1.426642499999999925e-01 5.032339999999999591e-01
6.621215000000000295e-01 1.420577500000000104e-01 5.033177500000000082e-01
6.764282500000000642e-01 1.495227500000000098e-01 5.105682499999999457e-01
6.700220000000000065e-01 1.487120000000000108e-01 5.114014999999999533e-01
6.636037500000000477e-01 1.479947500000000082e-01 5.122172499999999573e-01
6.795502500000000223e-01 1.534765000000000157e-01 5.192777499999999824e-01
6.731584999999999930e-01 1.523114999999999886e-01 5.204809999999999715e-01
6.668647500000000061e-01 1.512842500000000090e-01 5.220782499999999660e-01
6.842587500000000267e-01 1.537267500000000231e-01 5.287830000000000030e-01
6.776385000000000325e-01 1.522082499999999894e-01 5.300392499999999618e-01
6.711677500000000629e-01 1.505677500000000002e-01 5.314204999999999623e-01
6.877942500000000514e-01 1.461747500000000199e-01 5.386117499999999447e-01
6.807622500000000132e-01 1.456990000000000229e-01 5.389377499999999932e-01
6.737207500000000904e-01 1.438365000000000060e-01 5.393697499999999811e-01
6.918378500000000875e-01 1.297345000000000026e-01 5.455039999999999889e-01
6.838032500000000846e-01 1.303080000000000072e-01 5.453232500000000371e-01
6.757677500000000004e-01 1.295655000000000001e-01 5.452632499999999771e-01
6.953494000000000064e-01 1.117267500000000136e-01 5.496765000000000123e-01
6.856077500000000713e-01 1.134040000000000048e-01 5.491822499999999829e-01
6.761067500000000896e-01 1.137237500000000123e-01 5.490355000000000096e-01
6.995014000000000509e-01 9.702292500000000985e-02 5.521414999999999518e-01
6.875539999999999985e-01 9.871262499999999829e-02 5.517529999999999379e-01
6.765577500000000688e-01 9.995624999999999649e-02 5.515652500000000069e-01
7.014027000000000456e-01 8.635235000000000827e-02 5.517959999999999532e-01
6.900406250000000741e-01 8.736700000000000021e-02 5.527257500000000157e-01
6.789355000000000251e-01 8.889715000000000811e-02 5.530402500000000110e-01
7.003193000000000890e-01 7.918637500000000329e-02 5.525575000000000347e-01
6.917463500000000654e-01 7.868702500000000766e-02 5.532485000000000319e-01
6.834324999999999983e-01 7.741585000000000827e-02 5.537977499999999775e-01
7.022544000000000564e-01 7.136420000000000263e-02 5.559979999999999922e-01
6.957053250000000411e-01 6.931829999999999936e-02 5.576057500000000111e-01
6.894585000000000852e-01 6.735087500000000449e-02 5.591260000000000119e-01
7.062582500000000874e-01 6.571820000000000439e-02 5.608902499999999236e-01
7.022008500000000986e-01 6.299845000000001138e-02 5.640992499999999410e-01
6.979797250000000508e-01 6.013077500000000436e-02 5.670524999999999594e-01
7.125286150000000873e-01 5.995885000000000797e-02 5.620264999999999844e-01
7.116853250000000353e-01 5.576045000000000307e-02 5.656430000000000069e-01
7.110253000000000823e-01 5.157740000000000935e-02 5.695455000000000378e-01
7.196468500000000601e-01 5.679047500000000692e-02 5.583592499999999736e-01
7.216331500000000565e-01 5.191467500000000734e-02 5.606582500000000246e-01
7.237831500000000418e-01 4.683950000000000613e-02 5.630477499999999580e-01
7.247136250000000279e-01 5.458007500000000567e-02 5.508102499999999457e-01
7.280217750000000931e-01 4.946352500000000818e-02 5.513217499999999438e-01
7.313765750000000843e-01 4.429125000000000423e-02 5.517290000000000250e-01
7.265196250000000022e-01 5.236165000000000957e-02 5.401009999999999422e-01
7.303605250000000382e-01 4.749224999999999974e-02 5.399632500000000057e-01
7.342052750000001016e-01 4.258425000000000404e-02 5.398889999999999523e-01
7.257567500000000615e-01 4.815275000000000805e-02 5.285747499999999821e-01
7.296740500000000740e-01 4.353100000000000025e-02 5.285982499999999362e-01
7.336200500000000790e-01 3.891400000000000414e-02 5.286867499999999831e-01
7.230639250000000517e-01 4.158475000000000366e-02 5.178949999999999942e-01
7.274472500000001007e-01 3.714575000000000515e-02 5.183022499999999644e-01
7.318595250000000663e-01 3.265450000000000297e-02 5.187294999999999545e-01
7.227046000000000303e-01 3.654225000000000528e-02 5.063292499999999530e-01
7.270210750000000166e-01 3.223000000000000170e-02 5.068059999999999787e-01
7.312096000000000151e-01 2.798350000000000143e-02 5.072982499999999506e-01
7.241056000000000159e-01 3.281300000000000189e-02 4.939495499999999595e-01
7.284810999999999925e-01 2.857925000000000743e-02 4.949747999999999926e-01
7.305970999999999993e-01 2.490650000000000502e-02 4.953826249999999654e-01
7.281689250000000779e-01 2.941775000000000639e-02 4.816633249999999755e-01
7.324483000000000521e-01 2.523400000000000643e-02 4.832762250000000037e-01
7.349341750000000228e-01 2.052150000000000502e-02 4.839823500000000056e-01
7.350625750000000513e-01 2.795100000000000362e-02 4.704498874999999969e-01
7.389357750000000724e-01 2.380675000000000152e-02 4.727506424999999846e-01
7.417415000000000536e-01 1.894725000000000575e-02 4.746017249999999743e-01
7.440432500000000449e-01 2.775400000000000783e-02 4.604482500000000034e-01
7.472272500000000095e-01 2.346125000000000294e-02 4.634559749999999645e-01
7.499390000000000223e-01 1.788575000000000581e-02 4.655122999999999900e-01
7.541775000000000562e-01 2.786975000000000563e-02 4.524520999999999682e-01
7.566065000000000706e-01 2.348250000000000337e-02 4.557803999999999744e-01
7.597705000000000153e-01 1.901475000000000387e-02 4.587244249999999912e-01
7.655302500000000787e-01 3.051250000000000490e-02 4.470745999999999887e-01
7.679432500000000772e-01 2.566300000000000525e-02 4.500913500000000012e-01
7.704317500000000818e-01 2.084400000000000142e-02 4.530970249999999866e-01
7.775087500000000817e-01 3.438525000000001303e-02 4.440067500000000056e-01
7.797037500000000287e-01 2.941750000000001308e-02 4.469467500000000038e-01
7.819265000000000798e-01 2.448775000000000951e-02 4.498783749999999970e-01
7.896772499999999972e-01 3.917050000000001087e-02 4.432972499999999760e-01
7.915290000000000381e-01 3.392100000000001364e-02 4.459374999999999867e-01
7.934107500000000535e-01 2.870500000000000829e-02 4.485809499999999783e-01
8.020547500000000385e-01 4.421375000000000999e-02 4.448914999999999953e-01
8.033417500000000766e-01 3.863250000000001405e-02 4.472717999999999972e-01
8.046619999999999884e-01 3.304925000000000918e-02 4.496827749999999790e-01
8.136367500000000197e-01 4.915837500000001109e-02 4.481511499999999981e-01
8.147874999999999979e-01 4.328650000000001247e-02 4.503371999999999931e-01
8.159750000000000059e-01 3.744825000000000931e-02 4.525507249999999870e-01
8.245017500000000332e-01 5.395452500000001012e-02 4.523877999999999511e-01
8.256152500000000227e-01 4.790325000000000832e-02 4.543555249999999823e-01
8.267930000000000001e-01 4.192475000000001062e-02 4.563734499999999583e-01
8.347785000000000899e-01 5.856177500000001035e-02 4.576622999999999664e-01
8.359637500000000054e-01 5.232222500000001386e-02 4.594236499999999612e-01
8.372100000000000097e-01 4.617450000000000720e-02 4.612348249999999594e-01
8.446235000000000825e-01 6.313487500000000696e-02 4.633830249999999484e-01
8.458202500000000512e-01 5.665480000000001209e-02 4.648861499999999980e-01
8.470595000000000763e-01 5.024557500000001453e-02 4.664311250000000020e-01
8.549775000000000569e-01 6.750992500000001229e-02 4.683233249999999570e-01
8.559782500000000516e-01 6.065907500000001368e-02 4.695081349999999931e-01
8.570120000000001070e-01 5.385057500000001163e-02 4.707452524999999888e-01
8.660027500000000433e-01 7.147987500000001215e-02 4.715673099999999618e-01
8.667032500000000361e-01 6.403670000000001583e-02 4.724772124999999656e-01
8.674102500000000493e-01 5.659907500000001257e-02 4.734628399999999959e-01
8.773889999999999745e-01 7.491115250000000836e-02 4.733400074999999929e-01
8.777950000000001030e-01 6.644907500000001022e-02 4.741052849999999874e-01
8.781767500000000615e-01 5.798162500000001579e-02 4.749623749999999922e-01
8.886165000000000314e-01 7.773377500000001883e-02 4.740731799999999829e-01
8.890810000000000102e-01 6.841442500000001481e-02 4.747600999999999627e-01
8.895425000000000137e-01 5.914097500000001228e-02 4.755408999999999886e-01
8.992327500000000251e-01 8.166890000000001648e-02 4.736142699999999484e-01
8.995742500000000197e-01 7.048925000000001717e-02 4.743388774999999780e-01
8.997000000000000552e-01 5.986912500000001608e-02 4.750992999999999467e-01
9.096425000000000205e-01 8.241135000000002209e-02 4.722390274999999638e-01
9.094820000000000126e-01 7.120255000000001722e-02 4.731638149999999876e-01
9.092950000000000754e-01 5.988565000000001248e-02 4.739460549999999772e-01
9.202930000000000277e-01 8.122257500000001906e-02 4.720248792499999735e-01
9.201624999999999943e-01 7.187331250000002225e-02 4.727659299999999454e-01
9.201225000000000653e-01 6.236445000000001571e-02 4.734483474999999775e-01
9.317640000000000366e-01 8.067875000000002128e-02 4.717443402499999494e-01
9.317090000000000094e-01 7.224042500000002476e-02 4.723924374999999842e-01
9.316775000000000473e-01 6.371957500000001440e-02 4.730199749999999814e-01
9.540910000000000224e-01 7.269909500000001912e-02 4.717175099999999510e-01
