4.834155000000000535e-01 -4.634625000000000550e-02 4.723906574999999775e-01
5.289472500000000910e-01 -3.807225000000001580e-02 4.661850000000000160e-01
5.281892500000000545e-01 -4.907800000000001051e-02 4.722061559999999880e-01
5.276120000000000809e-01 -6.005874999999999408e-02 4.782349750000000066e-01
5.402912500000000007e-01 -3.888050000000001227e-02 4.656618499999999883e-01
5.394872500000000848e-01 -5.013200000000000989e-02 4.718005897499999990e-01
5.389669999999999739e-01 -6.134399999999998188e-02 4.779695500000000208e-01
5.509882500000000682e-01 -4.133125000000001381e-02 4.644404249999999901e-01
5.501895000000001090e-01 -5.140300000000000424e-02 4.715270724999999774e-01
5.492377500000000801e-01 -6.265699999999999048e-02 4.777927249999999737e-01
5.604595000000001104e-01 -4.096525000000000860e-02 4.676844250000000147e-01
5.597232500000000055e-01 -5.065125000000000877e-02 4.742507400000000040e-01
5.594432500000000585e-01 -6.118850000000000677e-02 4.803719999999999657e-01
5.708590000000000053e-01 -4.133825000000000693e-02 4.695016999999999663e-01
5.701802500000000551e-01 -5.057950000000001334e-02 4.757508249999999883e-01
5.703044999999999920e-01 -6.051100000000000922e-02 4.817137499999999961e-01
5.798357499999999831e-01 -4.127725000000001532e-02 4.706295775000000070e-01
5.795690000000000008e-01 -5.031275000000000330e-02 4.767454749999999741e-01
5.795797500000000602e-01 -5.994525000000000547e-02 4.825658999999999921e-01
5.882570000000000299e-01 -4.048225000000001128e-02 4.700906799999999830e-01
5.893332500000000307e-01 -4.945900000000000296e-02 4.761794500000000041e-01
5.900817500000000715e-01 -5.895074999999999621e-02 4.820573249999999810e-01
5.977320000000000411e-01 -3.881800000000000528e-02 4.692261249999999939e-01
5.996147500000000852e-01 -4.786025000000000695e-02 4.753491750000000127e-01
6.006700000000000372e-01 -5.704049999999999399e-02 4.811284499999999853e-01
6.083072500000000771e-01 -3.641350000000000142e-02 4.681821499999999636e-01
6.101482500000000586e-01 -4.556525000000000158e-02 4.743153399999999742e-01
6.109065000000000190e-01 -5.472450000000000925e-02 4.801609749999999899e-01
6.197385000000000810e-01 -3.400974999999999138e-02 4.673787749999999686e-01
6.211420000000000829e-01 -4.316325000000000023e-02 4.734725699999999815e-01
6.222207500000001001e-01 -5.220474999999999421e-02 4.794198249999999661e-01
6.327697500000000197e-01 -3.102199999999999402e-02 4.673933000000000115e-01
6.333737500000000686e-01 -4.004199999999999426e-02 4.732497299999999796e-01
6.340572500000000167e-01 -4.936050000000000160e-02 4.793109249999999988e-01
6.469947500000000629e-01 -2.744324999999998849e-02 4.673132749999999724e-01
6.478877499999999845e-01 -3.664349999999999552e-02 4.731380024999999878e-01
6.487280000000000824e-01 -4.568200000000000038e-02 4.789930749999999904e-01
6.633575000000000443e-01 -2.416924999999998935e-02 4.702460149999999617e-01
6.638682500000000486e-01 -3.410674999999999124e-02 4.745330249999999972e-01
6.648662499999999920e-01 -4.213849999999999540e-02 4.796331749999999672e-01
6.810377499999999973e-01 -2.393324999999998925e-02 4.695168499999999856e-01
6.801555000000000240e-01 -3.365899999999999448e-02 4.740116824999999756e-01
6.801345000000000862e-01 -4.238299999999999013e-02 4.795284750000000096e-01
6.971372000000000124e-01 -2.443249999999999589e-02 4.730261199999999944e-01
6.958637500000000031e-01 -3.347725000000000006e-02 4.765473499999999807e-01
6.951303000000000898e-01 -4.213874999999998872e-02 4.815638999999999892e-01
7.112244500000000080e-01 -2.777999999999999914e-02 4.748196249999999674e-01
7.105579250000000346e-01 -3.406299999999999606e-02 4.779613999999999807e-01
7.103829500000000685e-01 -4.274524999999999852e-02 4.827586499999999559e-01
7.238229250000000059e-01 -2.824074999999999502e-02 4.745439249999999776e-01
7.250363499999999961e-01 -3.415549999999999142e-02 4.772024500000000002e-01
7.256720500000000129e-01 -4.219049999999999190e-02 4.831773749999999645e-01
7.355539250000000528e-01 -2.349350000000000049e-02 4.726436549999999959e-01
7.362607750000000895e-01 -3.297074999999999312e-02 4.764654999999999863e-01
7.372875500000000137e-01 -4.251524999999999055e-02 4.798496999999999901e-01
7.466792500000000166e-01 -2.214025000000000021e-02 4.725906649999999654e-01
7.469850000000000101e-01 -3.157949999999999646e-02 4.757477749999999839e-01
7.481510000000000105e-01 -4.107199999999999740e-02 4.784118749999999864e-01
7.560307500000000847e-01 -2.023424999999999530e-02 4.732255149999999855e-01
7.565772500000000900e-01 -2.952425000000000188e-02 4.763695249999999604e-01
7.574215000000000808e-01 -3.892724999999999658e-02 4.792958499999999677e-01
7.640072500000000266e-01 -1.674699999999999800e-02 4.749428499999999720e-01
7.651435000000000874e-01 -2.605149999999999133e-02 4.783024750000000047e-01
7.664377500000000287e-01 -3.521174999999999999e-02 4.815843499999999944e-01
7.713870000000000449e-01 -1.269599999999999895e-02 4.786758499999999583e-01
7.722867500000000218e-01 -2.181799999999999018e-02 4.818860249999999956e-01
7.732102500000000989e-01 -3.041474999999999040e-02 4.852800250000000037e-01
7.781507500000000022e-01 -8.762249999999999206e-03 4.851608000000000032e-01
7.785075000000000189e-01 -1.819424999999999515e-02 4.877622249999999937e-01
7.783417500000000544e-01 -2.716149999999999121e-02 4.906095500000000054e-01
7.847452500000000608e-01 -6.208999999999992303e-03 4.938524999999999721e-01
7.848142500000000465e-01 -1.557549999999999213e-02 4.960516249999999960e-01
7.843662500000000426e-01 -2.470524999999999805e-02 4.986754999999999938e-01
7.903324999999999934e-01 -5.371249999999994085e-03 5.040534999999999322e-01
7.898580000000000600e-01 -1.464449999999999086e-02 5.053642499999999593e-01
7.890752500000000058e-01 -2.363599999999999035e-02 5.074520000000000142e-01
7.928555000000000463e-01 -5.187249999999990480e-03 5.152544999999999487e-01
7.922617499999999868e-01 -1.422849999999999115e-02 5.159960000000000102e-01
7.911410000000000942e-01 -2.302049999999999930e-02 5.169277500000000192e-01
7.924180000000000668e-01 -5.852749999999989905e-03 5.261844999999999439e-01
7.914752500000000746e-01 -1.479924999999999990e-02 5.256834999999999702e-01
7.905852500000000171e-01 -2.335600000000000176e-02 5.249247499999999400e-01
7.953310000000000102e-01 -6.624249999999998195e-03 5.378129999999999855e-01
7.937792500000000473e-01 -1.529949999999999366e-02 5.353952499999999892e-01
7.924462500000000187e-01 -2.369425000000000003e-02 5.329134999999999289e-01
7.933307500000000845e-01 -9.743500000000002159e-03 5.483677499999999316e-01
7.919510000000000716e-01 -1.758024999999999172e-02 5.443627500000000063e-01
7.909995000000000775e-01 -2.540024999999999922e-02 5.400572500000000442e-01
7.860637500000000610e-01 -1.327099999999999114e-02 5.555607499999999366e-01
7.858452500000000507e-01 -2.000274999999999970e-02 5.506067500000000337e-01
7.859322499999999989e-01 -2.714649999999999008e-02 5.453324999999999978e-01
7.797720000000000207e-01 -2.046549999999999758e-02 5.615769999999999929e-01
7.800055000000000183e-01 -2.608699999999999908e-02 5.564522499999999816e-01
7.813255000000000061e-01 -3.184274999999998912e-02 5.499589999999999756e-01
7.731047500000000072e-01 -2.485799999999999121e-02 5.671024999999999539e-01
7.723332500000000822e-01 -3.225474999999999870e-02 5.628670000000000062e-01
7.714502500000000040e-01 -4.104524999999999146e-02 5.583967499999999973e-01
7.662115000000000453e-01 -3.287124999999999075e-02 5.757812500000000222e-01
7.665235000000000243e-01 -3.958974999999999300e-02 5.696522499999999711e-01
7.666172500000000278e-01 -4.646024999999999461e-02 5.640239999999999698e-01
7.554142500000000648e-01 -4.226175000000000070e-02 5.802935000000000176e-01
7.573640000000000372e-01 -4.810199999999999199e-02 5.731497500000000134e-01
7.594672500000000381e-01 -5.360675000000000856e-02 5.661412500000000403e-01
7.425222500000000503e-01 -4.989574999999998872e-02 5.781927499999999220e-01
7.470849999999999991e-01 -5.445325000000000859e-02 5.714704999999999924e-01
7.511300000000000754e-01 -5.886749999999998928e-02 5.645304999999999351e-01
7.313928250000000242e-01 -5.469350000000000600e-02 5.695684999999999221e-01
7.374776750000000547e-01 -5.864774999999999849e-02 5.644015000000000004e-01
7.427305000000000712e-01 -6.248524999999999219e-02 5.585704999999999698e-01
7.225283250000000823e-01 -5.864474999999999549e-02 5.589039999999999564e-01
7.292007500000000642e-01 -6.200800000000000756e-02 5.552207499999999296e-01
7.349262750000000732e-01 -6.569574999999999720e-02 5.505657499999999649e-01
7.147020525000000735e-01 -6.119674999999999421e-02 5.471985000000000321e-01
7.215164750000000460e-01 -6.447225000000000872e-02 5.440309999999999313e-01
7.282827250000000197e-01 -6.717375000000000429e-02 5.397840000000000416e-01
7.085392000000000357e-01 -6.672174999999999634e-02 5.356172500000000447e-01
7.155410175000000983e-01 -6.897300000000000653e-02 5.328897499999999399e-01
7.226472000000000451e-01 -7.128650000000000264e-02 5.298054999999999293e-01
7.020543000000000200e-01 -7.324900000000000855e-02 5.280572500000000336e-01
7.093166500000001040e-01 -7.534874999999999212e-02 5.253744999999999665e-01
7.166619725000000773e-01 -7.738200000000000633e-02 5.227815000000000101e-01
6.971227500000000132e-01 -7.567574999999998608e-02 5.180827500000000363e-01
7.044920000000000071e-01 -7.750524999999999776e-02 5.155845000000000011e-01
7.120150500000000937e-01 -7.914199999999999013e-02 5.130684999999999274e-01
6.945524500000000989e-01 -7.041574999999999918e-02 5.091757500000000380e-01
7.018681750000000941e-01 -7.216274999999999773e-02 5.065517499999999673e-01
7.090897250000000041e-01 -7.382949999999999235e-02 5.036447499999999744e-01
6.945843750000000316e-01 -6.073324999999998863e-02 5.036847500000000144e-01
7.018164500000000361e-01 -6.225324999999998221e-02 5.010402499999999648e-01
7.089499000000000217e-01 -6.386900000000000910e-02 4.980554999999999843e-01
6.937733249999999963e-01 -5.014774999999999094e-02 4.951824499999999962e-01
7.008310250000000519e-01 -5.211699999999999666e-02 4.927563749999999687e-01
7.078476250000000913e-01 -5.424874999999998448e-02 4.900799750000000010e-01
6.929803750000000928e-01 -4.352049999999998975e-02 4.841396749999999916e-01
6.997522250000000055e-01 -4.579324999999999368e-02 4.822106749999999775e-01
7.065591750000000948e-01 -4.806299999999999462e-02 4.797855999999999788e-01
6.930896750000000717e-01 -3.934725000000000028e-02 4.739016899999999866e-01
6.994104750000000870e-01 -4.200624999999999498e-02 4.724480149999999989e-01
7.060955000000000981e-01 -4.446875000000000133e-02 4.699289674999999611e-01
6.968931500000000723e-01 -3.146625000000000116e-02 4.682867000000000002e-01
7.023976000000000663e-01 -3.422174999999999523e-02 4.669835749999999841e-01
7.089900749999999974e-01 -3.658474999999999921e-02 4.644980499999999957e-01
7.023446000000000966e-01 -2.266299999999998871e-02 4.661715999999999638e-01
7.074841000000000601e-01 -2.522924999999999474e-02 4.669950499999999671e-01
7.139436700000000302e-01 -2.709174999999999778e-02 4.642070249999999954e-01
7.065610500000000238e-01 -1.439825000000000133e-02 4.697932750000000102e-01
7.124663975000000704e-01 -1.597899999999999321e-02 4.682195499999999844e-01
7.187808250000000676e-01 -1.739849999999999730e-02 4.652632250000000025e-01
7.083755500000000760e-01 -5.719749999999995671e-03 4.706053199999999936e-01
7.143927990000000783e-01 -5.625249999999998307e-03 4.694466250000000063e-01
7.206421000000000632e-01 -6.014749999999999264e-03 4.663809499999999608e-01
7.090892500000000043e-01 4.590750000000004549e-03 4.674644000000000021e-01
7.142201002500000451e-01 5.457250000000010703e-03 4.677243999999999846e-01
7.198733999999999966e-01 5.946000000000006835e-03 4.645838499999999649e-01
7.073907000000000389e-01 1.582775000000000154e-02 4.698486324999999741e-01
7.122696725000000617e-01 1.650575000000000653e-02 4.699414874999999769e-01
7.178139500000000339e-01 1.761875000000000246e-02 4.666704999999999881e-01
7.022889500000000229e-01 2.758625000000000660e-02 4.738094824999999899e-01
7.082244250000000463e-01 2.896675000000000638e-02 4.713327350000000027e-01
7.141355875000000575e-01 2.979600000000000304e-02 4.678165999999999713e-01
6.999571500000000279e-01 3.995775000000000715e-02 4.780087249999999677e-01
7.058553499999999925e-01 4.066300000000000470e-02 4.747402000000000011e-01
7.115978500000000873e-01 4.131125000000000769e-02 4.712343499999999685e-01
7.024666750000000404e-01 4.938802500000000206e-02 4.859350249999999649e-01
7.076320249999999978e-01 4.965335000000000581e-02 4.828518499999999714e-01
7.130725525000000120e-01 4.980367500000000558e-02 4.790363749999999587e-01
7.125024300000000199e-01 5.198227500000000834e-02 4.953180249999999951e-01
7.141033500000000256e-01 5.174160000000000564e-02 4.926814749999999798e-01
7.184418750000000076e-01 5.132742500000000291e-02 4.877997000000000027e-01
7.207839500000000621e-01 4.386475000000000790e-02 5.049632499999999746e-01
7.224100250000000667e-01 4.476875000000000299e-02 4.987234999999999863e-01
7.245230250000000982e-01 4.524575000000000125e-02 4.924436749999999696e-01
7.244736250000000100e-01 3.038400000000000128e-02 5.055192499999999756e-01
7.254651750000000732e-01 3.270125000000000115e-02 4.982827499999999965e-01
7.274751750000000294e-01 3.441900000000000515e-02 4.913073499999999760e-01
7.252409499999999953e-01 1.628650000000000236e-02 4.991312499999999708e-01
7.255087749999999946e-01 2.052200000000000552e-02 4.917751249999999796e-01
7.265294500000000211e-01 2.342725000000000363e-02 4.841269500000000003e-01
7.222221000000000890e-01 3.002249999999997976e-03 4.920086249999999772e-01
7.203857500000000469e-01 8.918750000000003064e-03 4.848388499999999879e-01
7.200453250000000693e-01 1.247275000000000467e-02 4.755516999999999661e-01
7.193784250000000435e-01 -2.657249999999999890e-03 4.912287999999999655e-01
7.183134250000000609e-01 2.567500000000000338e-04 4.801791999999999727e-01
7.172548499999999994e-01 3.104500000000010029e-03 4.703029125000000032e-01
7.215441000000000216e-01 -1.243374999999999342e-02 4.852048999999999945e-01
7.208101000000000091e-01 -9.989999999999998881e-03 4.772942249999999609e-01
7.201482750000000044e-01 -7.230749999999994126e-03 4.679535999999999696e-01
7.260448999999999931e-01 -2.115274999999999794e-02 4.809118749999999887e-01
7.251398500000000302e-01 -1.895899999999998975e-02 4.740691850000000040e-01
7.244005749999999910e-01 -1.701799999999999147e-02 4.668896499999999894e-01
7.240213000000000898e-01 -2.770249999999999102e-02 4.769371749999999910e-01
7.229356500000000407e-01 -2.704924999999999691e-02 4.708979624999999891e-01
7.216471500000000150e-01 -2.535499999999998866e-02 4.646068749999999747e-01
7.170257000000000991e-01 -2.761999999999999178e-02 4.763464000000000031e-01
7.148731525000000531e-01 -2.878174999999999484e-02 4.707411824999999661e-01
7.131181225000000623e-01 -2.894449999999999801e-02 4.651506249999999842e-01
7.089923750000000080e-01 -2.842574999999999963e-02 4.797599999999999643e-01
7.064334000000001001e-01 -2.644624999999999060e-02 4.744009624999999675e-01
7.036830750000000467e-01 -2.467274999999999330e-02 4.693358999999999726e-01
7.058456500000001022e-01 -2.103225000000000233e-02 4.839013999999999815e-01
7.025877500000000664e-01 -1.886124999999999607e-02 4.792316999999999827e-01
6.997538250000000515e-01 -1.646749999999999603e-02 4.752198499999999992e-01
7.087160250000000827e-01 -1.106399999999999051e-02 4.862546500000000105e-01
7.049207250000000258e-01 -9.098250000000002169e-03 4.820256499999999722e-01
7.012287500000000673e-01 -7.066999999999989956e-03 4.777907249999999717e-01
7.143563927500000688e-01 -6.092499999999917426e-04 4.839186249999999911e-01
7.099157750000000267e-01 4.090000000000065805e-04 4.800311749999999766e-01
7.055075500000000943e-01 1.406749999999998280e-03 4.760880000000000112e-01
7.166710275000000019e-01 1.071325000000000749e-02 4.832580249999999800e-01
7.119136500000000645e-01 1.112625000000000419e-02 4.797442999999999569e-01
7.071561750000000535e-01 1.144625000000000503e-02 4.761918499999999721e-01
7.167443800000000698e-01 2.254900000000000654e-02 4.845694999999999864e-01
7.116448250000000364e-01 2.261125000000000634e-02 4.816924249999999796e-01
7.065629500000000229e-01 2.262025000000000147e-02 4.788545499999999899e-01
7.153444100000000416e-01 3.555250000000000771e-02 4.875972249999999675e-01
7.103462000000000387e-01 3.491000000000000353e-02 4.846677749999999674e-01
7.050483750000000605e-01 3.386225000000000346e-02 4.821945249999999850e-01
7.110170500000000393e-01 4.702975000000000905e-02 4.916384249999999900e-01
7.066141750000000110e-01 4.585425000000000612e-02 4.885600250000000089e-01
7.015072500000000266e-01 4.444825000000000859e-02 4.861470749999999841e-01
7.073445250000000017e-01 5.876115000000000504e-02 4.946112749999999614e-01
7.025089500000000209e-01 5.635060000000000069e-02 4.925810749999999794e-01
6.974437250000000699e-01 5.391570000000000390e-02 4.908438250000000114e-01
7.008754500000000665e-01 6.936319999999999986e-02 4.961477749999999576e-01
6.961048499999999972e-01 6.624800000000000133e-02 4.946239499999999789e-01
6.913470250000000039e-01 6.307547500000000584e-02 4.930995750000000122e-01
6.952537250000000446e-01 7.899609999999999965e-02 4.994072499999999692e-01
6.904145000000000421e-01 7.573875250000000614e-02 4.983592499999999759e-01
6.855485000000000051e-01 7.253321249999999942e-02 4.973017499999999869e-01
6.903192000000000217e-01 8.894157500000000882e-02 4.999879999999999880e-01
6.852847499999999981e-01 8.578202499999999786e-02 4.993577499999999891e-01
6.801887500000000086e-01 8.273537499999999989e-02 4.986824999999999730e-01
6.866637500000000172e-01 9.855745000000000478e-02 4.980959999999999832e-01
6.813667500000000210e-01 9.583227499999999455e-02 4.977094999999999714e-01
6.759842500000000642e-01 9.317559999999999731e-02 4.973022500000000012e-01
6.845040000000000013e-01 1.077902500000000041e-01 4.988974999999999937e-01
6.786960000000000770e-01 1.063682499999999975e-01 4.990735000000000032e-01
6.728930000000000744e-01 1.051399999999999973e-01 4.993082500000000090e-01
6.846397499999999914e-01 1.163057500000000133e-01 5.016045000000000087e-01
6.786912500000000792e-01 1.161200000000000010e-01 5.024804999999999966e-01
6.728002500000000996e-01 1.160842499999999999e-01 5.033195000000000308e-01
6.859995000000000953e-01 1.247735000000000094e-01 5.015742499999999993e-01
6.801175000000000415e-01 1.255687500000000068e-01 5.029272499999999368e-01
6.740705000000000169e-01 1.264372500000000010e-01 5.043467499999999548e-01
6.892710000000000781e-01 1.309445000000000192e-01 5.043072499999999847e-01
6.836915000000000076e-01 1.327149999999999996e-01 5.064977499999999688e-01
6.778672500000000323e-01 1.345147500000000163e-01 5.086722499999999370e-01
6.942106500000000402e-01 1.330087500000000089e-01 5.087262499999999354e-01
6.890972499999999945e-01 1.349957499999999977e-01 5.121240000000000236e-01
6.838677499999999965e-01 1.369582500000000036e-01 5.154527500000000151e-01
6.990716000000000152e-01 1.298400000000000110e-01 5.139485000000000303e-01
6.942811500000000136e-01 1.316002500000000019e-01 5.177380000000000315e-01
6.894390000000000240e-01 1.328040000000000054e-01 5.217582499999999790e-01
7.028992500000000865e-01 1.218245000000000022e-01 5.164927499999999450e-01
6.981304750000000281e-01 1.232802500000000079e-01 5.210662499999999531e-01
6.934143500000000682e-01 1.246162500000000117e-01 5.258119999999999461e-01
7.020394250000000502e-01 1.098217499999999958e-01 5.181102499999999944e-01
6.976275499999999852e-01 1.123392500000000016e-01 5.229082499999999634e-01
6.929451750000000798e-01 1.135790000000000133e-01 5.283499999999999863e-01
6.969433250000000024e-01 9.429270000000000707e-02 5.192890000000000006e-01
6.925779499999999977e-01 9.794007500000000144e-02 5.248442500000000122e-01
6.881099999999999994e-01 1.005377500000000091e-01 5.309154999999999847e-01
6.980817250000000973e-01 7.930729999999999724e-02 5.251470000000000304e-01
6.924840000000000995e-01 8.445760000000000767e-02 5.311617499999999881e-01
6.871212500000000167e-01 8.830172499999999758e-02 5.379009999999999625e-01
7.036641500000000438e-01 6.850535000000000652e-02 5.306959999999999456e-01
6.967446750000000355e-01 7.421019550000000631e-02 5.383784999999999821e-01
6.901415499999999925e-01 7.901407500000000306e-02 5.456552500000000361e-01
7.088161500000000892e-01 6.244445000000000551e-02 5.353867500000000224e-01
7.023897250000000758e-01 6.720087500000000713e-02 5.436735000000000317e-01
6.957757500000000261e-01 7.187837750000000692e-02 5.510497500000000048e-01
7.117687500000000611e-01 6.027435000000000431e-02 5.406182499999999669e-01
7.077123750000000602e-01 6.304665000000000963e-02 5.478264999999999940e-01
7.041002250000000240e-01 6.544765000000000998e-02 5.550052500000000055e-01
7.189108000000000720e-01 5.933542500000000414e-02 5.447682499999999539e-01
7.171629250000000066e-01 6.110345000000000359e-02 5.514577499999999688e-01
7.156025650000000793e-01 6.258592500000000058e-02 5.578465000000000229e-01
7.263088750000000759e-01 5.974212500000000703e-02 5.459292499999999215e-01
7.275001500000000121e-01 6.105925000000000241e-02 5.513749999999999485e-01
7.286193000000000808e-01 6.230027500000000218e-02 5.572469999999999368e-01
7.318408500000000982e-01 5.627945000000000864e-02 5.439800000000000191e-01
7.356250500000000025e-01 5.549592500000000150e-02 5.476194999999999258e-01
7.398315000000000863e-01 5.427339999999999942e-02 5.512437500000000323e-01
7.343622750000000643e-01 5.184865000000000307e-02 5.386782500000000251e-01
7.390219000000000094e-01 4.890700000000000602e-02 5.396389999999999798e-01
7.439305000000000501e-01 4.566775000000000695e-02 5.405877500000000335e-01
7.316147250000000213e-01 4.719750000000000334e-02 5.323755000000000015e-01
7.353122500000000006e-01 4.279200000000000365e-02 5.313535000000000341e-01
7.389611249999999965e-01 3.823225000000000234e-02 5.302295000000000202e-01
7.248303500000000676e-01 4.382625000000000409e-02 5.267592500000000122e-01
7.278190250000000638e-01 3.857925000000000243e-02 5.247775000000000079e-01
7.307719750000000181e-01 3.335600000000000370e-02 5.228287499999999532e-01
7.180252750000000184e-01 3.961250000000000188e-02 5.170639999999999681e-01
7.211447750000000712e-01 3.450475000000000764e-02 5.153352500000000225e-01
7.243025250000000304e-01 2.945800000000000501e-02 5.136519999999999975e-01
7.162474975000000521e-01 3.837075000000000208e-02 5.040567499999999423e-01
7.196053250000000734e-01 3.280725000000000308e-02 5.028477499999999267e-01
7.229945000000000954e-01 2.726550000000000501e-02 5.017199999999999438e-01
7.213546000000000680e-01 3.779250000000000664e-02 4.892750750000000037e-01
7.246330750000000709e-01 3.238875000000000781e-02 4.883257500000000029e-01
7.267389000000000765e-01 2.756500000000000616e-02 4.869935249999999827e-01
7.317632750000000463e-01 3.853525000000000700e-02 4.764452999999999605e-01
7.347730000000000095e-01 3.299000000000000543e-02 4.759671999999999792e-01
7.359747000000000927e-01 2.926050000000000179e-02 4.739394674999999890e-01
7.445559999999999956e-01 4.035875000000000573e-02 4.686259249999999987e-01
7.472855000000000469e-01 3.471350000000000130e-02 4.683886749999999766e-01
7.495900000000000896e-01 2.990125000000000421e-02 4.665600999999999776e-01
7.577869999999999884e-01 4.310225000000000861e-02 4.664175749999999732e-01
7.602952500000000891e-01 3.751450000000000617e-02 4.662153249999999582e-01
7.627345000000000930e-01 3.226875000000000576e-02 4.643695250000000052e-01
7.701785000000000991e-01 4.665600000000000303e-02 4.685570499999999750e-01
7.721332499999999932e-01 4.082350000000001256e-02 4.683341749999999637e-01
7.749645000000000561e-01 3.519950000000000856e-02 4.664904999999999746e-01
7.827307500000000307e-01 5.084002500000001090e-02 4.687690499999999649e-01
7.842502500000000376e-01 4.502850000000001296e-02 4.684554749999999546e-01
7.866735000000000255e-01 3.938725000000001253e-02 4.680864249999999727e-01
7.948945000000000594e-01 5.583777500000000615e-02 4.680552000000000046e-01
7.969597500000000778e-01 5.001255000000000978e-02 4.676515749999999860e-01
7.988740000000000840e-01 4.415975000000001149e-02 4.672751249999999579e-01
8.048612500000000836e-01 6.009107500000000768e-02 4.657847249999999550e-01
8.066235000000000488e-01 5.419872500000001009e-02 4.654498249999999837e-01
8.082147500000000928e-01 4.830200000000001159e-02 4.651097249999999739e-01
8.134207500000000257e-01 6.370487500000000802e-02 4.653840749999999526e-01
8.148135000000000794e-01 5.774655000000000760e-02 4.650572249999999630e-01
8.162067500000000919e-01 5.185572500000001223e-02 4.647420749999999767e-01
8.222027499999999822e-01 6.536837500000000634e-02 4.653698249999999592e-01
8.229235000000000300e-01 5.927937500000000914e-02 4.650206749999999944e-01
8.237372500000000874e-01 5.317945000000001005e-02 4.647154249999999598e-01
8.294507500000000144e-01 6.577052500000001023e-02 4.669551750000000001e-01
8.300107500000000194e-01 5.947910000000001390e-02 4.665606499999999657e-01
8.305934999999999846e-01 5.320660000000000667e-02 4.662006499999999942e-01
8.368230000000000945e-01 6.557275000000001297e-02 4.672605249999999821e-01
8.372500000000000497e-01 5.927332500000001558e-02 4.668660249999999623e-01
8.376400000000000512e-01 5.295522500000000854e-02 4.664708249999999778e-01
8.460080000000000933e-01 6.532687500000000647e-02 4.668689249999999902e-01
8.461392500000000094e-01 5.882417500000001326e-02 4.664704499999999809e-01
8.463470000000000715e-01 5.236195000000001126e-02 4.660600499999999480e-01
8.551877500000000243e-01 6.485547500000000964e-02 4.670413749999999808e-01
8.551212500000000549e-01 5.817330000000001111e-02 4.666214249999999786e-01
8.551870000000000305e-01 5.151627500000001414e-02 4.662014499999999617e-01
8.640052500000000579e-01 6.387705000000001854e-02 4.679552749999999484e-01
8.636989999999999945e-01 5.707062500000001370e-02 4.675046499999999661e-01
8.635685000000000722e-01 5.021447500000001535e-02 4.670592999999999551e-01
8.726087500000000441e-01 6.340425000000000921e-02 4.678899999999999726e-01
8.728515000000000024e-01 5.623742500000001449e-02 4.674126999999999588e-01
8.730602499999999822e-01 4.893050000000001565e-02 4.669330749999999752e-01
8.811087500000001071e-01 6.492482500000001933e-02 4.680146999999999502e-01
8.821495000000000308e-01 5.701807500000001527e-02 4.674898999999999583e-01
8.829895000000000937e-01 4.884650000000001491e-02 4.669555499999999970e-01
8.896170000000001021e-01 6.765440000000001730e-02 4.682254749999999466e-01
8.916325000000000500e-01 5.933600000000001373e-02 4.676707249999999538e-01
8.933832500000000731e-01 5.060055000000001496e-02 4.670984499999999984e-01
8.971962500000000285e-01 7.382609000000001087e-02 4.685395749999999859e-01
9.001354999999999773e-01 6.332995000000002372e-02 4.678440249999999967e-01
9.024335000000001106e-01 5.338167500000001731e-02 4.671905749999999968e-01
9.058995000000000797e-01 7.818420000000002312e-02 4.689005749999999861e-01
9.085657500000000608e-01 6.744150000000001532e-02 4.682032499999999597e-01
9.110917499999999780e-01 5.678755000000001996e-02 4.674932249999999567e-01
9.155177500000000190e-01 8.056127500000001551e-02 4.701736924999999623e-01
9.177167500000000810e-01 7.166563500000001918e-02 4.695955849999999820e-01
9.200667500000000443e-01 6.281282500000001656e-02 4.690312749999999697e-01
9.262887500000001051e-01 8.344112500000001875e-02 4.716116924999999571e-01
9.284075000000000522e-01 7.542141250000002073e-02 4.711031849999999799e-01
9.306112500000000010e-01 6.735457500000001374e-02 4.705962249999999791e-01
9.495835000000000248e-01 8.190260000000001983e-02 4.739911474999999874e-01
