4.937975000000000003e-01 -6.412049999999999694e-02 4.714853224999999703e-01
5.376365000000000727e-01 -4.844050000000001133e-02 4.690534499999999829e-01
5.384745000000000781e-01 -6.091674999999999174e-02 4.689874499999999724e-01
5.393665000000000820e-01 -7.338549999999999240e-02 4.688498749999999715e-01
5.489247500000000723e-01 -4.749800000000001243e-02 4.680472499999999703e-01
5.498140000000000249e-01 -6.017049999999998788e-02 4.679984500000000103e-01
5.506997500000000434e-01 -7.285274999999999390e-02 4.678386499999999670e-01
5.600534999999999819e-01 -4.731250000000000733e-02 4.655736500000000055e-01
5.605455000000000298e-01 -5.963174999999998338e-02 4.670165000000000011e-01
5.608630000000000004e-01 -7.250950000000000450e-02 4.669003749999999786e-01
5.700460000000000527e-01 -4.728625000000001577e-02 4.685914499999999649e-01
5.701862500000000056e-01 -5.911125000000000407e-02 4.696468199999999649e-01
5.708382499999999915e-01 -7.123650000000000815e-02 4.696119225000000008e-01
5.808790000000000342e-01 -4.747225000000000750e-02 4.699077999999999866e-01
5.807262500000001104e-01 -5.891549999999998177e-02 4.707937649999999752e-01
5.813080000000000469e-01 -7.048499999999999210e-02 4.707867324999999714e-01
5.921437500000000798e-01 -4.729875000000001439e-02 4.694740749999999907e-01
5.913382500000000652e-01 -5.844074999999998576e-02 4.703798825000000128e-01
5.910255000000000924e-01 -6.974449999999998706e-02 4.705796374999999809e-01
6.025702500000000850e-01 -4.708274999999999266e-02 4.676253499999999952e-01
6.020760000000000556e-01 -5.812799999999998524e-02 4.686111000000000026e-01
6.016715000000000257e-01 -6.940974999999999229e-02 4.691078750000000075e-01
6.139995000000000314e-01 -4.704674999999999829e-02 4.667601499999999848e-01
6.133960000000000523e-01 -5.811025000000000218e-02 4.677895999999999721e-01
6.130052500000000570e-01 -6.912174999999998182e-02 4.685047749999999844e-01
6.257135000000000336e-01 -4.703575000000000117e-02 4.667385000000000006e-01
6.251825000000000854e-01 -5.799474999999998381e-02 4.680054499999999895e-01
6.241077500000000722e-01 -6.894100000000000228e-02 4.691054249999999648e-01
6.382214999999999971e-01 -4.737274999999999125e-02 4.660174249999999851e-01
6.371340000000000892e-01 -5.821299999999998698e-02 4.675576750000000059e-01
6.360855000000000814e-01 -6.898474999999998358e-02 4.689956249999999716e-01
6.507992500000000513e-01 -4.787349999999999939e-02 4.663831999999999978e-01
6.496232500000000964e-01 -5.847749999999998782e-02 4.682016749999999838e-01
6.480272500000000546e-01 -6.927774999999999905e-02 4.699109499999999939e-01
6.631932500000000674e-01 -4.798124999999998919e-02 4.671000249999999743e-01
6.625205000000000677e-01 -5.845000000000000195e-02 4.693123999999999629e-01
6.616962500000000968e-01 -6.895175000000000609e-02 4.712553274999999875e-01
6.764032500000000114e-01 -4.733424999999999438e-02 4.717056974999999652e-01
6.762380000000000058e-01 -5.820349999999999135e-02 4.719566797499999966e-01
6.761877500000000873e-01 -6.756575000000000775e-02 4.740600775000000100e-01
6.906075750000000291e-01 -4.781749999999999889e-02 4.700660449999999879e-01
6.899586250000000476e-01 -5.848899999999998545e-02 4.708667374999999655e-01
6.894936750000000281e-01 -6.863400000000000056e-02 4.727795149999999835e-01
7.049905000000000754e-01 -4.941699999999998871e-02 4.724763849999999987e-01
7.038222250000000235e-01 -5.927099999999999036e-02 4.723579175000000019e-01
7.033611250000000314e-01 -6.968649999999998457e-02 4.726433899999999966e-01
7.176478250000000170e-01 -4.958374999999999588e-02 4.716936124999999702e-01
7.169648000000000687e-01 -5.984899999999998554e-02 4.717519765000000032e-01
7.169078150000000038e-01 -6.992524999999999435e-02 4.721730277499999739e-01
7.295711250000000980e-01 -4.931724999999999304e-02 4.709780174999999569e-01
7.298228750000000931e-01 -5.975225000000000675e-02 4.699993174999999579e-01
7.308481250000000706e-01 -6.941900000000000848e-02 4.716294574999999600e-01
7.414650000000000407e-01 -4.887999999999999290e-02 4.699035874999999973e-01
7.420242500000000518e-01 -5.896774999999998546e-02 4.682862749999999741e-01
7.427175000000000304e-01 -6.892275000000000484e-02 4.664653500000000008e-01
7.531752500000000738e-01 -4.787849999999999051e-02 4.691146499999999664e-01
7.539282500000000775e-01 -5.774950000000000916e-02 4.667661499999999908e-01
7.547885000000000844e-01 -6.750724999999999087e-02 4.642667999999999795e-01
7.648630000000000706e-01 -4.731574999999998976e-02 4.688227999999999840e-01
7.657145000000000756e-01 -5.665424999999998934e-02 4.658402249999999967e-01
7.666987500000000955e-01 -6.594125000000000680e-02 4.627741249999999806e-01
7.758862499999999995e-01 -4.586350000000000149e-02 4.691751999999999589e-01
7.770715000000000261e-01 -5.518924999999999526e-02 4.660533000000000037e-01
7.785140000000000393e-01 -6.447349999999998915e-02 4.630299749999999825e-01
7.871132500000000976e-01 -4.464949999999999475e-02 4.698585149999999766e-01
7.880680000000001018e-01 -5.372874999999999179e-02 4.668073249999999952e-01
7.892925000000000635e-01 -6.248999999999999000e-02 4.632931999999999606e-01
7.986632500000000467e-01 -4.378624999999999878e-02 4.714306524999999914e-01
7.991390000000000438e-01 -5.283625000000000127e-02 4.677725749999999683e-01
7.995897500000000990e-01 -6.165699999999998959e-02 4.642144500000000007e-01
8.110402500000000181e-01 -4.415824999999999612e-02 4.733608449999999745e-01
8.110040000000000582e-01 -5.298924999999998775e-02 4.693412999999999613e-01
8.110527500000001000e-01 -6.173075000000000090e-02 4.655179749999999728e-01
8.234895000000000964e-01 -4.621399999999999120e-02 4.756511749999999816e-01
8.224427500000000002e-01 -5.474574999999998193e-02 4.713189524999999991e-01
8.217452500000000937e-01 -6.320475000000000398e-02 4.673585499999999837e-01
8.351440000000001085e-01 -5.087874999999998649e-02 4.797271749999999502e-01
8.328045000000000586e-01 -5.865399999999998393e-02 4.748079249999999640e-01
8.308997500000000480e-01 -6.649949999999998917e-02 4.704254674999999719e-01
8.430817500000000742e-01 -5.846375000000000877e-02 4.856394499999999725e-01
8.395827500000000443e-01 -6.491674999999999529e-02 4.797430999999999779e-01
8.362710000000000976e-01 -7.135174999999999157e-02 4.743159274999999564e-01
8.456717500000000554e-01 -6.833149999999998947e-02 4.923926249999999727e-01
8.418287500000000145e-01 -7.292324999999999502e-02 4.853779999999999761e-01
8.380447500000001160e-01 -7.762449999999998518e-02 4.787959499999999702e-01
8.425527500000000725e-01 -7.708099999999998286e-02 4.987214999999999843e-01
8.393592500000000012e-01 -8.011550000000000615e-02 4.909248249999999536e-01
8.360717500000001134e-01 -8.315924999999999012e-02 4.831697749999999680e-01
8.336437500000000167e-01 -8.243049999999998989e-02 5.025707499999999550e-01
8.321722500000000577e-01 -8.436699999999999755e-02 4.945835499999999829e-01
8.303475000000000161e-01 -8.635799999999999033e-02 4.861853999999999898e-01
8.248265000000000180e-01 -8.922125000000000195e-02 5.028230000000000199e-01
8.242200000000000637e-01 -9.033474999999999144e-02 4.953969999999999763e-01
8.242162500000000946e-01 -9.070149999999999046e-02 4.867761499999999630e-01
8.178022500000000639e-01 -9.394949999999999135e-02 5.045779999999999710e-01
8.157752500000000628e-01 -9.763399999999999856e-02 4.970667500000000016e-01
8.132940000000000724e-01 -1.019972499999999838e-01 4.884555999999999898e-01
8.105635000000001034e-01 -1.040459999999999996e-01 5.075319999999999832e-01
8.093662500000000648e-01 -1.063304999999999945e-01 4.988934999999999897e-01
8.080847500000000183e-01 -1.090377499999999888e-01 4.904954749999999586e-01
8.044702500000000533e-01 -1.170954999999999913e-01 5.082750000000000323e-01
8.039425000000000043e-01 -1.177837499999999926e-01 4.990132499999999638e-01
8.035842500000001110e-01 -1.184955000000000036e-01 4.899140749999999489e-01
7.949707500000000593e-01 -1.278934999999999933e-01 5.065802499999999542e-01
7.958457500000000184e-01 -1.266019999999999923e-01 4.975357499999999988e-01
7.966655000000000264e-01 -1.257392499999999969e-01 4.884609999999999785e-01
7.833107500000000556e-01 -1.343872499999999859e-01 5.022127499999999856e-01
7.856615000000000126e-01 -1.320367500000000083e-01 4.939514249999999995e-01
7.873695000000000555e-01 -1.303225000000000078e-01 4.855715749999999775e-01
7.716727500000000184e-01 -1.377430000000000043e-01 4.960123999999999644e-01
7.750407500000000560e-01 -1.352092500000000030e-01 4.888053749999999864e-01
7.773675000000001001e-01 -1.330039999999999834e-01 4.812238500000000085e-01
7.594890000000000807e-01 -1.384082499999999827e-01 4.903993999999999853e-01
7.630865000000000009e-01 -1.358840000000000048e-01 4.834215749999999923e-01
7.660937500000000178e-01 -1.325250000000000039e-01 4.762656499999999848e-01
7.485232500000000844e-01 -1.397474999999999967e-01 4.828709250000000064e-01
7.522767500000000496e-01 -1.364582500000000032e-01 4.762703749999999681e-01
7.563327500000001091e-01 -1.333489999999999953e-01 4.696917149999999541e-01
7.393301250000000602e-01 -1.427172499999999900e-01 4.751845249999999687e-01
7.433117500000000488e-01 -1.392275000000000040e-01 4.689212999999999854e-01
7.474240000000000883e-01 -1.359934999999999894e-01 4.625884749999999990e-01
7.293514750000000824e-01 -1.407440000000000080e-01 4.690463500000000008e-01
7.336252750000000766e-01 -1.374812499999999993e-01 4.630296999999999885e-01
7.379888750000000996e-01 -1.342160000000000020e-01 4.569906499999999983e-01
7.211369750000000689e-01 -1.328215000000000090e-01 4.668216000000000032e-01
7.254753750000000334e-01 -1.299114999999999853e-01 4.607560749999999872e-01
7.299334500000000947e-01 -1.267935000000000034e-01 4.548135500000000109e-01
7.169000050000000623e-01 -1.217880000000000074e-01 4.682626500000000025e-01
7.209793000000001006e-01 -1.192249999999999976e-01 4.620163749999999792e-01
7.252436000000000993e-01 -1.165005000000000068e-01 4.559282249999999648e-01
7.128872550000000530e-01 -1.083332499999999921e-01 4.706520100000000095e-01
7.172118250000000250e-01 -1.063702499999999995e-01 4.644841499999999845e-01
7.215892750000000300e-01 -1.043322499999999875e-01 4.583170249999999890e-01
7.068976500000000440e-01 -9.547449999999998993e-02 4.695317450000000004e-01
7.116928250000000844e-01 -9.416900000000000270e-02 4.636806249999999574e-01
7.164977375000000093e-01 -9.281400000000000761e-02 4.577659499999999770e-01
7.040451500000000085e-01 -8.174775000000000791e-02 4.691127250000000082e-01
7.092488250000000827e-01 -8.092949999999998756e-02 4.639905999999999753e-01
7.144299432250000859e-01 -8.000799999999999579e-02 4.584477249999999726e-01
7.043852000000000446e-01 -6.826299999999999035e-02 4.698453274999999651e-01
7.094395500000000299e-01 -6.759199999999998543e-02 4.659719499999999681e-01
7.145547480000000728e-01 -6.667399999999998328e-02 4.605985499999999955e-01
7.054694750000000125e-01 -5.436774999999999247e-02 4.709325775000000047e-01
7.112258000000000191e-01 -5.463224999999999332e-02 4.694319499999999867e-01
7.163306150000000594e-01 -5.394224999999999715e-02 4.641806249999999578e-01
7.066466000000000136e-01 -4.073974999999999125e-02 4.741361599999999732e-01
7.119603174999999951e-01 -4.103624999999999634e-02 4.701428724999999753e-01
7.170310250000000440e-01 -4.095200000000000229e-02 4.649637249999999944e-01
7.061058000000000057e-01 -2.855199999999999405e-02 4.727926799999999652e-01
7.114132000000000788e-01 -2.814324999999999466e-02 4.696938424999999584e-01
7.163762375000000127e-01 -2.788725000000000231e-02 4.645961249999999709e-01
7.044849750000000688e-01 -1.662574999999999470e-02 4.666696499999999914e-01
7.093970750000000436e-01 -1.582074999999999454e-02 4.654424999999999812e-01
7.139167925000000636e-01 -1.565999999999999337e-02 4.606896249999999915e-01
7.031463250000000720e-01 -3.024249999999992222e-03 4.647225499999999565e-01
7.078380499999999964e-01 -2.672250000000001013e-03 4.634544749999999769e-01
7.122257750000000609e-01 -2.691749999999992760e-03 4.585531999999999941e-01
6.975698750000000059e-01 8.956000000000005623e-03 4.650076249999999800e-01
7.026587499999999986e-01 9.944500000000008888e-03 4.608500249999999965e-01
7.075739750000000772e-01 1.042550000000000421e-02 4.559301749999999931e-01
6.932742000000000626e-01 2.126775000000000193e-02 4.648056999999999883e-01
6.982421250000000468e-01 2.211800000000000571e-02 4.601881499999999625e-01
7.031297000000000796e-01 2.301025000000000292e-02 4.554629249999999629e-01
6.923412500000000191e-01 3.329775000000000790e-02 4.686741999999999853e-01
6.970413000000000858e-01 3.444625000000000464e-02 4.639484999999999859e-01
7.016753000000000018e-01 3.543375000000000691e-02 4.591254999999999642e-01
6.972017249999999944e-01 4.310425000000000367e-02 4.760548000000000002e-01
7.009562250000000994e-01 4.379700000000000260e-02 4.709184299999999990e-01
7.051820250000000456e-01 4.474350000000000549e-02 4.658712999999999882e-01
7.079239999999999977e-01 4.681650000000000394e-02 4.845942249999999896e-01
7.102401000000000408e-01 4.728275000000000533e-02 4.783052999999999888e-01
7.131608150000000590e-01 4.733425000000000826e-02 4.723071875000000031e-01
7.203133999999999926e-01 4.202125000000000304e-02 4.894817249999999786e-01
7.211881250000000687e-01 4.282925000000000620e-02 4.821770249999999813e-01
7.225102500000000205e-01 4.323975000000000735e-02 4.748317999999999706e-01
7.317495750000000410e-01 3.396475000000000188e-02 4.897593000000000085e-01
7.309855250000000249e-01 3.524375000000000424e-02 4.814521999999999968e-01
7.306647000000000558e-01 3.622850000000000376e-02 4.729596024999999648e-01
7.399450000000000749e-01 2.211300000000000765e-02 4.877412749999999741e-01
7.361666749999999926e-01 2.401000000000000356e-02 4.790302750000000054e-01
7.357488500000000098e-01 2.556350000000000289e-02 4.693072749999999682e-01
7.402035000000000142e-01 1.546475000000000627e-02 4.880040749999999816e-01
7.391365750000000734e-01 1.611000000000000626e-02 4.769365999999999883e-01
7.381415000000000060e-01 1.730925000000000519e-02 4.667917999999999790e-01
7.472022500000000678e-01 7.194249999999999257e-03 4.836031499999999816e-01
7.459540000000000060e-01 7.603999999999999648e-03 4.753430499999999892e-01
7.448117499999999946e-01 8.184250000000004022e-03 4.654413000000000022e-01
7.522017500000000023e-01 -1.257250000000001422e-03 4.816684999999999994e-01
7.510085000000000788e-01 -1.575750000000000761e-03 4.744590149999999840e-01
7.500062500000000965e-01 -2.237499999999989497e-03 4.670837999999999934e-01
7.513512500000000260e-01 -1.036424999999999153e-02 4.807560249999999757e-01
7.500542500000000334e-01 -1.113749999999999463e-02 4.742782374999999773e-01
7.484950000000000214e-01 -1.200474999999999459e-02 4.678327999999999931e-01
7.442535000000000123e-01 -1.647124999999999284e-02 4.820628499999999872e-01
7.428467500000000001e-01 -1.745449999999999779e-02 4.759427999999999992e-01
7.412642500000000689e-01 -1.848924999999999874e-02 4.698468375000000030e-01
7.346545000000000991e-01 -1.617349999999999344e-02 4.835977999999999666e-01
7.327028500000000166e-01 -1.734374999999999112e-02 4.777742999999999851e-01
7.305582999999999938e-01 -1.840349999999998931e-02 4.721696129999999880e-01
7.263213750000000468e-01 -9.974249999999990068e-03 4.850235250000000109e-01
7.237209250000000704e-01 -1.105449999999999489e-02 4.795879499999999851e-01
7.211472500000000174e-01 -1.169950000000000156e-02 4.747264749999999811e-01
7.215991000000000488e-01 5.622500000000002496e-04 4.852713499999999902e-01
7.184161500000000311e-01 -5.267499999999925020e-04 4.802277249999999942e-01
7.152331474999999994e-01 -1.565749999999990760e-03 4.751472999999999947e-01
7.200858750000000974e-01 1.229675000000000212e-02 4.827032499999999726e-01
7.164383324999999969e-01 1.102474999999999983e-02 4.780551749999999989e-01
7.128128875000000475e-01 9.745750000000011348e-03 4.733889774999999744e-01
7.163007100000000626e-01 2.363075000000000592e-02 4.824480250000000026e-01
7.122580875000000811e-01 2.241250000000000187e-02 4.782475749999999803e-01
7.082361249999999941e-01 2.114925000000000138e-02 4.740382599999999891e-01
7.115433750000000890e-01 3.449775000000000758e-02 4.840209999999999790e-01
7.070055250000000235e-01 3.314500000000000779e-02 4.804729500000000098e-01
7.025452250000000509e-01 3.169100000000000389e-02 4.769265500000000046e-01
7.068927000000000405e-01 4.706425000000000192e-02 4.852718500000000046e-01
7.021970750000000594e-01 4.511950000000000682e-02 4.820271749999999744e-01
6.974911249999999896e-01 4.317600000000000604e-02 4.788188749999999771e-01
7.021544250000000265e-01 5.880272500000000707e-02 4.853008500000000058e-01
6.974733250000000329e-01 5.656967499999999982e-02 4.824970499999999829e-01
6.926989500000000355e-01 5.442790000000000128e-02 4.797399250000000115e-01
6.985808749999999900e-01 7.099077500000000596e-02 4.851386500000000046e-01
6.936715749999999847e-01 6.851947499999999636e-02 4.828408999999999618e-01
6.887475000000000680e-01 6.617220000000000046e-02 4.805392249999999588e-01
6.934546500000000613e-01 8.213339999999999530e-02 4.844939249999999920e-01
6.886134999999999895e-01 7.933810000000000862e-02 4.823951499999999948e-01
6.837947500000000067e-01 7.652667500000000234e-02 4.802815249999999869e-01
6.889105000000000922e-01 9.296030000000000959e-02 4.862606250000000019e-01
6.840340000000000309e-01 8.997392499999999627e-02 4.844764749999999620e-01
6.791210000000000857e-01 8.705050000000000288e-02 4.826567499999999677e-01
6.851302500000000517e-01 1.036497499999999988e-01 4.855779499999999804e-01
6.800872500000000320e-01 1.006915000000000032e-01 4.840317000000000092e-01
6.750022500000000258e-01 9.779277499999999845e-02 4.824713749999999801e-01
6.827425000000000299e-01 1.135422500000000112e-01 4.827582499999999999e-01
6.774485000000000090e-01 1.109752499999999975e-01 4.812429749999999617e-01
6.720920000000000227e-01 1.084567500000000045e-01 4.797376999999999891e-01
6.807590000000000030e-01 1.233807500000000112e-01 4.830820999999999588e-01
6.750525000000000553e-01 1.215915000000000051e-01 4.818838249999999879e-01
6.693120000000000180e-01 1.199665000000000037e-01 4.807258999999999838e-01
6.792839999999999989e-01 1.326160000000000116e-01 4.862874249999999954e-01
6.733185000000000420e-01 1.311395000000000199e-01 4.855284749999999594e-01
6.673277499999999973e-01 1.298475000000000046e-01 4.846941249999999757e-01
6.788399999999999990e-01 1.423619999999999886e-01 4.874572999999999823e-01
6.726837500000000247e-01 1.413435000000000108e-01 4.870329749999999791e-01
6.664530000000000731e-01 1.405124999999999846e-01 4.866028749999999903e-01
6.793182500000000124e-01 1.506204999999999905e-01 4.918751000000000095e-01
6.729462500000000791e-01 1.500309999999999977e-01 4.920981999999999856e-01
6.665242500000000403e-01 1.496005000000000251e-01 4.923910499999999968e-01
6.813195000000000778e-01 1.560712499999999947e-01 4.989857500000000057e-01
6.749330000000000052e-01 1.554844999999999977e-01 5.000185000000000324e-01
6.685142500000000876e-01 1.548464999999999980e-01 5.010417499999999524e-01
6.849750000000000005e-01 1.577092500000000230e-01 5.077154999999999863e-01
6.785820000000000185e-01 1.567392499999999966e-01 5.089325000000000099e-01
6.723197499999999938e-01 1.555910000000000071e-01 5.106505000000000072e-01
6.900939249999999969e-01 1.545285000000000131e-01 5.160367499999999330e-01
6.834410000000000762e-01 1.531877500000000114e-01 5.173697499999999616e-01
6.769325000000000481e-01 1.515462499999999935e-01 5.187627499999999392e-01
6.937015500000000001e-01 1.440690000000000026e-01 5.225227500000000358e-01
6.866782500000000455e-01 1.436892499999999906e-01 5.231642499999999973e-01
6.796937499999999854e-01 1.417507500000000087e-01 5.241905000000000037e-01
6.975232250000000800e-01 1.270732499999999987e-01 5.244814999999999339e-01
6.895518500000000772e-01 1.278084999999999916e-01 5.251684999999999270e-01
6.815760000000000707e-01 1.271609999999999963e-01 5.260930000000000328e-01
7.009102249999999978e-01 1.098742500000000066e-01 5.294962500000000016e-01
6.912710250000000389e-01 1.118455000000000144e-01 5.299937500000000412e-01
6.818620000000000791e-01 1.123812500000000020e-01 5.309015000000000262e-01
7.050087250000000028e-01 9.680992500000000500e-02 5.356397499999999701e-01
6.932803750000000598e-01 9.901700000000000779e-02 5.363827500000000192e-01
6.823770000000000113e-01 1.005175000000000096e-01 5.370372500000000215e-01
7.073462750000000243e-01 8.863807500000001061e-02 5.411175000000000290e-01
6.959926000000000723e-01 9.008612500000000300e-02 5.427522499999999361e-01
6.850105000000000777e-01 9.205277500000000335e-02 5.436532499999999768e-01
7.064748250000000285e-01 8.419145000000000101e-02 5.461219999999999963e-01
6.980489500000000014e-01 8.423485000000000000e-02 5.482380000000000031e-01
6.899262250000000041e-01 8.403547499999999837e-02 5.505747500000000016e-01
7.087906750000000367e-01 8.110870000000000579e-02 5.540399999999999769e-01
7.025768750000001006e-01 8.036007500000000303e-02 5.572462499999999430e-01
6.966617999999999977e-01 7.953842500000000981e-02 5.602785000000000126e-01
7.130905350000000809e-01 8.010242500000000487e-02 5.606934999999999558e-01
7.098522250000000033e-01 7.933742500000000308e-02 5.652650000000000174e-01
7.062770500000000728e-01 7.834762500000000407e-02 5.699729999999999519e-01
7.190409000000000939e-01 7.645726500000001036e-02 5.628152499999999892e-01
7.193564500000000361e-01 7.386082925000000965e-02 5.675777499999999920e-01
7.200280250000000715e-01 7.074667500000000886e-02 5.723799999999999999e-01
7.240585250000000084e-01 7.288176749999999982e-02 5.583065000000000389e-01
7.265389000000000985e-01 6.865275000000001238e-02 5.608330000000000259e-01
7.291868000000000238e-01 6.404682500000000167e-02 5.633557499999999330e-01
7.246934250000000022e-01 6.963167500000000398e-02 5.504645000000000232e-01
7.272705250000000010e-01 6.441852500000000425e-02 5.507257500000000139e-01
7.298274250000000851e-01 5.904375000000000595e-02 5.507999999999999563e-01
7.205337500000000839e-01 6.779419999999999891e-02 5.414907500000000207e-01
7.226285250000000770e-01 6.183105000000000545e-02 5.407837500000000075e-01
7.247030250000000562e-01 5.590152500000000746e-02 5.401095000000000201e-01
7.150675025000000629e-01 6.316270000000000218e-02 5.302004999999999635e-01
7.173004000000000602e-01 5.734925000000000439e-02 5.298952500000000398e-01
7.195417250000000209e-01 5.157937500000000369e-02 5.296845000000000026e-01
7.125037875000000964e-01 5.801835000000000325e-02 5.169424999999999715e-01
7.150529325000000158e-01 5.199114999999999986e-02 5.175345000000000084e-01
7.176185250000000071e-01 4.597075000000000466e-02 5.182179999999999565e-01
7.124900674999999906e-01 4.998307500000000181e-02 5.026412499999999284e-01
7.149647125000000436e-01 4.416400000000000881e-02 5.035800000000000276e-01
7.173628250000000373e-01 3.854225000000000706e-02 5.045944999999999458e-01
7.145409885000000294e-01 4.086075000000000124e-02 4.882625999999999911e-01
7.169798250000000150e-01 3.524875000000000230e-02 4.898995749999999760e-01
7.176980000000000581e-01 3.077025000000000593e-02 4.904772749999999903e-01
7.196004250000000990e-01 3.288625000000000576e-02 4.760254250000000020e-01
7.218337000000000225e-01 2.744200000000000805e-02 4.782220249999999950e-01
7.225293000000000410e-01 2.192025000000000223e-02 4.792513499999999649e-01
7.285315250000000686e-01 2.784750000000000419e-02 4.666328750000000025e-01
7.302001500000000478e-01 2.254175000000000623e-02 4.692436249999999975e-01
7.309678250000000155e-01 1.664450000000000651e-02 4.707693725000000051e-01
7.398557500000000342e-01 2.615225000000000188e-02 4.610529250000000023e-01
7.409375000000000266e-01 2.081600000000000117e-02 4.638760749999999988e-01
7.420012500000000566e-01 1.446400000000000463e-02 4.652932249999999770e-01
7.519057500000000394e-01 2.617500000000000382e-02 4.573118250000000051e-01
7.525745000000000351e-01 2.089650000000000535e-02 4.601495999999999920e-01
7.543197500000000666e-01 1.560775000000000357e-02 4.628297499999999842e-01
7.640080000000000204e-01 2.885525000000000589e-02 4.561087999999999809e-01
7.654792500000000555e-01 2.348350000000000437e-02 4.588586499999999790e-01
7.669812500000000588e-01 1.812000000000000416e-02 4.615663749999999732e-01
7.763912500000000882e-01 3.309800000000000936e-02 4.570911999999999753e-01
7.778007500000000407e-01 2.772550000000001402e-02 4.597929749999999927e-01
7.791997500000000798e-01 2.235800000000000981e-02 4.624685249999999637e-01
7.881200000000000427e-01 3.814275000000000998e-02 4.595004999999999784e-01
7.895705000000000640e-01 3.276375000000000814e-02 4.621734499999999857e-01
7.910437500000000455e-01 2.743250000000001243e-02 4.648353499999999805e-01
7.998227500000000267e-01 4.376200000000000923e-02 4.633764249999999807e-01
8.009285000000000432e-01 3.818975000000000841e-02 4.659422249999999877e-01
8.020665000000000155e-01 3.262850000000001166e-02 4.685161999999999938e-01
8.116722499999999840e-01 4.871300000000001323e-02 4.661293249999999833e-01
8.127292500000000697e-01 4.292625000000001301e-02 4.687389499999999876e-01
8.138217500000000104e-01 3.720100000000001184e-02 4.713362099999999777e-01
8.235152500000000320e-01 5.277735000000001453e-02 4.686401499999999776e-01
8.243440000000000767e-01 4.689025000000000831e-02 4.711413074999999950e-01
8.252632500000000038e-01 4.104000000000001397e-02 4.736488549999999798e-01
8.354525000000000423e-01 5.585572500000000884e-02 4.705350649999999746e-01
8.362642500000000423e-01 4.976997500000000796e-02 4.729319724999999641e-01
8.371997500000000203e-01 4.376275000000000998e-02 4.753207499999999586e-01
8.472842500000000721e-01 5.862960000000001087e-02 4.716869199999999540e-01
8.480015000000000747e-01 5.235605000000001508e-02 4.740293525000000008e-01
8.488655000000000506e-01 4.613750000000001183e-02 4.763536749999999764e-01
8.593250000000000055e-01 6.102082500000001464e-02 4.717249825000000008e-01
8.595975000000000144e-01 5.445570000000001659e-02 4.741283374999999967e-01
8.600642499999999746e-01 4.792025000000001145e-02 4.765070999999999612e-01
8.693429999999999769e-01 6.270902500000001545e-02 4.702362449999999972e-01
8.699817499999999981e-01 5.578122500000001760e-02 4.728085249999999795e-01
8.706067500000000958e-01 4.881575000000001885e-02 4.753800249999999838e-01
8.791550000000000198e-01 6.560437500000002031e-02 4.690348999999999768e-01
8.802220000000000599e-01 5.789415000000001921e-02 4.719038487499999657e-01
8.811617500000000769e-01 5.008630000000001414e-02 4.747976749999999746e-01
8.889759999999999884e-01 6.897490000000001953e-02 4.674903249999999844e-01
8.904952500000000715e-01 6.067967500000001624e-02 4.705798674999999709e-01
8.919542500000000596e-01 5.222752500000001075e-02 4.737206924999999846e-01
8.971135000000000081e-01 7.427105500000001637e-02 4.652699999999999614e-01
8.993005000000000582e-01 6.412222500000001879e-02 4.690798249999999503e-01
9.010012499999999758e-01 5.448115000000001984e-02 4.726993699999999521e-01
9.060767499999999863e-01 7.742725000000001689e-02 4.645594499999999849e-01
9.078295000000000670e-01 6.710047500000002052e-02 4.683925499999999631e-01
9.095475000000000643e-01 5.681010000000001614e-02 4.722572499999999618e-01
9.157337500000000130e-01 7.900482500000001462e-02 4.655401999999999596e-01
9.171092499999999870e-01 7.042312500000001696e-02 4.687268749999999873e-01
9.186847500000000499e-01 6.186420000000001501e-02 4.719653440499999575e-01
9.266427500000000705e-01 8.120992500000001613e-02 4.664988249999999503e-01
9.279967500000000369e-01 7.348068750000001648e-02 4.693955499999999947e-01
9.294527500000000497e-01 6.571525000000001671e-02 4.723308224999999694e-01
9.495710000000000539e-01 7.885677500000001783e-02 4.709341799999999800e-01
