8.148135000000000794e-01 1.110755000000000214e-01 5.158730000000000260e-01
8.390867500000001034e-01 7.183349000000001372e-02 5.094752499999999351e-01
8.271522500000000333e-01 6.877077500000000621e-02 5.074967499999999410e-01
8.152230000000000310e-01 6.570107500000001155e-02 5.055529999999999191e-01
8.424884999999999735e-01 6.099497500000001377e-02 5.071987499999999205e-01
8.302765000000000839e-01 5.785075000000000633e-02 5.051754999999999995e-01
8.182087500000000402e-01 5.472697500000001103e-02 5.031987500000000280e-01
8.450590000000000046e-01 5.040097500000001451e-02 5.048259999999999970e-01
8.333420000000000272e-01 4.697725000000001205e-02 5.027975000000000083e-01
8.209585000000000354e-01 4.307975000000001387e-02 5.005935000000000246e-01
8.481342499999999784e-01 3.890375000000001471e-02 5.021849999999999925e-01
8.369027500000000286e-01 3.575825000000001225e-02 5.002597500000000030e-01
8.251862500000000100e-01 3.232800000000000951e-02 4.982659999999999867e-01
8.507930000000000215e-01 2.780675000000001201e-02 4.990127500000000049e-01
8.397767500000000718e-01 2.513775000000001425e-02 4.972404999999999742e-01
8.286415000000000308e-01 2.210475000000001328e-02 4.954252499999999837e-01
8.535035000000000815e-01 1.662800000000001083e-02 4.953321749999999857e-01
8.426472500000000698e-01 1.463925000000001336e-02 4.938072499999999754e-01
8.318170000000000286e-01 1.230350000000000887e-02 4.922675249999999836e-01
8.565700000000000536e-01 5.485500000000018139e-03 4.915396749999999537e-01
8.455267500000001046e-01 3.943500000000016437e-03 4.902059249999999868e-01
8.348040000000001015e-01 1.934750000000012848e-03 4.884873249999999723e-01
8.586222500000000313e-01 -6.596249999999984071e-03 4.871109999999999607e-01
8.475535000000000707e-01 -6.928499999999976344e-03 4.859741249999999790e-01
8.365670000000000606e-01 -7.565999999999975523e-03 4.844847999999999932e-01
8.593032500000000740e-01 -1.859574999999998035e-02 4.832132249999999685e-01
8.483085000000000209e-01 -1.787799999999997724e-02 4.820012749999999513e-01
8.372602500000000392e-01 -1.745099999999998042e-02 4.806311999999999807e-01
8.588862500000000733e-01 -3.103374999999998496e-02 4.803800499999999474e-01
8.479517500000000041e-01 -2.936724999999998365e-02 4.789340500000000000e-01
8.368885000000000352e-01 -2.796024999999997818e-02 4.774390249999999614e-01
8.578605000000000258e-01 -4.350874999999998494e-02 4.776094999999999646e-01
8.471037500000000442e-01 -4.119449999999998113e-02 4.767063999999999746e-01
8.363519999999999843e-01 -3.918699999999998573e-02 4.755480499999999999e-01
8.561505000000000365e-01 -5.596199999999998398e-02 4.748194249999999617e-01
8.457192500000000335e-01 -5.280825000000000102e-02 4.736197949999999546e-01
8.352687500000000043e-01 -5.014849999999998476e-02 4.721457444999999642e-01
8.537255000000000260e-01 -6.642224999999998825e-02 4.730598124999999543e-01
8.436597500000000416e-01 -6.402274999999998939e-02 4.711725099999999888e-01
8.334785000000000110e-01 -6.128749999999999476e-02 4.692491999999999774e-01
8.514260000000000161e-01 -7.703999999999999737e-02 4.717387309999999667e-01
8.415084999999999926e-01 -7.464524999999999633e-02 4.694594749999999594e-01
8.313742500000000923e-01 -7.246225000000000582e-02 4.670016499999999904e-01
8.494160000000000599e-01 -8.753425000000000789e-02 4.704800399999999883e-01
8.396362500000000839e-01 -8.623300000000000409e-02 4.675126249999999595e-01
8.297647500000000509e-01 -8.500325000000000242e-02 4.645202249999999533e-01
8.486575000000000646e-01 -9.794424999999998271e-02 4.700050674999999845e-01
8.389717500000000161e-01 -9.821774999999999256e-02 4.666067749999999736e-01
8.292337500000001027e-01 -9.832274999999998655e-02 4.632521249999999591e-01
8.490457500000000435e-01 -1.083297500000000024e-01 4.705349524999999922e-01
8.396130000000000537e-01 -1.103027500000000050e-01 4.667923749999999816e-01
8.302610000000000268e-01 -1.117777500000000090e-01 4.630757749999999673e-01
8.503297499999999953e-01 -1.214615000000000000e-01 4.724150500000000030e-01
8.412580000000000613e-01 -1.231364999999999821e-01 4.679161499999999752e-01
8.323245000000000227e-01 -1.248637499999999956e-01 4.634408999999999890e-01
8.514697500000000252e-01 -1.346624999999999905e-01 4.743079249999999636e-01
8.429370000000000474e-01 -1.362932500000000047e-01 4.690576999999999663e-01
8.345120000000000315e-01 -1.379660000000000053e-01 4.638693499999999581e-01
8.522062500000000540e-01 -1.477502499999999996e-01 4.758765499999999538e-01
8.442292500000000421e-01 -1.493170000000000053e-01 4.700843349999999643e-01
8.364255000000000440e-01 -1.507917500000000022e-01 4.644032499999999897e-01
8.525255000000000472e-01 -1.603149999999999853e-01 4.772781749999999712e-01
8.450475000000000625e-01 -1.616339999999999999e-01 4.708646999999999694e-01
8.376660000000000217e-01 -1.631044999999999856e-01 4.645437499999999775e-01
8.521002500000001145e-01 -1.726234999999999853e-01 4.787316499999999531e-01
8.451890000000000791e-01 -1.735107499999999914e-01 4.717426922499999842e-01
8.383395000000000152e-01 -1.745420000000000027e-01 4.648462749999999755e-01
8.506800000000001027e-01 -1.846995000000000164e-01 4.800529999999999520e-01
8.443587500000000468e-01 -1.850620000000000043e-01 4.725821074999999594e-01
8.380335000000000978e-01 -1.856269999999999865e-01 4.651826000000000016e-01
8.491090000000001137e-01 -1.967094999999999816e-01 4.808284249999999482e-01
8.426812500000000483e-01 -1.962544999999999984e-01 4.734768574999999591e-01
8.362407500000000882e-01 -1.961494999999999767e-01 4.661515249999999555e-01
8.456872500000001125e-01 -2.081345000000000001e-01 4.815275499999999709e-01
8.396302500000001334e-01 -2.068794999999999940e-01 4.739905124999999608e-01
8.334640000000000937e-01 -2.058944999999999803e-01 4.665571749999999906e-01
8.429305000000000270e-01 -2.195394999999999985e-01 4.803435999999999817e-01
8.372557500000000763e-01 -2.173145000000000215e-01 4.727476075000000000e-01
8.314000000000000279e-01 -2.152370000000000116e-01 4.653007499999999852e-01
8.377782500000000576e-01 -2.300594999999999724e-01 4.799455749999999576e-01
8.328577500000000633e-01 -2.267469999999999763e-01 4.722382674999999752e-01
8.274960000000000093e-01 -2.238694999999999991e-01 4.646560499999999871e-01
8.304640000000000910e-01 -2.383569999999999856e-01 4.806929499999999522e-01
8.262632500000000046e-01 -2.345745000000000191e-01 4.725311749999999700e-01
8.215275000000000771e-01 -2.311019999999999741e-01 4.646354999999999791e-01
8.211405000000000509e-01 -2.436820000000000097e-01 4.829301999999999762e-01
8.177930000000001032e-01 -2.396670000000000189e-01 4.739185599999999887e-01
8.134797500000000570e-01 -2.354470000000000174e-01 4.656914249999999922e-01
8.098950000000000315e-01 -2.453270000000000173e-01 4.871404749999999617e-01
8.071225000000000760e-01 -2.412095000000000211e-01 4.771245999999999543e-01
8.039867500000000833e-01 -2.369694999999999996e-01 4.676616249999999697e-01
7.989420000000000410e-01 -2.429469999999999685e-01 4.920745249999999849e-01
7.967660000000000853e-01 -2.388244999999999951e-01 4.801428999999999836e-01
7.949330000000001117e-01 -2.352319999999999967e-01 4.680400499999999853e-01
7.878562500000000357e-01 -2.424045000000000227e-01 4.940714250000000085e-01
7.858240000000000780e-01 -2.367170000000000107e-01 4.830848499999999546e-01
7.839172500000000099e-01 -2.304370000000000029e-01 4.724572549999999649e-01
7.752845000000000431e-01 -2.417995000000000005e-01 4.947032999999999570e-01
7.747812500000000879e-01 -2.366570000000000062e-01 4.849106749999999577e-01
7.746587500000000626e-01 -2.312144999999999895e-01 4.748195499999999791e-01
7.623550000000001159e-01 -2.411820000000000075e-01 4.918367499999999892e-01
7.633212500000000622e-01 -2.369045000000000178e-01 4.827636499999999886e-01
7.642005000000000603e-01 -2.328744999999999843e-01 4.735888874999999998e-01
7.506035000000000901e-01 -2.375944999999999863e-01 4.889830249999999601e-01
7.530090000000000394e-01 -2.343370000000000175e-01 4.805490249999999630e-01
7.549422500000000369e-01 -2.309645000000000170e-01 4.720761897499999860e-01
7.409067500000000583e-01 -2.309370000000000034e-01 4.865760000000000085e-01
7.439420000000001032e-01 -2.282445000000000168e-01 4.785357749999999966e-01
7.464475000000000415e-01 -2.254494999999999694e-01 4.704585099999999964e-01
7.314087000000000227e-01 -2.237870000000000137e-01 4.852656750000000074e-01
7.346842000000000095e-01 -2.214470000000000049e-01 4.774771749999999759e-01
7.375579250000000586e-01 -2.190170000000000172e-01 4.696385925000000072e-01
7.231060750000000148e-01 -2.147295000000000176e-01 4.836798250000000077e-01
7.266695250000000383e-01 -2.128869999999999929e-01 4.760665000000000036e-01
7.299886750000000868e-01 -2.109444999999999792e-01 4.684551750000000014e-01
7.169560250000001078e-01 -2.039694999999999703e-01 4.825640499999999666e-01
7.206802500000000222e-01 -2.026419999999999888e-01 4.751472250000000064e-01
7.243181750000000640e-01 -2.011295000000000166e-01 4.677484499999999823e-01
7.129223950000000976e-01 -1.921995000000000231e-01 4.820682249999999613e-01
7.167150825000000447e-01 -1.911720000000000086e-01 4.748061000000000087e-01
7.205071000000000669e-01 -1.900094999999999978e-01 4.675516749999999999e-01
7.104869000000000323e-01 -1.797495000000000065e-01 4.820785249999999800e-01
7.144002887500000565e-01 -1.791070000000000162e-01 4.749477500000000019e-01
7.182374250000000959e-01 -1.783469999999999778e-01 4.678132249999999992e-01
7.065379500000000812e-01 -1.673422499999999979e-01 4.812590749999999806e-01
7.107509250000000334e-01 -1.669054999999999844e-01 4.744150799999999890e-01
7.149230900000000943e-01 -1.664407499999999984e-01 4.675463999999999731e-01
7.027326750000000288e-01 -1.547542499999999821e-01 4.796070749999999938e-01
7.074103500000000766e-01 -1.545834999999999848e-01 4.732234499999999899e-01
7.120691450000000700e-01 -1.543822499999999986e-01 4.668181249999999727e-01
7.003602500000000175e-01 -1.416509999999999991e-01 4.781558999999999671e-01
7.055322000000000537e-01 -1.418174999999999852e-01 4.722968974999999792e-01
7.106922500000000253e-01 -1.419789999999999941e-01 4.664224499999999884e-01
6.991972750000000625e-01 -1.282895000000000008e-01 4.764834000000000014e-01
7.047938500000000550e-01 -1.288920000000000066e-01 4.712039650000000024e-01
7.103907000000000416e-01 -1.295012499999999844e-01 4.659185750000000015e-01
6.994121750000000803e-01 -1.147920000000000051e-01 4.747426499999999883e-01
7.053121250000000675e-01 -1.159364999999999979e-01 4.700842874999999754e-01
7.112242500000000023e-01 -1.170422499999999866e-01 4.654098999999999875e-01
7.008555500000001048e-01 -1.011817499999999870e-01 4.725246524999999753e-01
7.069837500000000219e-01 -1.028057500000000013e-01 4.685137749999999657e-01
7.131139325000001028e-01 -1.044172499999999892e-01 4.644889500000000115e-01
7.034503500000000020e-01 -8.780749999999998279e-02 4.703509124999999957e-01
7.097441250000000590e-01 -8.980925000000000713e-02 4.669908499999999574e-01
7.160394850000000311e-01 -9.179724999999999691e-02 4.636183249999999978e-01
7.070108999999999977e-01 -7.473774999999999169e-02 4.684419499999999958e-01
7.134178575000000855e-01 -7.703550000000000675e-02 4.656869499999999884e-01
7.198489250000000839e-01 -7.931699999999999862e-02 4.628970749999999912e-01
7.117191000000000489e-01 -6.248249999999999638e-02 4.686405750000000037e-01
7.178119000000000582e-01 -6.457199999999999052e-02 4.653420749999999662e-01
7.239270500000000164e-01 -6.668825000000000447e-02 4.620242499999999697e-01
7.154409350000000556e-01 -5.029649999999999399e-02 4.678561249999999561e-01
7.218014249999999965e-01 -5.200925000000000686e-02 4.650874999999999870e-01
7.281871750000000754e-01 -5.375250000000000861e-02 4.623143499999999850e-01
7.186349000000000764e-01 -3.818774999999999253e-02 4.686480000000000090e-01
7.252454750000000283e-01 -3.931250000000000022e-02 4.663868999999999931e-01
7.318775250000000288e-01 -4.046774999999999678e-02 4.641345000000000054e-01
7.209360500000000505e-01 -2.609699999999999520e-02 4.705793875000000015e-01
7.277368000000000725e-01 -2.655024999999999746e-02 4.688546499999999839e-01
7.345386750000000298e-01 -2.703350000000000197e-02 4.671368499999999924e-01
7.221834000000000309e-01 -1.415224999999999123e-02 4.737832375000000096e-01
7.289000250000000625e-01 -1.376799999999998858e-02 4.719155622499999758e-01
7.356178500000000176e-01 -1.339374999999999594e-02 4.700825899999999669e-01
7.217515750000000896e-01 -2.079749999999991328e-03 4.762854749999999582e-01
7.282990250000000998e-01 -8.794999999999913998e-04 4.743292199999999958e-01
7.348473750000000804e-01 3.319999999999989626e-04 4.724622149999999632e-01
7.194692250000001010e-01 9.850999999999998646e-03 4.772159249999999853e-01
7.258551000000000863e-01 1.188200000000000367e-02 4.752435749999999737e-01
7.322062750000000175e-01 1.375500000000000334e-02 4.731947549999999669e-01
7.158528299999999955e-01 2.176050000000000206e-02 4.753577499999999678e-01
7.223124250000000357e-01 2.391225000000000295e-02 4.736912074999999889e-01
7.286799500000000762e-01 2.593175000000000341e-02 4.717695774999999814e-01
7.106197499999999945e-01 3.217750000000000471e-02 4.718802074999999818e-01
7.177960250000000597e-01 3.471100000000000574e-02 4.696096699999999791e-01
7.247961750000000425e-01 3.682625000000000481e-02 4.671524749999999560e-01
7.068081250000000093e-01 4.555000000000000715e-02 4.695045774999999644e-01
7.150451775000000731e-01 4.781150000000000677e-02 4.669138999999999928e-01
7.231289000000000744e-01 4.970390000000000919e-02 4.646066249999999953e-01
7.047605250000000821e-01 5.965515000000000401e-02 4.702338050000000047e-01
7.146800312500000141e-01 6.194005000000000344e-02 4.668250999999999928e-01
7.248285000000000977e-01 6.480455000000000243e-02 4.640799499999999633e-01
7.042363249999999963e-01 7.400647600000000159e-02 4.683189999999999853e-01
7.155055100000000667e-01 7.498785750000000472e-02 4.682376749999999643e-01
7.298896249999999863e-01 7.375897274999999864e-02 4.676790999999999587e-01
7.076805250000000047e-01 8.610980000000000023e-02 4.698233849999999823e-01
7.169693500000000608e-01 8.675135000000000485e-02 4.697419774999999631e-01
7.268310749999999931e-01 8.708912500000000334e-02 4.679168249999999807e-01
7.101767750000000934e-01 9.831892500000000146e-02 4.710416450000000088e-01
7.179030000000000689e-01 9.915525000000000033e-02 4.706528975000000004e-01
7.253352000000000688e-01 1.001895000000000008e-01 4.693855499999999847e-01
7.105063750000000233e-01 1.106280000000000041e-01 4.723377850000000100e-01
7.172187250000000569e-01 1.116074999999999984e-01 4.716603524999999908e-01
7.239028499999999866e-01 1.127184999999999993e-01 4.708233649999999937e-01
7.101005750000000116e-01 1.232172500000000004e-01 4.737259274999999770e-01
7.164488500000000260e-01 1.243765000000000009e-01 4.727204325000000096e-01
7.227560000000000651e-01 1.255862500000000104e-01 4.716738299999999606e-01
7.091001500000000402e-01 1.362990000000000035e-01 4.747146749999999749e-01
7.152508025000000602e-01 1.374082500000000095e-01 4.733742025000000075e-01
7.213443500000000785e-01 1.385390000000000232e-01 4.719873407199999815e-01
7.081842250000000005e-01 1.498935000000000128e-01 4.750829249999999893e-01
7.141226500000000810e-01 1.506139999999999979e-01 4.732996099999999817e-01
7.200121000000000437e-01 1.513252500000000222e-01 4.714959575000000069e-01
7.082369500000000873e-01 1.639367500000000200e-01 4.751246499999999817e-01
7.139654075000000377e-01 1.640270000000000061e-01 4.729320750000000073e-01
7.197055250000000681e-01 1.640367500000000089e-01 4.707300099999999765e-01
7.090854000000000879e-01 1.781752500000000072e-01 4.753248250000000064e-01
7.146032715000000257e-01 1.781067500000000081e-01 4.726496474999999919e-01
7.201392250000000494e-01 1.780177500000000024e-01 4.699701625000000105e-01
7.104890999999999845e-01 1.922747499999999943e-01 4.760688750000000025e-01
7.157189800000000046e-01 1.921227500000000088e-01 4.729081374999999920e-01
7.209571000000000174e-01 1.920077500000000048e-01 4.697429999999999661e-01
7.121385975000000812e-01 2.057704999999999951e-01 4.773929249999999680e-01
7.170435750000000441e-01 2.055262499999999937e-01 4.738571400000000100e-01
7.219656250000000552e-01 2.053232500000000127e-01 4.702681699999999854e-01
7.137202225000000011e-01 2.192230000000000012e-01 4.788249749999999860e-01
7.184171249999999898e-01 2.188285000000000091e-01 4.755903499999999950e-01
7.229728500000000002e-01 2.186760000000000093e-01 4.716022775000000000e-01
7.157679800000000814e-01 2.315697499999999909e-01 4.816127249999999638e-01
7.199182499999999818e-01 2.314879999999999993e-01 4.773354999999999682e-01
7.240686250000000213e-01 2.314555000000000085e-01 4.730035224999999954e-01
7.170550749999999862e-01 2.444235000000000158e-01 4.845386250000000006e-01
7.207975750000000792e-01 2.443184999999999940e-01 4.797801499999999608e-01
7.245472750000000461e-01 2.442487500000000145e-01 4.750479999999999703e-01
7.185773750000000737e-01 2.567332500000000239e-01 4.859350000000000058e-01
7.219259749999999976e-01 2.566019999999999968e-01 4.809150749999999697e-01
7.252658750000000598e-01 2.564932500000000060e-01 4.759018999999999888e-01
7.188715749999999849e-01 2.691972499999999990e-01 4.878748749999999856e-01
7.218556750000000299e-01 2.688532500000000436e-01 4.826133750000000111e-01
7.248523250000000751e-01 2.685190000000000077e-01 4.773359249999999943e-01
7.181365250000000255e-01 2.810947500000000043e-01 4.880603749999999907e-01
7.210323499999999886e-01 2.805062500000000125e-01 4.827187000000000006e-01
7.238957750000000191e-01 2.800247500000000445e-01 4.773413249999999830e-01
7.183101499999999806e-01 2.931157500000000082e-01 4.886319249999999670e-01
7.210890750000000793e-01 2.924697499999999728e-01 4.831705499999999764e-01
7.238433750000000666e-01 2.919215000000000004e-01 4.776836499999999597e-01
7.174600500000000158e-01 3.047147500000000342e-01 4.883602249999999811e-01
7.200953250000000638e-01 3.041657500000000125e-01 4.827203250000000057e-01
7.227159750000000660e-01 3.037799999999999945e-01 4.770655749999999640e-01
7.151961650000000503e-01 3.166202499999999920e-01 4.884230250000000106e-01
7.176970249999999885e-01 3.162817500000000281e-01 4.826008999999999993e-01
7.201502499999999918e-01 3.161410000000000053e-01 4.767931499999999989e-01
7.116005499999999984e-01 3.296879999999999811e-01 4.881657500000000094e-01
7.139434625000000700e-01 3.296080000000000121e-01 4.821650000000000102e-01
7.161812425000000371e-01 3.297605000000000119e-01 4.761866999999999628e-01
7.053015249999999847e-01 3.433080000000000020e-01 4.881139250000000041e-01
7.072623250000000805e-01 3.436029999999999918e-01 4.819364999999999899e-01
7.090322749999999896e-01 3.441854999999999776e-01 4.757258249999999911e-01
6.952752250000000522e-01 3.562430000000000319e-01 4.880428749999999871e-01
6.965625250000000435e-01 3.570055000000000311e-01 4.816238999999999937e-01
6.977357000000000697e-01 3.579530000000000212e-01 4.751822749999999873e-01
6.824702500000000560e-01 3.636429999999999940e-01 4.880979249999999880e-01
6.830617500000000231e-01 3.649930000000000119e-01 4.814558749999999776e-01
6.835457500000000630e-01 3.661305000000000254e-01 4.747906499999999808e-01
6.700099999999999945e-01 3.651254999999999917e-01 4.888905249999999647e-01
6.699107499999999993e-01 3.667380000000000084e-01 4.819983250000000052e-01
6.696257500000000196e-01 3.679930000000000145e-01 4.750995249999999670e-01
6.593432500000000474e-01 3.615579999999999905e-01 4.904307749999999855e-01
6.583662500000000417e-01 3.631055000000000255e-01 4.830712999999999813e-01
6.575502500000000028e-01 3.644204999999999806e-01 4.756273249999999897e-01
6.500280000000000502e-01 3.562155000000000182e-01 4.924588249999999889e-01
6.488040000000000473e-01 3.579054999999999875e-01 4.842347999999999653e-01
6.474214999999999831e-01 3.592680000000000318e-01 4.759660749999999885e-01
6.433627499999999833e-01 3.505004999999999926e-01 4.948915499999999579e-01
6.413782500000000386e-01 3.516529999999999934e-01 4.852450749999999702e-01
6.391539999999999999e-01 3.528379999999999850e-01 4.756554749999999943e-01
6.393729999999999691e-01 3.426730000000000054e-01 4.988582500000000031e-01
6.365937500000000693e-01 3.436529999999999863e-01 4.869757499999999850e-01
6.336344999999999894e-01 3.446405000000000163e-01 4.758369249999999662e-01
6.384977499999999750e-01 3.306005000000000194e-01 4.981264999999999721e-01
6.340537500000000826e-01 3.328805000000000236e-01 4.869638749999999905e-01
6.303315000000000445e-01 3.351180000000000270e-01 4.761101249999999951e-01
6.354625000000000412e-01 3.223432499999999701e-01 4.952552000000000065e-01
6.319652500000000339e-01 3.239980000000000082e-01 4.867826749999999980e-01
6.287107499999999849e-01 3.248179999999999956e-01 4.782655000000000101e-01
6.353805000000000147e-01 3.121567499999999828e-01 4.927919749999999932e-01
6.322667499999999885e-01 3.127864999999999673e-01 4.857075750000000025e-01
6.292042500000000205e-01 3.129682500000000034e-01 4.785728999999999678e-01
6.346279999999999699e-01 3.019137499999999807e-01 4.925301249999999853e-01
6.315707500000000696e-01 3.015647499999999925e-01 4.863963499999999773e-01
6.285607500000000014e-01 3.009650000000000380e-01 4.803013749999999749e-01
6.368105000000000571e-01 2.915997499999999909e-01 4.923958749999999829e-01
6.336932499999999857e-01 2.904115000000000446e-01 4.867718249999999913e-01
6.306572500000000581e-01 2.890639999999999876e-01 4.811645749999999833e-01
6.406749999999999945e-01 2.815047499999999703e-01 4.925270499999999663e-01
6.376835000000000697e-01 2.797287499999999705e-01 4.871183499999999778e-01
6.347679999999999989e-01 2.778639999999999999e-01 4.817259749999999729e-01
6.441952499999999970e-01 2.710402499999999826e-01 4.936512499999999859e-01
6.411677500000000363e-01 2.688402500000000028e-01 4.884664249999999819e-01
6.382395000000000707e-01 2.664797500000000152e-01 4.833204749999999716e-01
6.483140000000000569e-01 2.625180000000000291e-01 4.945059749999999865e-01
6.454600000000000337e-01 2.595729999999999982e-01 4.896289500000000072e-01
6.426445000000000629e-01 2.565712500000000285e-01 4.847589749999999809e-01
6.545064999999999911e-01 2.551670000000000327e-01 4.944598249999999640e-01
6.520010000000000527e-01 2.518467500000000081e-01 4.899706500000000076e-01
6.495552500000000284e-01 2.485072500000000129e-01 4.854589999999999739e-01
6.625227500000000491e-01 2.497199999999999975e-01 4.936390499999999681e-01
6.602510000000000323e-01 2.459072499999999939e-01 4.891276749999999840e-01
6.580102500000000187e-01 2.420984999999999943e-01 4.846035499999999940e-01
6.717397500000000798e-01 2.446415000000000117e-01 4.929044249999999794e-01
6.698295000000000776e-01 2.406627500000000086e-01 4.886390250000000046e-01
6.679285000000000361e-01 2.366827499999999973e-01 4.843589249999999957e-01
6.814682499999999976e-01 2.410742500000000177e-01 4.913843999999999990e-01
6.796995000000000120e-01 2.369137500000000063e-01 4.871797250000000079e-01
6.779235000000000122e-01 2.327612500000000029e-01 4.829680000000000084e-01
6.917669750000000617e-01 2.386729999999999963e-01 4.891414499999999776e-01
6.902499000000000828e-01 2.341910000000000103e-01 4.850573750000000128e-01
6.886995000000000200e-01 2.297369999999999968e-01 4.809886999999999913e-01
7.025672750000000466e-01 2.350830000000000142e-01 4.880063499999999777e-01
7.008552250000000816e-01 2.304402500000000131e-01 4.843260249999999933e-01
6.991572750000000225e-01 2.257850000000000135e-01 4.806435249999999604e-01
7.134558200000000738e-01 2.319100000000000050e-01 4.859319500000000014e-01
7.116729750000000410e-01 2.269760000000000111e-01 4.826683499999999682e-01
7.099682250000000083e-01 2.219137499999999930e-01 4.800072999999999701e-01
7.242280250000000530e-01 2.292872499999999980e-01 4.832011499999999682e-01
7.225345250000000386e-01 2.240957500000000102e-01 4.803789499999999713e-01
7.208699000000000634e-01 2.188402500000000139e-01 4.778364999999999974e-01
7.352203750000000371e-01 2.269712500000000133e-01 4.804826999999999848e-01
7.336789750000000110e-01 2.214675000000000116e-01 4.779620749999999862e-01
7.321183250000000697e-01 2.159584999999999977e-01 4.754328499999999624e-01
7.461712500000000636e-01 2.249504999999999977e-01 4.779977999999999727e-01
7.449529999999999763e-01 2.192637500000000073e-01 4.757412749999999635e-01
7.437340000000000062e-01 2.135872500000000063e-01 4.734787474999999635e-01
7.572472500000000384e-01 2.234204999999999941e-01 4.761232749999999569e-01
7.564117500000000494e-01 2.175607499999999972e-01 4.740077174999999809e-01
7.555532500000000651e-01 2.117225000000000079e-01 4.719078892499999900e-01
7.692610000000000836e-01 2.222467499999999929e-01 4.747984249999999684e-01
7.685180000000000344e-01 2.162682499999999952e-01 4.728820125000000041e-01
7.678135000000000376e-01 2.102942500000000159e-01 4.709762774999999846e-01
7.812100000000000710e-01 2.212422500000000014e-01 4.739511349999999679e-01
7.806040000000000756e-01 2.150812500000000016e-01 4.721438314999999997e-01
7.800584999999999880e-01 2.089245000000000130e-01 4.703571174999999771e-01
7.931004999999999860e-01 2.204382500000000022e-01 4.733245774999999544e-01
7.925860000000000127e-01 2.141152500000000070e-01 4.715153349999999799e-01
7.921675000000000244e-01 2.078030000000000155e-01 4.697283274999999869e-01
8.048494999999999955e-01 2.198332500000000078e-01 4.727110174999999970e-01
8.043402500000000899e-01 2.133602500000000013e-01 4.708750774999999611e-01
8.039720000000000200e-01 2.068932500000000008e-01 4.690622999999999876e-01
8.158779999999999921e-01 2.196457500000000007e-01 4.719209382499999772e-01
8.150760000000000227e-01 2.130427500000000030e-01 4.700944274999999672e-01
8.143142500000000172e-01 2.064400000000000124e-01 4.682845999999999953e-01
8.267487500000000322e-01 2.191295000000000048e-01 4.716197324999999996e-01
8.256112500000000187e-01 2.122792500000000027e-01 4.697388224999999862e-01
8.244314999999999838e-01 2.054152499999999937e-01 4.678723749999999515e-01
8.375639999999999752e-01 2.180219999999999936e-01 4.722334014999999829e-01
8.360435000000000505e-01 2.107084999999999930e-01 4.702155224999999827e-01
8.343632500000000007e-01 2.033395000000000064e-01 4.681909749999999537e-01
8.482525000000000759e-01 2.178080000000000016e-01 4.736350524999999867e-01
8.464612500000000539e-01 2.094422499999999965e-01 4.713776424999999715e-01
8.443700000000000649e-01 2.010669999999999957e-01 4.690810749999999585e-01
8.588850000000000096e-01 2.169920000000000182e-01 4.753200999999999676e-01
8.574185000000000834e-01 2.075687499999999963e-01 4.728928624999999553e-01
8.556464999999999765e-01 1.982147500000000229e-01 4.704187574999999510e-01
8.692310000000000869e-01 2.182047500000000029e-01 4.767699249999999833e-01
8.678142500000000092e-01 2.069755000000000067e-01 4.737708874999999598e-01
8.659545000000000714e-01 1.962685000000000124e-01 4.709559774999999560e-01
8.763400000000000079e-01 2.186190000000000078e-01 4.777534249999999538e-01
8.773332500000000644e-01 2.071320000000000106e-01 4.749981999999999815e-01
8.779495000000000493e-01 1.960570000000000368e-01 4.724372824999999998e-01
8.871257500000000462e-01 2.178535000000000055e-01 4.773461749999999837e-01
8.878315000000001067e-01 2.084567499999999962e-01 4.751029499999999683e-01
8.885802500000000714e-01 1.991354999999999931e-01 4.729549649999999494e-01
8.986615000000000020e-01 2.180420000000000136e-01 4.771465999999999763e-01
8.993125000000000702e-01 2.096570000000000100e-01 4.751537249999999712e-01
8.999912500000000204e-01 2.012639999999999985e-01 4.732146224999999595e-01
9.216027500000000261e-01 2.118705000000000171e-01 4.752000249999999704e-01
