7.405145000000000755e-01 9.896570000000000367e-02 5.451694999999999736e-01
7.796547500000000630e-01 7.535648000000000346e-02 5.360397500000000370e-01
7.702825000000000921e-01 6.780590000000000228e-02 5.327414999999999790e-01
7.609790000000000720e-01 6.022002500000001035e-02 5.294312500000000199e-01
7.874277499999999819e-01 6.748512500000000691e-02 5.327204999999999302e-01
7.778252500000000236e-01 5.977900000000000574e-02 5.293569999999999665e-01
7.684782500000000294e-01 5.207697500000001145e-02 5.259939999999999616e-01
7.942405000000000159e-01 5.947935000000000721e-02 5.293062499999999782e-01
7.851342500000000335e-01 5.180205000000000920e-02 5.259650000000000158e-01
7.757355000000000222e-01 4.338100000000000289e-02 5.222857499999999931e-01
8.018982500000000346e-01 5.084760000000000668e-02 5.255482499999999391e-01
7.930442500000000061e-01 4.367075000000000817e-02 5.224324999999999664e-01
7.839710000000000845e-01 3.599075000000000885e-02 5.190679999999999739e-01
8.089407500000000972e-01 4.244225000000001469e-02 5.212470000000000159e-01
8.000162500000000954e-01 3.582275000000001430e-02 5.183984999999999843e-01
7.912715000000000165e-01 2.876400000000001178e-02 5.153029999999999555e-01
8.161455000000000792e-01 3.388400000000001133e-02 5.164377500000000287e-01
8.069730000000000514e-01 2.801725000000001436e-02 5.139757499999999535e-01
7.982710000000000639e-01 2.167675000000000851e-02 5.112487500000000296e-01
8.240792500000000409e-01 2.508575000000001082e-02 5.115419999999999412e-01
8.144837500000000619e-01 1.963225000000001080e-02 5.093075000000000241e-01
8.055475000000000829e-01 1.373175000000001478e-02 5.067949999999999955e-01
8.314685000000000548e-01 1.462975000000001080e-02 5.059589999999999366e-01
8.212500000000000355e-01 1.045424999999999827e-02 5.043314999999999326e-01
8.113132499999999858e-01 5.981500000000000705e-03 5.024387499999999340e-01
8.372450000000000170e-01 3.170000000000020024e-03 5.004164999999999308e-01
8.264960000000000084e-01 5.935000000000106857e-04 4.993882499999999780e-01
8.159057499999999852e-01 -2.599499999999990707e-03 4.980719999999999592e-01
8.414777500000000243e-01 -9.323499999999984578e-03 4.954843749999999769e-01
8.302822499999999994e-01 -1.026274999999998716e-02 4.951862499999999945e-01
8.191650000000000320e-01 -1.212249999999999439e-02 4.944228999999999985e-01
8.439872500000000777e-01 -1.923849999999997784e-02 4.914201749999999591e-01
8.329165000000000596e-01 -2.014199999999997936e-02 4.911889249999999985e-01
8.219917500000000210e-01 -2.150900000000000034e-02 4.906053999999999693e-01
8.462884999999999991e-01 -2.927899999999998559e-02 4.873681999999999737e-01
8.352047500000000513e-01 -2.993924999999998671e-02 4.877017999999999631e-01
8.243532500000000374e-01 -3.097474999999999534e-02 4.875968749999999852e-01
8.471692500000000958e-01 -3.828574999999997952e-02 4.838311999999999613e-01
8.367115000000000524e-01 -3.906774999999998443e-02 4.835794499999999663e-01
8.260800000000000365e-01 -3.965375000000000150e-02 4.831123499999999682e-01
8.479137500000000216e-01 -4.744649999999997481e-02 4.798067749999999632e-01
8.376055000000000028e-01 -4.786799999999998001e-02 4.798366249999999611e-01
8.269220000000000459e-01 -4.912674999999999681e-02 4.794907249999999510e-01
8.482787500000000813e-01 -5.738075000000000814e-02 4.769599999999999951e-01
8.382450000000000179e-01 -5.866949999999998555e-02 4.761887499999999940e-01
8.280077500000000423e-01 -6.026275000000000381e-02 4.753923999999999928e-01
8.497742500000000643e-01 -6.693074999999998331e-02 4.746982750000000029e-01
8.401245000000000518e-01 -6.979399999999999493e-02 4.731857374999999810e-01
8.302782500000001065e-01 -7.248525000000000107e-02 4.717713109999999710e-01
8.527120000000000255e-01 -7.611024999999999041e-02 4.734232624999999972e-01
8.437330000000000663e-01 -8.079249999999998932e-02 4.712161399999999500e-01
8.346012500000000722e-01 -8.484849999999999337e-02 4.691384499999999846e-01
8.578375000000000306e-01 -8.797974999999999546e-02 4.729601699999999576e-01
8.490429999999999922e-01 -9.238799999999999790e-02 4.701797299999999624e-01
8.403717500000000840e-01 -9.683200000000000141e-02 4.675146000000000024e-01
8.632455000000001100e-01 -9.966624999999998402e-02 4.731836174999999867e-01
8.549122500000000402e-01 -1.043682499999999957e-01 4.698156324999999689e-01
8.466372500000000079e-01 -1.089622499999999827e-01 4.665912999999999866e-01
8.686032500000000489e-01 -1.112312500000000037e-01 4.736108549999999973e-01
8.607280000000000486e-01 -1.163200000000000067e-01 4.698130674999999590e-01
8.529370000000000562e-01 -1.209247499999999975e-01 4.661536999999999487e-01
8.739020000000000676e-01 -1.245124999999999982e-01 4.743818424999999839e-01
8.660815000000000596e-01 -1.286414999999999920e-01 4.698631849999999610e-01
8.584095000000000475e-01 -1.328894999999999937e-01 4.654213499999999559e-01
8.781540000000001012e-01 -1.377142499999999825e-01 4.750819499999999751e-01
8.705427500000000318e-01 -1.410417499999999935e-01 4.698153749999999795e-01
8.630552500000000515e-01 -1.445384999999999864e-01 4.646286249999999618e-01
8.812420000000000808e-01 -1.508232499999999920e-01 4.756186249999999616e-01
8.739382500000001386e-01 -1.534067500000000084e-01 4.697389574999999984e-01
8.667750000000000732e-01 -1.563495000000000024e-01 4.639678749999999741e-01
8.835270000000000623e-01 -1.636880000000000002e-01 4.762058249999999715e-01
8.763365000000000737e-01 -1.654882500000000034e-01 4.698819324999999880e-01
8.692222500000000851e-01 -1.677162499999999834e-01 4.639545749999999802e-01
8.842827500000001173e-01 -1.754439999999999888e-01 4.771839249999999533e-01
8.773092500000000404e-01 -1.759242500000000042e-01 4.705578974999999886e-01
8.702630000000000088e-01 -1.766269999999999785e-01 4.643268749999999723e-01
8.819967500000001071e-01 -1.866895000000000082e-01 4.788590749999999674e-01
8.756150000000000322e-01 -1.856220000000000092e-01 4.718499597499999920e-01
8.690062500000000911e-01 -1.845844999999999847e-01 4.652226250000000007e-01
8.765830000000001121e-01 -1.968294999999999906e-01 4.809339999999999726e-01
8.712395000000000556e-01 -1.940669999999999895e-01 4.735158699999999499e-01
8.655622500000000885e-01 -1.914569999999999883e-01 4.663982999999999879e-01
8.696567500000000894e-01 -2.066870000000000096e-01 4.807110999999999468e-01
8.651632500000000503e-01 -2.029194999999999749e-01 4.727747724999999956e-01
8.601667500000000910e-01 -1.994520000000000182e-01 4.652332499999999871e-01
8.606445000000000345e-01 -2.142819999999999725e-01 4.813880999999999855e-01
8.571755000000000901e-01 -2.095119999999999760e-01 4.728282824999999745e-01
8.527655000000000651e-01 -2.053220000000000045e-01 4.647164499999999476e-01
8.489687500000000497e-01 -2.192044999999999688e-01 4.836085999999999996e-01
8.465322500000000971e-01 -2.137844999999999884e-01 4.741568149999999537e-01
8.433665000000001299e-01 -2.089395000000000002e-01 4.650475999999999499e-01
8.364950000000000996e-01 -2.205219999999999958e-01 4.865577499999999556e-01
8.352897500000000530e-01 -2.142270000000000008e-01 4.756835999999999842e-01
8.339937500000000892e-01 -2.078495000000000203e-01 4.646903749999999889e-01
8.248030000000000639e-01 -2.212744999999999851e-01 4.870920249999999840e-01
8.232455000000000744e-01 -2.134645000000000015e-01 4.774190749999999706e-01
8.216395000000000781e-01 -2.050294999999999757e-01 4.684820499999999832e-01
8.115947500000000314e-01 -2.211619999999999697e-01 4.869218249999999748e-01
8.112897500000000317e-01 -2.141894999999999771e-01 4.784000999999999948e-01
8.115872500000000933e-01 -2.066344999999999987e-01 4.699682074999999570e-01
7.981482500000001146e-01 -2.205644999999999967e-01 4.836765249999999683e-01
7.987775000000000292e-01 -2.142620000000000080e-01 4.757380249999999533e-01
7.999772500000000841e-01 -2.083269999999999844e-01 4.678068999999999700e-01
7.870925000000000837e-01 -2.196894999999999820e-01 4.805427999999999922e-01
7.893457500000000682e-01 -2.140270000000000228e-01 4.734609649999999559e-01
7.914272500000000266e-01 -2.084920000000000107e-01 4.663622249999999636e-01
7.772372500000001017e-01 -2.149670000000000192e-01 4.791767999999999583e-01
7.802157500000000967e-01 -2.098194999999999921e-01 4.724209374999999711e-01
7.830212500000000020e-01 -2.047319999999999696e-01 4.657265499999999614e-01
7.673990000000000533e-01 -2.095520000000000160e-01 4.792377999999999916e-01
7.708080000000000487e-01 -2.047720000000000096e-01 4.727322124999999708e-01
7.742817500000001019e-01 -2.000945000000000085e-01 4.662962749999999823e-01
7.568040000000000322e-01 -2.016295000000000170e-01 4.790154749999999684e-01
7.606005000000000127e-01 -1.971970000000000112e-01 4.726986899999999769e-01
7.643490000000000562e-01 -1.927969999999999962e-01 4.664522499999999572e-01
7.471840000000000703e-01 -1.919919999999999960e-01 4.798340249999999974e-01
7.513140000000000374e-01 -1.880669999999999842e-01 4.736858674999999685e-01
7.552405000000000923e-01 -1.839870000000000116e-01 4.676031250000000083e-01
7.391412000000000537e-01 -1.812119999999999842e-01 4.813846999999999987e-01
7.434552500000000119e-01 -1.777219999999999911e-01 4.753817750000000064e-01
7.475172500000000220e-01 -1.740089999999999970e-01 4.694680249999999555e-01
7.333577000000000012e-01 -1.704072499999999823e-01 4.822409999999999752e-01
7.381049750000000520e-01 -1.677285000000000026e-01 4.762627499999999570e-01
7.427737500000000104e-01 -1.650629999999999875e-01 4.703530049999999907e-01
7.292671750000000452e-01 -1.596130000000000049e-01 4.824562000000000017e-01
7.344046250000000331e-01 -1.578940000000000066e-01 4.765490000000000004e-01
7.395872500000000294e-01 -1.562290000000000068e-01 4.706949924999999646e-01
7.264043000000000028e-01 -1.481702500000000033e-01 4.812331749999999575e-01
7.319848250000000611e-01 -1.475545000000000051e-01 4.756418249999999626e-01
7.377481250000000879e-01 -1.470542499999999975e-01 4.700022949999999589e-01
7.232870750000000015e-01 -1.365294999999999981e-01 4.794790499999999622e-01
7.293216500000000435e-01 -1.363754999999999828e-01 4.744643299999999897e-01
7.354302500000000631e-01 -1.363702499999999984e-01 4.694187249999999811e-01
7.208298000000000760e-01 -1.242550000000000043e-01 4.773309000000000024e-01
7.272083500000000589e-01 -1.241627499999999884e-01 4.729885899999999865e-01
7.335534000000000221e-01 -1.240677500000000044e-01 4.686225749999999857e-01
7.189924500000000052e-01 -1.113444999999999852e-01 4.753054749999999773e-01
7.256321750000001014e-01 -1.115657499999999913e-01 4.716480650000000052e-01
7.322589000000000459e-01 -1.117572500000000024e-01 4.679807500000000009e-01
7.184920250000000896e-01 -9.789324999999998722e-02 4.732431950000000054e-01
7.253337000000000812e-01 -9.858049999999998758e-02 4.702844700000000100e-01
7.321625750000000377e-01 -9.925174999999999970e-02 4.673261249999999811e-01
7.193389000000000033e-01 -8.437025000000000774e-02 4.714388150000000111e-01
7.262676750000000014e-01 -8.559449999999999004e-02 4.691481249999999714e-01
7.331988250000001095e-01 -8.677925000000000222e-02 4.668597250000000032e-01
7.215725250000000202e-01 -7.091374999999999762e-02 4.699918174999999643e-01
7.284714750000000905e-01 -7.282949999999999147e-02 4.682031749999999715e-01
7.354442000000001034e-01 -7.463549999999999351e-02 4.664056249999999904e-01
7.241895000000000415e-01 -5.990399999999998504e-02 4.678326999999999902e-01
7.311890250000000480e-01 -6.136400000000000188e-02 4.667183999999999777e-01
7.382122250000000552e-01 -6.280974999999999753e-02 4.656096750000000006e-01
7.258668000000000342e-01 -4.891149999999999665e-02 4.658017249999999998e-01
7.329530250000000358e-01 -4.969774999999999887e-02 4.652219499999999952e-01
7.400482500000000741e-01 -5.048524999999999541e-02 4.646948499999999926e-01
7.263448750000000009e-01 -3.783575000000000133e-02 4.648134250000000023e-01
7.333914500000000558e-01 -3.785374999999999157e-02 4.645224499999999757e-01
7.404430000000000733e-01 -3.791474999999999707e-02 4.644018500000000049e-01
7.255801500000000903e-01 -2.637275000000000036e-02 4.645580999999999738e-01
7.325145750000000566e-01 -2.570299999999998974e-02 4.637544499999999847e-01
7.395287500000000680e-01 -2.523575000000000124e-02 4.640777249999999965e-01
7.241410750000000229e-01 -1.452449999999999575e-02 4.648251749999999793e-01
7.310214500000000726e-01 -1.349549999999999361e-02 4.644228499999999982e-01
7.379228000000001009e-01 -1.250749999999999085e-02 4.643020999999999954e-01
7.223516000000000936e-01 -2.694249999999995260e-03 4.655232999999999732e-01
7.291354000000001001e-01 -1.312250000000000916e-03 4.651511249999999986e-01
7.358988750000000634e-01 1.277500000000098002e-04 4.648845749999999666e-01
7.199299000000000115e-01 8.362750000000002126e-03 4.685209499999999916e-01
7.266179000000000388e-01 1.030300000000000660e-02 4.682551749999999680e-01
7.333668250000000555e-01 1.195625000000000160e-02 4.680490250000000074e-01
7.183393000000000139e-01 2.017500000000000543e-02 4.699985474999999746e-01
7.250971250000000090e-01 2.179125000000000506e-02 4.694737250000000084e-01
7.318783250000000518e-01 2.328875000000000389e-02 4.691892999999999758e-01
7.155654550000000169e-01 3.097150000000000597e-02 4.692405749999999931e-01
7.231593500000000896e-01 3.310825000000000573e-02 4.682652250000000071e-01
7.306680000000000952e-01 3.465175000000000199e-02 4.675574499999999856e-01
7.143599154999999978e-01 4.385450000000000459e-02 4.711834824999999727e-01
7.229246500000000575e-01 4.599625000000000241e-02 4.698622324999999766e-01
7.312754000000000199e-01 4.733100000000000501e-02 4.687820749999999648e-01
7.128219050000000889e-01 5.546227500000000532e-02 4.712614800000000104e-01
7.230552749999999973e-01 5.805967500000000503e-02 4.695116999999999763e-01
7.334251500000000812e-01 6.058022500000000837e-02 4.681663749999999680e-01
7.119872074999999967e-01 6.910862500000000685e-02 4.688653749999999731e-01
7.230953250000000665e-01 7.009445000000000259e-02 4.705178924999999790e-01
7.374806750000000299e-01 6.921740000000001225e-02 4.722937524999999970e-01
7.149364125000000625e-01 8.059002500000000957e-02 4.705695649999999675e-01
7.240899500000000932e-01 8.115420000000000966e-02 4.718631752499999887e-01
7.340995500000000451e-01 8.181187500000000612e-02 4.716303299999999865e-01
7.171955750000000851e-01 9.303179999999999783e-02 4.712808674999999781e-01
7.248660500000000395e-01 9.381787500000000890e-02 4.719840031499999977e-01
7.323936000000000890e-01 9.500312500000000770e-02 4.718116237499999643e-01
7.174479750000000156e-01 1.057375000000000120e-01 4.714829449999999866e-01
7.241817500000000685e-01 1.066330000000000056e-01 4.716668574999999808e-01
7.309263500000000580e-01 1.077057500000000029e-01 4.716186350000000083e-01
7.171570500000000736e-01 1.188337500000000019e-01 4.714673349999999874e-01
7.235950750000000875e-01 1.197857499999999964e-01 4.712102699999999866e-01
7.300195250000000025e-01 1.208032500000000009e-01 4.709027324999999764e-01
7.166051600000000743e-01 1.323880000000000057e-01 4.709871324999999609e-01
7.228776250000000791e-01 1.331684999999999952e-01 4.703480349999999977e-01
7.291251000000000815e-01 1.340057500000000068e-01 4.696861424999999590e-01
7.160450700000000612e-01 1.457235000000000058e-01 4.703768124999999634e-01
7.221633750000000518e-01 1.463030000000000164e-01 4.694760249999999635e-01
7.282503000000000171e-01 1.468892499999999990e-01 4.685392499999999627e-01
7.161302225000000243e-01 1.594055000000000055e-01 4.702397124999999622e-01
7.221034250000000210e-01 1.596082500000000071e-01 4.689519500000000063e-01
7.280983750000000754e-01 1.597345000000000015e-01 4.676503499999999924e-01
7.164702550000000558e-01 1.732357500000000217e-01 4.708668374999999684e-01
7.222935000000000327e-01 1.736017499999999991e-01 4.690921249999999709e-01
7.281358749999999880e-01 1.739455000000000029e-01 4.673045749999999998e-01
7.165643575000000265e-01 1.871070000000000233e-01 4.726594299999999915e-01
7.221939750000000435e-01 1.876075000000000104e-01 4.703423374999999851e-01
7.278070750000000810e-01 1.881532499999999941e-01 4.680159749999999730e-01
7.165254899999999871e-01 2.004812499999999997e-01 4.752439250000000115e-01
7.218757500000000382e-01 2.009690000000000087e-01 4.724855874999999705e-01
7.272085500000000646e-01 2.015187499999999965e-01 4.696431549999999788e-01
7.162468300000000010e-01 2.138487500000000041e-01 4.779350499999999724e-01
7.213187500000000085e-01 2.142280000000000018e-01 4.753370999999999569e-01
7.262724249999999993e-01 2.147449999999999914e-01 4.719598620000000078e-01
7.165178375000000877e-01 2.266447500000000059e-01 4.813139249999999758e-01
7.211013500000000853e-01 2.269670000000000021e-01 4.776861000000000024e-01
7.256630250000000171e-01 2.272995000000000154e-01 4.738522074999999556e-01
7.163520325000000133e-01 2.403655000000000097e-01 4.843156750000000010e-01
7.205405249999999873e-01 2.402779999999999916e-01 4.799737499999999768e-01
7.247372750000000696e-01 2.404397500000000076e-01 4.756349749999999599e-01
7.172456750000000270e-01 2.556812499999999710e-01 4.851785249999999716e-01
7.210334750000000348e-01 2.553547499999999637e-01 4.805070750000000057e-01
7.248247500000000176e-01 2.550947500000000367e-01 4.758355750000000106e-01
7.175708499999999823e-01 2.712569999999999704e-01 4.864186249999999934e-01
7.209683250000000765e-01 2.707390000000000074e-01 4.814442749999999771e-01
7.244042000000000536e-01 2.702035000000000409e-01 4.764659249999999568e-01
7.178606499999999890e-01 2.851710000000000078e-01 4.869461250000000074e-01
7.212015999999999982e-01 2.847252500000000408e-01 4.818710499999999675e-01
7.245255250000000036e-01 2.842215000000000158e-01 4.767746749999999811e-01
7.181678249999999819e-01 2.968057499999999793e-01 4.880525749999999885e-01
7.214402250000000461e-01 2.965600000000000458e-01 4.828576499999999716e-01
7.247336500000000070e-01 2.963250000000000051e-01 4.776713249999999800e-01
7.171783250000000054e-01 3.075235000000000052e-01 4.887570999999999999e-01
7.204206000000000776e-01 3.077185000000000059e-01 4.834432499999999910e-01
7.236546500000000659e-01 3.080180000000000140e-01 4.781410999999999856e-01
7.141231275000000656e-01 3.184127500000000222e-01 4.899327499999999724e-01
7.173660499999999773e-01 3.190682499999999977e-01 4.845205750000000089e-01
7.205231500000000011e-01 3.198739999999999917e-01 4.791449249999999993e-01
7.094693250000000395e-01 3.301930000000000143e-01 4.907104250000000056e-01
7.126497999999999999e-01 3.312755000000000005e-01 4.852081249999999901e-01
7.157112900000000000e-01 3.325529999999999875e-01 4.797668250000000079e-01
7.035606250000000506e-01 3.439429999999999987e-01 4.933287249999999680e-01
7.063993499999999814e-01 3.454305000000000292e-01 4.876767750000000068e-01
7.090258500000000685e-01 3.472129999999999939e-01 4.820144499999999832e-01
6.937190750000000738e-01 3.572305000000000064e-01 4.947140499999999608e-01
6.961772250000000106e-01 3.591380000000000128e-01 4.888853499999999963e-01
6.983888750000000201e-01 3.612279999999999935e-01 4.830036999999999803e-01
6.811892500000000794e-01 3.650530000000000164e-01 4.942977749999999948e-01
6.829264999999999919e-01 3.675180000000000113e-01 4.881784750000000006e-01
6.845957500000000584e-01 3.697779999999999956e-01 4.820026000000000033e-01
6.687760000000000371e-01 3.668080000000000229e-01 4.934168999999999916e-01
6.698760000000000270e-01 3.694204999999999850e-01 4.868839249999999952e-01
6.708610000000000406e-01 3.717805000000000137e-01 4.803493749999999674e-01
6.579647499999999871e-01 3.633480000000000043e-01 4.927181499999999659e-01
6.584212500000000690e-01 3.657779999999999920e-01 4.854490249999999785e-01
6.589982500000000076e-01 3.680804999999999771e-01 4.782235249999999827e-01
6.484172500000000561e-01 3.579705000000000248e-01 4.924428750000000021e-01
6.489550000000000596e-01 3.604855000000000143e-01 4.841682499999999667e-01
6.493010000000000170e-01 3.627730000000000121e-01 4.759167999999999732e-01
6.414305000000000145e-01 3.523029999999999773e-01 4.915771749999999773e-01
6.415619999999999656e-01 3.544355000000000144e-01 4.820145249999999715e-01
6.414942500000000436e-01 3.565355000000000052e-01 4.722509549999999723e-01
6.369992500000000168e-01 3.446805000000000008e-01 4.929364499999999705e-01
6.366937500000000583e-01 3.463804999999999801e-01 4.811270249999999860e-01
6.362725000000000186e-01 3.481130000000000058e-01 4.696313950000000070e-01
6.362067500000000431e-01 3.341954999999999787e-01 4.911209249999999860e-01
6.344067500000000193e-01 3.354754999999999820e-01 4.796368749999999626e-01
6.333349999999999813e-01 3.374154999999999793e-01 4.684739499999999723e-01
6.340172500000000877e-01 3.251330000000000053e-01 4.882124999999999937e-01
6.326089999999999769e-01 3.258929999999999882e-01 4.793036250000000109e-01
6.313522500000000592e-01 3.261105000000000254e-01 4.704122424999999663e-01
6.338672499999999932e-01 3.138070000000000026e-01 4.873059000000000140e-01
6.326495000000000868e-01 3.133814999999999795e-01 4.799150999999999834e-01
6.313862500000000377e-01 3.126087499999999908e-01 4.724658724999999948e-01
6.339820000000000455e-01 3.022217500000000112e-01 4.897553749999999928e-01
6.325407499999999850e-01 3.008494999999999919e-01 4.832816500000000071e-01
6.310847500000000831e-01 2.992322499999999774e-01 4.769075749999999725e-01
6.361042500000000377e-01 2.900642500000000235e-01 4.928392999999999802e-01
6.343530000000000557e-01 2.882790000000000075e-01 4.868209749999999891e-01
6.326255000000000628e-01 2.862457499999999655e-01 4.809072500000000083e-01
6.393590000000000106e-01 2.780237500000000139e-01 4.959787499999999683e-01
6.375272499999999898e-01 2.760780000000000456e-01 4.901498249999999834e-01
6.357620000000000493e-01 2.739012499999999850e-01 4.844142000000000170e-01
6.438405000000000378e-01 2.675027500000000114e-01 4.982657500000000073e-01
6.417660000000000586e-01 2.651725000000000332e-01 4.926640999999999937e-01
6.398292500000000160e-01 2.626290000000000013e-01 4.871566499999999689e-01
6.486342499999999678e-01 2.599112500000000381e-01 4.994569999999999843e-01
6.465907499999999919e-01 2.567995000000000139e-01 4.942562249999999935e-01
6.446017500000000844e-01 2.536660000000000026e-01 4.890644499999999839e-01
6.557395000000000307e-01 2.539577499999999821e-01 4.995350000000000068e-01
6.537939999999999863e-01 2.505437500000000095e-01 4.947311249999999938e-01
6.519242499999999829e-01 2.471707499999999946e-01 4.899209499999999662e-01
6.641215000000000312e-01 2.492955000000000032e-01 4.980792499999999734e-01
6.621592499999999770e-01 2.456139999999999990e-01 4.932637249999999862e-01
6.602095000000000047e-01 2.419717500000000132e-01 4.884386000000000005e-01
6.733244999999999925e-01 2.443825000000000025e-01 4.965231499999999687e-01
6.715387500000000731e-01 2.406352499999999950e-01 4.919933249999999814e-01
6.697345000000000104e-01 2.368897500000000100e-01 4.874427249999999656e-01
6.826817499999999761e-01 2.411042499999999922e-01 4.940897249999999796e-01
6.810532500000000544e-01 2.371517499999999945e-01 4.896694749999999652e-01
6.793837500000000640e-01 2.332062500000000038e-01 4.852295999999999832e-01
6.923650250000000783e-01 2.392412500000000164e-01 4.912481249999999799e-01
6.913209000000000160e-01 2.349682500000000174e-01 4.869020000000000015e-01
6.901789500000000688e-01 2.307192500000000146e-01 4.825688249999999790e-01
7.041207999999999911e-01 2.368887500000000090e-01 4.897635499999999920e-01
7.028292999999999902e-01 2.323702500000000004e-01 4.858072250000000092e-01
7.015447000000000211e-01 2.278430000000000177e-01 4.818561999999999568e-01
7.159746625000000808e-01 2.344799999999999940e-01 4.875085249999999704e-01
7.145179337500000560e-01 2.296267500000000183e-01 4.839878749999999563e-01
7.131056700000000248e-01 2.245947500000000097e-01 4.812613000000000030e-01
7.276854750000000260e-01 2.321519999999999972e-01 4.848024499999999959e-01
7.261516250000000783e-01 2.270447500000000174e-01 4.817701749999999672e-01
7.246164999999999967e-01 2.218495000000000050e-01 4.791397499999999754e-01
7.395627500000000465e-01 2.297869999999999913e-01 4.820824999999999694e-01
7.379842500000000083e-01 2.243792500000000023e-01 4.794011499999999981e-01
7.364087999999999745e-01 2.189689999999999970e-01 4.767197499999999977e-01
7.513667500000000832e-01 2.273745000000000072e-01 4.794878750000000078e-01
7.498285000000000089e-01 2.218200000000000172e-01 4.771151249999999733e-01
7.483257500000000118e-01 2.162647500000000056e-01 4.747364249999999619e-01
7.629822500000000840e-01 2.251980000000000093e-01 4.772469500000000031e-01
7.615180000000000282e-01 2.195322500000000121e-01 4.750302249999999726e-01
7.600925000000000598e-01 2.138629999999999975e-01 4.728145549999999697e-01
7.741885000000000572e-01 2.236070000000000002e-01 4.750160999999999967e-01
7.729260000000000019e-01 2.178102500000000108e-01 4.728907199999999866e-01
7.716975000000000362e-01 2.120272500000000004e-01 4.707575399999999743e-01
7.853082500000000410e-01 2.222375000000000045e-01 4.730915024999999829e-01
7.842520000000000602e-01 2.162462500000000010e-01 4.709983649999999744e-01
7.832370000000000720e-01 2.102732499999999949e-01 4.688934750000000040e-01
7.965072500000000000e-01 2.209777500000000006e-01 4.717741102499999895e-01
7.956015000000000725e-01 2.148112500000000091e-01 4.696722474999999730e-01
7.947785000000000544e-01 2.086709999999999954e-01 4.675745499999999777e-01
8.079015000000000502e-01 2.196675000000000155e-01 4.711658099999999627e-01
8.070530000000000204e-01 2.133540000000000159e-01 4.690542999999999796e-01
8.063974999999999893e-01 2.070450000000000068e-01 4.669732749999999655e-01
8.197975000000000678e-01 2.181172500000000125e-01 4.712968449999999643e-01
8.188945000000000807e-01 2.116367500000000124e-01 4.691700500000000051e-01
8.181355000000000155e-01 2.051172500000000010e-01 4.670798250000000040e-01
8.316405000000000047e-01 2.165289999999999992e-01 4.721868242499999702e-01
8.307272500000000282e-01 2.097402500000000169e-01 4.700055099999999597e-01
8.299272500000000052e-01 2.028817499999999996e-01 4.678592249999999897e-01
8.428800000000000736e-01 2.153397499999999964e-01 4.738928624999999561e-01
8.419815000000000493e-01 2.079822500000000074e-01 4.715702674999999733e-01
8.411850000000000716e-01 2.004892500000000077e-01 4.692726999999999871e-01
8.526679999999999815e-01 2.159962500000000007e-01 4.757403999999999522e-01
8.516717500000000607e-01 2.075660000000000005e-01 4.731094074999999677e-01
8.503807500000000186e-01 1.991167500000000090e-01 4.704813674999999695e-01
8.624375000000000790e-01 2.164419999999999955e-01 4.768888249999999607e-01
8.617402499999999854e-01 2.070145000000000179e-01 4.740114874999999950e-01
8.606112500000000498e-01 1.976645000000000207e-01 4.711472699999999514e-01
8.720760000000000733e-01 2.187297500000000006e-01 4.776874249999999988e-01
8.712397499999999795e-01 2.075410000000000033e-01 4.742932749999999587e-01
8.698762500000000175e-01 1.968757500000000160e-01 4.710143199999999863e-01
8.787395000000000067e-01 2.198480000000000156e-01 4.779539749999999754e-01
8.799482499999999874e-01 2.086610000000000131e-01 4.745023999999999909e-01
8.804819999999999869e-01 1.979247500000000382e-01 4.711598174999999666e-01
8.894762500000000793e-01 2.195642500000000163e-01 4.764122749999999962e-01
8.903110000000000746e-01 2.103817500000000063e-01 4.735796424999999532e-01
8.910377500000000728e-01 2.013117500000000115e-01 4.707367274999999518e-01
9.009415000000000617e-01 2.202222500000000083e-01 4.750447999999999893e-01
9.016802500000000720e-01 2.120132500000000142e-01 4.725009999999999488e-01
9.023645000000000138e-01 2.038212500000000094e-01 4.699405224999999575e-01
9.237779999999999880e-01 2.150559999999999972e-01 4.703765849999999582e-01
