7.839467500000000255e-01 1.046525000000000094e-01 5.278192499999999621e-01
8.155757500000000437e-01 7.087287500000001572e-02 5.224214999999999831e-01
8.048572500000000796e-01 6.618592500000000656e-02 5.180715000000000181e-01
7.941612500000000407e-01 6.150012500000000965e-02 5.136950000000000127e-01
8.211962500000000720e-01 6.107870000000001354e-02 5.198199999999999488e-01
8.102257500000000778e-01 5.627720000000001332e-02 5.153710000000000235e-01
7.994172500000000792e-01 5.151540000000000286e-02 5.109325000000000117e-01
8.260050000000001003e-01 5.139737500000000903e-02 5.169819999999999416e-01
8.155514999999999848e-01 4.641725000000000712e-02 5.125962499999999755e-01
8.046340000000000714e-01 4.086950000000000999e-02 5.078002499999999531e-01
8.316212500000000896e-01 4.088650000000001311e-02 5.138572499999999321e-01
8.215630000000000432e-01 3.625300000000001438e-02 5.097242499999999898e-01
8.111600000000001032e-01 3.129175000000001400e-02 5.052759999999999474e-01
8.368600000000000483e-01 3.072975000000001400e-02 5.101544999999999552e-01
8.268722500000000863e-01 2.662125000000001296e-02 5.062869999999999315e-01
8.169187500000000268e-01 2.216900000000000814e-02 5.021590000000000220e-01
8.421502499999999891e-01 2.046000000000001290e-02 5.059512499999999635e-01
8.321222500000000633e-01 1.708925000000001415e-02 5.024522499999999336e-01
8.222862499999999963e-01 1.339400000000001006e-02 4.987199999999999966e-01
8.477205000000000990e-01 1.005200000000001925e-02 5.018394999999999939e-01
8.373417499999999958e-01 7.220000000000018070e-03 4.985797499999999882e-01
8.273862499999999898e-01 3.960500000000005683e-03 4.950591249999999888e-01
8.521337500000000231e-01 -1.805249999999980481e-03 4.972714999999999774e-01
8.414592499999999919e-01 -3.182499999999977014e-03 4.945106999999999697e-01
8.309675000000000811e-01 -4.945249999999984380e-03 4.914116499999999776e-01
8.547652500000000320e-01 -1.395924999999997862e-02 4.928603999999999763e-01
8.440450000000000452e-01 -1.388674999999997550e-02 4.903907249999999718e-01
8.332885000000000986e-01 -1.438949999999998564e-02 4.876925999999999761e-01
8.557875000000000343e-01 -2.665999999999997538e-02 4.892911749999999671e-01
8.451072500000000876e-01 -2.515974999999998074e-02 4.870370499999999714e-01
8.341917500000000096e-01 -2.444324999999998582e-02 4.845407749999999791e-01
8.565460000000000296e-01 -3.727374999999998051e-02 4.871575749999999538e-01
8.458630000000000315e-01 -3.580749999999997824e-02 4.847669000000000006e-01
8.351655000000000051e-01 -3.478074999999998529e-02 4.824673749999999761e-01
8.571800000000000530e-01 -4.794999999999997875e-02 4.850259749999999981e-01
8.463770000000000460e-01 -4.626749999999997531e-02 4.830804749999999537e-01
8.357050000000000312e-01 -4.511424999999998076e-02 4.812497749999999908e-01
8.567212500000001008e-01 -5.728074999999999140e-02 4.829835249999999691e-01
8.465792500000000054e-01 -5.604375000000000329e-02 4.805398249999999760e-01
8.362687500000001162e-01 -5.466799999999999438e-02 4.783010749999999645e-01
8.562567500000000109e-01 -6.692124999999998769e-02 4.803386749999999927e-01
8.462487499999999940e-01 -6.535574999999999024e-02 4.781362499999999849e-01
8.359120000000000994e-01 -6.434899999999998954e-02 4.753375499999999976e-01
8.553360000000000962e-01 -7.682324999999998183e-02 4.772862249999999529e-01
8.456290000000000751e-01 -7.602649999999999686e-02 4.743348324999999699e-01
8.357355000000000755e-01 -7.543574999999999586e-02 4.711924549999999545e-01
8.554152500000000714e-01 -8.659574999999999911e-02 4.749132999999999827e-01
8.459270000000000955e-01 -8.722099999999999298e-02 4.712340824999999844e-01
8.362960000000000393e-01 -8.767600000000000393e-02 4.675542499999999491e-01
8.566072500000000423e-01 -9.629499999999999171e-02 4.737580049999999821e-01
8.475067499999999754e-01 -9.859324999999999339e-02 4.694276249999999595e-01
8.383782500000001026e-01 -1.004089999999999983e-01 4.651874999999999760e-01
8.589265000000000372e-01 -1.082852499999999996e-01 4.737331024999999474e-01
8.502655000000000074e-01 -1.106552499999999828e-01 4.688486499999999779e-01
8.416902500000000842e-01 -1.130867499999999859e-01 4.640901249999999645e-01
8.615734999999999921e-01 -1.201002499999999917e-01 4.744998500000000008e-01
8.534852500000000841e-01 -1.230247499999999883e-01 4.691194499999999934e-01
8.454657500000000159e-01 -1.258630000000000027e-01 4.638819999999999610e-01
8.643242500000000161e-01 -1.317927499999999863e-01 4.756067999999999962e-01
8.567489999999999828e-01 -1.353044999999999942e-01 4.699030074999999695e-01
8.493330000000000046e-01 -1.383777499999999938e-01 4.643530749999999485e-01
8.666690000000000227e-01 -1.450479999999999825e-01 4.771477749999999962e-01
8.595375000000000654e-01 -1.478047499999999848e-01 4.708137024999999865e-01
8.525365000000000304e-01 -1.507027499999999964e-01 4.645567499999999628e-01
8.681307500000000621e-01 -1.580054999999999932e-01 4.786725249999999598e-01
8.615432500000000937e-01 -1.602252499999999857e-01 4.716733199999999515e-01
8.550400000000000222e-01 -1.626070000000000015e-01 4.647265250000000014e-01
8.686785000000001311e-01 -1.706524999999999848e-01 4.801164749999999870e-01
8.626225000000000698e-01 -1.724147500000000055e-01 4.725554674999999927e-01
8.566257500000000746e-01 -1.745150000000000035e-01 4.650419749999999963e-01
8.687880000000001157e-01 -1.831145000000000134e-01 4.814821999999999713e-01
8.630130000000000301e-01 -1.841820000000000124e-01 4.736163474999999790e-01
8.572402500000000369e-01 -1.858695000000000208e-01 4.658382749999999684e-01
8.684295000000000764e-01 -1.947344999999999771e-01 4.819847999999999910e-01
8.628970000000000251e-01 -1.946694999999999953e-01 4.739790899999999918e-01
8.572727500000001388e-01 -1.949319999999999942e-01 4.661252999999999647e-01
8.654955000000000842e-01 -2.056919999999999860e-01 4.824952750000000012e-01
8.605057500000000692e-01 -2.043570000000000109e-01 4.743212924999999913e-01
8.553010000000000890e-01 -2.030420000000000003e-01 4.663244999999999751e-01
8.599300000000000832e-01 -2.155544999999999822e-01 4.829697249999999609e-01
8.557485000000000230e-01 -2.127094999999999958e-01 4.747416250000000004e-01
8.511587500000000750e-01 -2.099719999999999920e-01 4.666296249999999923e-01
8.521125000000000504e-01 -2.241945000000000188e-01 4.833562999999999610e-01
8.486092500000000927e-01 -2.208769999999999900e-01 4.746599499999999972e-01
8.444822500000001009e-01 -2.176695000000000157e-01 4.663244749999999605e-01
8.431037500000000406e-01 -2.310070000000000179e-01 4.843833499999999903e-01
8.399242500000000389e-01 -2.266619999999999746e-01 4.754363999999999812e-01
8.361972500000001141e-01 -2.231119999999999770e-01 4.665993499999999683e-01
8.315250000000000696e-01 -2.350094999999999823e-01 4.873517499999999725e-01
8.290820000000000967e-01 -2.303195000000000103e-01 4.774500999999999884e-01
8.262960000000000305e-01 -2.264820000000000166e-01 4.676633749999999923e-01
8.193165000000000031e-01 -2.354895000000000183e-01 4.909877999999999743e-01
8.180117500000000375e-01 -2.302845000000000031e-01 4.794726500000000002e-01
8.166970000000000063e-01 -2.250594999999999679e-01 4.678464249999999547e-01
8.075897499999999951e-01 -2.356219999999999981e-01 4.922243999999999509e-01
8.061160000000000547e-01 -2.288370000000000126e-01 4.818888249999999651e-01
8.047420000000000684e-01 -2.212870000000000115e-01 4.720736544999999951e-01
7.943360000000000420e-01 -2.346694999999999753e-01 4.924353999999999676e-01
7.942615000000000647e-01 -2.285920000000000174e-01 4.832618999999999665e-01
7.948482500000000339e-01 -2.220495000000000108e-01 4.740102399999999716e-01
7.808570000000000233e-01 -2.333069999999999866e-01 4.892855999999999872e-01
7.818517500000000675e-01 -2.279519999999999880e-01 4.807314749999999637e-01
7.834105000000000096e-01 -2.230670000000000153e-01 4.721660852499999783e-01
7.697855000000000114e-01 -2.316145000000000009e-01 4.861751749999999594e-01
7.725370000000000292e-01 -2.270570000000000088e-01 4.785157999999999912e-01
7.750200000000000422e-01 -2.225469999999999948e-01 4.708370524999999640e-01
7.606755000000000599e-01 -2.257945000000000091e-01 4.844126749999999593e-01
7.640987500000000487e-01 -2.218569999999999709e-01 4.770911250000000048e-01
7.673802500000000970e-01 -2.178620000000000001e-01 4.698887999999999954e-01
7.519150000000001111e-01 -2.189369999999999927e-01 4.840650499999999967e-01
7.557297500000000889e-01 -2.154269999999999796e-01 4.770121499999999681e-01
7.596140000000000114e-01 -2.118919999999999693e-01 4.700802124999999831e-01
7.429940000000000433e-01 -2.094845000000000179e-01 4.834401999999999866e-01
7.470910000000000606e-01 -2.062919999999999754e-01 4.765869999999999829e-01
7.511647500000000477e-01 -2.030044999999999766e-01 4.698589149999999881e-01
7.354955750000000680e-01 -1.984020000000000228e-01 4.839056250000000059e-01
7.397975000000001078e-01 -1.956244999999999790e-01 4.772602249999999824e-01
7.439520000000000577e-01 -1.926094999999999891e-01 4.706997399999999776e-01
7.298291250000000785e-01 -1.864419999999999966e-01 4.851920750000000004e-01
7.341987750000000812e-01 -1.840019999999999989e-01 4.787133249999999673e-01
7.383739500000000566e-01 -1.812469999999999914e-01 4.723246474999999722e-01
7.261494000000000559e-01 -1.749350000000000072e-01 4.858310499999999865e-01
7.308077250000000191e-01 -1.732199999999999851e-01 4.794408000000000003e-01
7.353938250000000565e-01 -1.713212500000000083e-01 4.731161425000000031e-01
7.224178500000000280e-01 -1.632292499999999924e-01 4.848746499999999626e-01
7.274295750000000504e-01 -1.622312499999999935e-01 4.786763749999999873e-01
7.324671500000000668e-01 -1.611624999999999863e-01 4.724918674999999957e-01
7.189280750000001108e-01 -1.515235000000000054e-01 4.823641499999999915e-01
7.244586500000000928e-01 -1.511057499999999831e-01 4.766550999999999982e-01
7.300848750000000775e-01 -1.507560000000000011e-01 4.708399050000000030e-01
7.149116400000000704e-01 -1.396489999999999954e-01 4.798463749999999917e-01
7.208341250000001033e-01 -1.392432499999999851e-01 4.747429749999999560e-01
7.267183000000000392e-01 -1.388419999999999932e-01 4.695978699999999728e-01
7.116936000000000373e-01 -1.271009999999999918e-01 4.773851000000000067e-01
7.180209250000000321e-01 -1.269402500000000045e-01 4.729666200000000043e-01
7.243284250000000535e-01 -1.267959999999999920e-01 4.685410999999999881e-01
7.100038500000001029e-01 -1.139394999999999991e-01 4.752423249999999655e-01
7.166211749999999991e-01 -1.143554999999999988e-01 4.715490224999999702e-01
7.232328000000000090e-01 -1.147332500000000088e-01 4.678504749999999879e-01
7.102063750000000564e-01 -1.002837500000000048e-01 4.731771424999999809e-01
7.169922499999999976e-01 -1.013887499999999997e-01 4.701991924999999739e-01
7.237747500000000223e-01 -1.024692499999999840e-01 4.672276999999999680e-01
7.121901650000000972e-01 -8.670824999999998672e-02 4.714354725000000079e-01
7.189922499999999994e-01 -8.853349999999998721e-02 4.691323000000000021e-01
7.258130250000000006e-01 -9.030925000000000757e-02 4.668352499999999794e-01
7.157968800000000797e-01 -7.345350000000000490e-02 4.700007874999999613e-01
7.224493250000000311e-01 -7.608475000000000654e-02 4.682011500000000104e-01
7.292005500000000584e-01 -7.860024999999998263e-02 4.663927499999999671e-01
7.196810750000000034e-01 -6.275500000000000522e-02 4.677434249999999905e-01
7.264506250000000165e-01 -6.501574999999998328e-02 4.666132249999999648e-01
7.332647000000001025e-01 -6.728575000000000528e-02 4.654836499999999710e-01
7.228382000000000973e-01 -5.222925000000000484e-02 4.656469500000000039e-01
7.297720250000000464e-01 -5.380450000000000510e-02 4.650171999999999639e-01
7.367399750000001024e-01 -5.538275000000000836e-02 4.644234999999999891e-01
7.245044500000000776e-01 -4.153724999999999778e-02 4.647526999999999631e-01
7.315315500000000304e-01 -4.216674999999998896e-02 4.644595749999999579e-01
7.385733250000000583e-01 -4.282199999999999895e-02 4.643026499999999834e-01
7.246771000000000740e-01 -3.015624999999999556e-02 4.645675249999999812e-01
7.316562500000000080e-01 -3.003199999999998926e-02 4.637921999999999878e-01
7.386578250000001011e-01 -2.980649999999999966e-02 4.641306749999999925e-01
7.236589500000000230e-01 -1.764149999999999052e-02 4.647016250000000070e-01
7.305684250000000768e-01 -1.671049999999998925e-02 4.644092749999999548e-01
7.374699500000000407e-01 -1.576074999999999005e-02 4.643367749999999794e-01
7.216636250000000308e-01 -4.850499999999993705e-03 4.656501249999999703e-01
7.284370000000000012e-01 -3.369999999999997997e-03 4.654806499999999958e-01
7.351671250000000324e-01 -1.782999999999992924e-03 4.653211499999999612e-01
7.187417000000000389e-01 7.136000000000003451e-03 4.685487999999999875e-01
7.253571000000000879e-01 9.387000000000006450e-03 4.684836749999999883e-01
7.319724250000000376e-01 1.146075000000000566e-02 4.682928249999999681e-01
7.154461699999999924e-01 1.988975000000000465e-02 4.695450700000000088e-01
7.221035250000000794e-01 2.201600000000000779e-02 4.691901499999999725e-01
7.287311000000000760e-01 2.406200000000000699e-02 4.690924750000000087e-01
7.110871250000000421e-01 3.169650000000000245e-02 4.685577249999999805e-01
7.185832000000000885e-01 3.425150000000000416e-02 4.677856249999999827e-01
7.259550250000000871e-01 3.636850000000000499e-02 4.673250999999999933e-01
7.082952000000000137e-01 4.602500000000000341e-02 4.700064674999999692e-01
7.168768000000000917e-01 4.833975000000000077e-02 4.689099749999999789e-01
7.252338000000000395e-01 4.993417500000000425e-02 4.679951749999999855e-01
7.058671499999999988e-01 5.910665000000000363e-02 4.698027699999999807e-01
7.162876450000000839e-01 6.126285000000000758e-02 4.681763999999999926e-01
7.267611750000000370e-01 6.370865000000000555e-02 4.671927249999999754e-01
7.058104250000000190e-01 7.306911250000000524e-02 4.678769999999999873e-01
7.169377900000000192e-01 7.340253250000000618e-02 4.696468874999999987e-01
7.312015500000000889e-01 7.177016750000000944e-02 4.716526449999999815e-01
7.094042750000000286e-01 8.440895000000001036e-02 4.700093274999999626e-01
7.185550250000000139e-01 8.440340000000000342e-02 4.714532424999999805e-01
7.285951500000000802e-01 8.444577500000000070e-02 4.714111999999999747e-01
7.125070850000000400e-01 9.678582500000000588e-02 4.712923149999999617e-01
7.202045500000000544e-01 9.702402499999999985e-02 4.721399827499999646e-01
7.278017750000000952e-01 9.771665000000000212e-02 4.721352369999999854e-01
7.137422775000000774e-01 1.095572499999999949e-01 4.721015177499999771e-01
7.205212250000000429e-01 1.099350000000000049e-01 4.724377174999999651e-01
7.273371750000000580e-01 1.104852500000000071e-01 4.725624099999999883e-01
7.145467377499999939e-01 1.227082500000000048e-01 4.727384774999999761e-01
7.210425249999999897e-01 1.231787500000000035e-01 4.726491824999999869e-01
7.275454500000000380e-01 1.237247499999999945e-01 4.725134574999999559e-01
7.150468025000000782e-01 1.363062500000000177e-01 4.728762699999999874e-01
7.213201750000000079e-01 1.366430000000000144e-01 4.724050074999999738e-01
7.275955250000000207e-01 1.370775000000000188e-01 4.719003029999999654e-01
7.150032500000000901e-01 1.492612500000000120e-01 4.728249299999999766e-01
7.211511500000000741e-01 1.496284999999999976e-01 4.720104550750000016e-01
7.272524250000000912e-01 1.500057499999999933e-01 4.711666899999999991e-01
7.153141725000000672e-01 1.626670000000000060e-01 4.728301174999999801e-01
7.213220000000000187e-01 1.627177499999999943e-01 4.716267524999999683e-01
7.273390499999999870e-01 1.626934999999999909e-01 4.704129624999999759e-01
7.158211575000000826e-01 1.763125000000000109e-01 4.732427375000000103e-01
7.217107750000000266e-01 1.764455000000000051e-01 4.715461649999999616e-01
7.276113000000000719e-01 1.765642500000000059e-01 4.698417574999999569e-01
7.162828300000000370e-01 1.899007500000000070e-01 4.743452300000000066e-01
7.219703000000000648e-01 1.901277499999999843e-01 4.721250587499999929e-01
7.276529750000000352e-01 1.903989999999999849e-01 4.698913299999999960e-01
7.165989100000000889e-01 2.029962500000000170e-01 4.761174999999999713e-01
7.220187250000000834e-01 2.032125000000000181e-01 4.734690049999999983e-01
7.274419500000000038e-01 2.034897499999999970e-01 4.707433449999999797e-01
7.165954700000000122e-01 2.160287499999999916e-01 4.780770500000000034e-01
7.217613000000000500e-01 2.162087500000000051e-01 4.756111999999999562e-01
7.268475750000000790e-01 2.165195000000000036e-01 4.723781349999999768e-01
7.170655750000000106e-01 2.283185000000000076e-01 4.812173249999999736e-01
7.217768250000000663e-01 2.285952499999999998e-01 4.776237499999999581e-01
7.264865000000000350e-01 2.288887500000000019e-01 4.739475624999999748e-01
7.169612499999999944e-01 2.413069999999999937e-01 4.841757250000000012e-01
7.213182000000000205e-01 2.413555000000000006e-01 4.799919749999999596e-01
7.256799250000000034e-01 2.415585000000000093e-01 4.758275499999999880e-01
7.178594999999999837e-01 2.548880000000000035e-01 4.856646499999999755e-01
7.218395750000000666e-01 2.548055000000000181e-01 4.811373250000000046e-01
7.258187500000000680e-01 2.547734999999999861e-01 4.766165249999999576e-01
7.179642500000000815e-01 2.685720000000000329e-01 4.876225499999999879e-01
7.215982000000000784e-01 2.683404999999999818e-01 4.827827000000000091e-01
7.252559250000000235e-01 2.681025000000000214e-01 4.779359999999999720e-01
7.172960750000000330e-01 2.815317499999999695e-01 4.882484500000000005e-01
7.208751500000000201e-01 2.812135000000000051e-01 4.832978499999999733e-01
7.244157250000000658e-01 2.809462500000000085e-01 4.783300500000000066e-01
7.165477125000000447e-01 2.937937499999999647e-01 4.894249749999999843e-01
7.200306250000000352e-01 2.935427499999999634e-01 4.843338500000000102e-01
7.234962999999999811e-01 2.933577499999999727e-01 4.792378999999999944e-01
7.148784850000000635e-01 3.056139999999999968e-01 4.898991999999999791e-01
7.182156000000000651e-01 3.055457500000000048e-01 4.846039749999999646e-01
7.215382000000000184e-01 3.056337500000000373e-01 4.793170999999999959e-01
7.117013250000000513e-01 3.177729999999999722e-01 4.906523999999999885e-01
7.149163900000000682e-01 3.178812500000000041e-01 4.851514999999999578e-01
7.180735249999999903e-01 3.182017500000000054e-01 4.796886249999999796e-01
7.089832500000000648e-01 3.315704999999999902e-01 4.918158499999999989e-01
7.121184550000000391e-01 3.318480000000000318e-01 4.861540999999999779e-01
7.151310575000000558e-01 3.323929999999999940e-01 4.805254999999999943e-01
7.039567749999999791e-01 3.455630000000000090e-01 4.925045499999999854e-01
7.067241000000000772e-01 3.462855000000000238e-01 4.866792999999999814e-01
7.092951750000000555e-01 3.473105000000000220e-01 4.808125500000000052e-01
6.948218750000000332e-01 3.589080000000000048e-01 4.925347499999999656e-01
6.969377250000000634e-01 3.601830000000000309e-01 4.864321500000000076e-01
6.989075750000000031e-01 3.616380000000000150e-01 4.802876749999999695e-01
6.824065000000000270e-01 3.664405000000000023e-01 4.917913749999999751e-01
6.837205000000000643e-01 3.682929999999999815e-01 4.853848499999999788e-01
6.849662499999999987e-01 3.699454999999999827e-01 4.789334000000000091e-01
6.701084999999999958e-01 3.677104999999999957e-01 4.913862999999999981e-01
6.706380000000000674e-01 3.697079999999999811e-01 4.846143749999999861e-01
6.711065000000000502e-01 3.714430000000000232e-01 4.778368749999999943e-01
6.595982500000000526e-01 3.637929999999999775e-01 4.917002249999999908e-01
6.592797500000000532e-01 3.655780000000000141e-01 4.843103749999999597e-01
6.592350000000000154e-01 3.672079999999999789e-01 4.768865499999999646e-01
6.504442500000000571e-01 3.580430000000000001e-01 4.926885500000000029e-01
6.499427500000000135e-01 3.599205000000000321e-01 4.843655000000000044e-01
6.493912500000000865e-01 3.615805000000000269e-01 4.760258250000000135e-01
6.434094999999999676e-01 3.516905000000000170e-01 4.938791499999999890e-01
6.424222500000000835e-01 3.533155000000000046e-01 4.841707749999999977e-01
6.412575000000000358e-01 3.548655000000000004e-01 4.744179699999999666e-01
6.387647499999999923e-01 3.435655000000000237e-01 4.968578249999999752e-01
6.373020000000000351e-01 3.450555000000000150e-01 4.848399999999999932e-01
6.355602500000000488e-01 3.465104999999999991e-01 4.734801925000000078e-01
6.373447500000000154e-01 3.314754999999999785e-01 4.954960999999999949e-01
6.342177500000000245e-01 3.341204999999999870e-01 4.840344500000000050e-01
6.317120000000000513e-01 3.368380000000000263e-01 4.729631624999999784e-01
6.339155000000000761e-01 3.233995000000000064e-01 4.920372749999999962e-01
6.315182500000000587e-01 3.251780000000000226e-01 4.832969749999999620e-01
6.291112500000000107e-01 3.262680000000000025e-01 4.745398499999999853e-01
6.329232500000000483e-01 3.131967500000000237e-01 4.894425249999999616e-01
6.308035000000000725e-01 3.136477500000000029e-01 4.821818749999999820e-01
6.286095000000000432e-01 3.136944999999999872e-01 4.748453249999999848e-01
6.332322500000000520e-01 3.026065000000000005e-01 4.899266250000000045e-01
6.310255000000000170e-01 3.018512500000000154e-01 4.835480749999999661e-01
6.288325000000000164e-01 3.008429999999999715e-01 4.772270750000000006e-01
6.363524999999999876e-01 2.918979999999999908e-01 4.912081249999999955e-01
6.339657499999999946e-01 2.903207500000000163e-01 4.853367499999999835e-01
6.316362500000000102e-01 2.885637500000000077e-01 4.795261000000000107e-01
6.407992500000000424e-01 2.812862500000000154e-01 4.927971749999999762e-01
6.384214999999999751e-01 2.792697499999999833e-01 4.871649499999999855e-01
6.361025000000000151e-01 2.771142500000000064e-01 4.816043749999999735e-01
6.448390000000000510e-01 2.702829999999999955e-01 4.947817499999999646e-01
6.422917500000000501e-01 2.680460000000000065e-01 4.893307499999999810e-01
6.398487500000000772e-01 2.655874999999999764e-01 4.839679000000000064e-01
6.489052499999999890e-01 2.619790000000000174e-01 4.958722249999999998e-01
6.464347500000000579e-01 2.590012500000000162e-01 4.907998499999999820e-01
6.439942499999999903e-01 2.559687499999999671e-01 4.857403999999999611e-01
6.551757500000000567e-01 2.550430000000000197e-01 4.958925999999999612e-01
6.529402499999999998e-01 2.517165000000000097e-01 4.912466500000000069e-01
6.507660000000000666e-01 2.483855000000000091e-01 4.865753749999999767e-01
6.633050000000000335e-01 2.501522499999999649e-01 4.949892499999999917e-01
6.612022499999999914e-01 2.463652500000000078e-01 4.903414749999999711e-01
6.591242500000000781e-01 2.426085000000000047e-01 4.856816499999999648e-01
6.723667500000000130e-01 2.449965000000000059e-01 4.941377249999999721e-01
6.705237500000000850e-01 2.411050000000000137e-01 4.897584500000000118e-01
6.686812500000000048e-01 2.372117499999999990e-01 4.853631749999999800e-01
6.818420000000000591e-01 2.414245000000000141e-01 4.924230499999999733e-01
6.801255000000000495e-01 2.373460000000000014e-01 4.881339000000000095e-01
6.783917500000000711e-01 2.332720000000000071e-01 4.838326000000000016e-01
6.917729000000000239e-01 2.391472500000000057e-01 4.900074500000000111e-01
6.904318249999999990e-01 2.347424999999999928e-01 4.858443499999999804e-01
6.890452500000000535e-01 2.303600000000000092e-01 4.816880749999999933e-01
7.025855000000000850e-01 2.362215000000000009e-01 4.889410999999999619e-01
7.011499749999999809e-01 2.315777499999999989e-01 4.851632249999999758e-01
6.997250250000000005e-01 2.269289999999999918e-01 4.813834750000000051e-01
7.135723775000000213e-01 2.337902500000000050e-01 4.869980250000000011e-01
7.121054924999999924e-01 2.288157500000000122e-01 4.836424249999999869e-01
7.107129500000000100e-01 2.237085000000000046e-01 4.809384749999999764e-01
7.244832749999999821e-01 2.318482500000000057e-01 4.843957999999999875e-01
7.230751499999999998e-01 2.266114999999999935e-01 4.815071750000000095e-01
7.216874500000000081e-01 2.213057499999999955e-01 4.789590749999999564e-01
7.356167250000000823e-01 2.300712500000000049e-01 4.817891999999999730e-01
7.342825250000000192e-01 2.245365000000000000e-01 4.792319749999999767e-01
7.329360500000000611e-01 2.190007499999999940e-01 4.766707499999999764e-01
7.467145000000000588e-01 2.283762500000000029e-01 4.794142499999999862e-01
7.455762500000000514e-01 2.226825000000000054e-01 4.771498249999999719e-01
7.444365000000000565e-01 2.170032500000000086e-01 4.748831499999999761e-01
7.578934999999999977e-01 2.269597500000000156e-01 4.776160999999999879e-01
7.569885000000000641e-01 2.211172500000000152e-01 4.755092749999999535e-01
7.560545000000000737e-01 2.153022500000000006e-01 4.734201149999999747e-01
7.699897500000000283e-01 2.255959999999999910e-01 4.760763999999999552e-01
7.689997500000000930e-01 2.196592500000000003e-01 4.741637974999999838e-01
7.680347499999999883e-01 2.137387500000000051e-01 4.722544974999999812e-01
7.819917499999999855e-01 2.240907500000000052e-01 4.746682499999999583e-01
7.810042500000000665e-01 2.179885000000000017e-01 4.728588099999999628e-01
7.800550000000000539e-01 2.118990000000000040e-01 4.710448700000000044e-01
7.938932499999999948e-01 2.225597500000000006e-01 4.734311474999999825e-01
7.929307500000000175e-01 2.163019999999999943e-01 4.716327724999999638e-01
7.920357500000000384e-01 2.100690000000000057e-01 4.698282549999999724e-01
8.057342499999999852e-01 2.209740000000000038e-01 4.723260474999999570e-01
8.047437499999999799e-01 2.145795000000000063e-01 4.705291774999999510e-01
8.038600000000000190e-01 2.082019999999999982e-01 4.687287499999999718e-01
8.172692500000000582e-01 2.192667500000000103e-01 4.714377824999999578e-01
8.161025000000000640e-01 2.127217500000000150e-01 4.696512649999999844e-01
8.150110000000000410e-01 2.061487499999999917e-01 4.678505749999999908e-01
8.285957500000000753e-01 2.174655000000000060e-01 4.710792574999999593e-01
8.273105000000000597e-01 2.106234999999999913e-01 4.692536999999999958e-01
8.260625000000000329e-01 2.037197500000000050e-01 4.673966249999999545e-01
8.395780000000000465e-01 2.160205000000000042e-01 4.715829624999999803e-01
8.382172500000000248e-01 2.086097500000000105e-01 4.696203799999999484e-01
8.368422500000000097e-01 2.010682500000000039e-01 4.675990499999999606e-01
8.497132499999999755e-01 2.164284999999999959e-01 4.728963424999999554e-01
8.483392499999999892e-01 2.079172499999999979e-01 4.706768524999999648e-01
8.466465000000000796e-01 1.994009999999999949e-01 4.684185249999999745e-01
8.597727500000000855e-01 2.165362500000000134e-01 4.746851249999999856e-01
8.588377500000000664e-01 2.069877499999999981e-01 4.723040724999999496e-01
8.575157500000000210e-01 1.975280000000000369e-01 4.699157499999999654e-01
8.696550000000000669e-01 2.186180000000000068e-01 4.762619249999999749e-01
8.687712499999999949e-01 2.072839999999999960e-01 4.733726224999999510e-01
8.673650000000000526e-01 1.964827500000000116e-01 4.706585549999999785e-01
8.764827500000000882e-01 2.195755000000000068e-01 4.773552499999999532e-01
8.778280000000000527e-01 2.081775000000000153e-01 4.747405249999999688e-01
8.785997500000000127e-01 1.972442500000000098e-01 4.722784649999999806e-01
8.873050000000000104e-01 2.190515000000000101e-01 4.772061999999999693e-01
8.882745000000000779e-01 2.096975000000000089e-01 4.750672249999999819e-01
8.891827500000000217e-01 2.004517500000000119e-01 4.729793174999999961e-01
8.988525000000000542e-01 2.194720000000000004e-01 4.772600249999999766e-01
8.997235000000000094e-01 2.111072499999999963e-01 4.753507749999999477e-01
9.005612499999999798e-01 2.027545000000000042e-01 4.734619774999999642e-01
9.219690000000000385e-01 2.137207500000000149e-01 4.758592749999999705e-01
