8.310372500000000606e-01 1.020750000000000129e-01 5.125174999999999592e-01
8.518532500000000063e-01 6.134135000000001670e-02 5.038039999999999186e-01
8.396677500000000460e-01 5.931160000000001292e-02 5.020722499999999977e-01
8.274837500000000734e-01 5.730422500000001418e-02 5.003977499999999745e-01
8.542945000000000677e-01 5.036827500000001095e-02 5.010167500000000107e-01
8.418285000000000906e-01 4.826950000000000685e-02 4.992399999999999616e-01
8.295080000000000231e-01 4.623650000000001370e-02 4.975392499999999885e-01
8.559450000000000669e-01 3.974775000000001224e-02 4.982384999999999731e-01
8.439392500000000297e-01 3.727650000000001101e-02 4.963731499999999852e-01
8.312300000000000244e-01 3.459950000000001219e-02 4.945893249999999686e-01
8.581097500000000045e-01 2.847575000000001494e-02 4.951351749999999829e-01
8.466137500000000538e-01 2.630600000000000993e-02 4.933924499999999824e-01
8.346242500000000675e-01 2.403525000000001494e-02 4.917564499999999561e-01
8.598609999999999864e-01 1.768250000000001071e-02 4.914871249999999692e-01
8.486145000000000493e-01 1.602800000000001446e-02 4.899452499999999988e-01
8.372465000000000046e-01 1.415675000000000960e-02 4.884886999999999979e-01
8.614652500000000712e-01 6.771500000000013619e-03 4.872371499999999522e-01
8.504435000000000189e-01 5.840750000000019537e-03 4.860044249999999622e-01
8.394582500000000724e-01 4.712000000000021727e-03 4.849019749999999851e-01
8.632682500000000703e-01 -4.286249999999977578e-03 4.826810749999999595e-01
8.520997500000000446e-01 -4.664499999999988100e-03 4.818088499999999552e-01
8.411420000000000563e-01 -5.434749999999988201e-03 4.805195749999999766e-01
8.637642500000000112e-01 -1.624949999999998618e-02 4.775547749999999869e-01
8.527080000000000215e-01 -1.528124999999998235e-02 4.769764249999999817e-01
8.416567500000000646e-01 -1.460124999999998230e-02 4.760429999999999939e-01
8.626822499999999838e-01 -2.801649999999998586e-02 4.732883974999999577e-01
8.518240000000000256e-01 -2.593974999999998365e-02 4.726677874999999918e-01
8.408562500000000828e-01 -2.414974999999998373e-02 4.719128169999999844e-01
8.605177500000000812e-01 -3.999624999999998320e-02 4.703397624999999804e-01
8.498212499999999725e-01 -3.707474999999997578e-02 4.694418999999999675e-01
8.389337500000000336e-01 -3.434074999999997546e-02 4.685844499999999857e-01
8.578077500000000910e-01 -5.207549999999999679e-02 4.683864249999999951e-01
8.474574999999999747e-01 -4.856524999999997649e-02 4.672371749999999491e-01
8.369775000000000409e-01 -4.531874999999997711e-02 4.663061000000000011e-01
8.545584999999999987e-01 -6.406799999999998607e-02 4.673621499999999762e-01
8.445172499999999971e-01 -6.008025000000000171e-02 4.657139249999999731e-01
8.342907500000000809e-01 -5.645125000000000837e-02 4.642936749999999613e-01
8.512830000000000119e-01 -7.418974999999999875e-02 4.673183249999999789e-01
8.413240000000000718e-01 -7.109825000000000172e-02 4.650282249999999618e-01
8.313560000000000949e-01 -6.800624999999999032e-02 4.628181999999999574e-01
8.485409999999999897e-01 -8.478774999999999507e-02 4.676422999999999552e-01
8.387470000000000203e-01 -8.208850000000000868e-02 4.649071499999999912e-01
8.287935000000000718e-01 -7.979700000000000681e-02 4.621697750000000049e-01
8.462575000000001069e-01 -9.593399999999999150e-02 4.678482249999999509e-01
8.365472500000000755e-01 -9.425775000000000126e-02 4.644906749999999640e-01
8.268100000000000449e-01 -9.271999999999999686e-02 4.611519000000000035e-01
8.447957500000000675e-01 -1.071872499999999839e-01 4.684569999999999568e-01
8.352170000000000982e-01 -1.066222500000000017e-01 4.644987749999999749e-01
8.256792500000000867e-01 -1.059519999999999906e-01 4.605197499999999500e-01
8.439710000000000267e-01 -1.185110000000000052e-01 4.696190299999999929e-01
8.346400000000000485e-01 -1.190372499999999834e-01 4.650110999999999550e-01
8.254775000000000862e-01 -1.192292500000000088e-01 4.603852499999999681e-01
8.429837500000000317e-01 -1.316357499999999958e-01 4.713158299999999912e-01
8.342362500000000125e-01 -1.319792499999999924e-01 4.660677249999999883e-01
8.255747500000000239e-01 -1.323587499999999972e-01 4.607342249999999972e-01
8.417395000000000849e-01 -1.445259999999999878e-01 4.731399099999999969e-01
8.336025000000000240e-01 -1.450634999999999841e-01 4.671890999999999683e-01
8.255315000000000847e-01 -1.456454999999999833e-01 4.612099499999999797e-01
8.403665000000000163e-01 -1.569282499999999914e-01 4.752786249999999546e-01
8.327967500000000856e-01 -1.579572499999999935e-01 4.686723499999999598e-01
8.253490000000001103e-01 -1.588702499999999906e-01 4.621021749999999484e-01
8.388192500000000162e-01 -1.686560000000000004e-01 4.779183249999999772e-01
8.319280000000000008e-01 -1.699350000000000027e-01 4.707960474999999811e-01
8.251535000000000952e-01 -1.714052500000000090e-01 4.637945749999999867e-01
8.368170000000000330e-01 -1.800395000000000190e-01 4.809232999999999980e-01
8.306160000000000210e-01 -1.813270000000000159e-01 4.733036024999999758e-01
8.244865000000000110e-01 -1.827770000000000228e-01 4.658164499999999930e-01
8.339675000000000837e-01 -1.910945000000000005e-01 4.839600000000000013e-01
8.284412500000000179e-01 -1.922294999999999976e-01 4.759078499999999656e-01
8.229162500000000158e-01 -1.935844999999999927e-01 4.679763249999999708e-01
8.305910000000000792e-01 -2.019019999999999704e-01 4.870001249999999504e-01
8.255085000000000894e-01 -2.026394999999999724e-01 4.786569749999999845e-01
8.203357500000000302e-01 -2.036769999999999969e-01 4.704702574999999887e-01
8.276190000000001046e-01 -2.130270000000000219e-01 4.886163499999999771e-01
8.228907500000000041e-01 -2.131144999999999845e-01 4.800744750000000005e-01
8.180407500000000942e-01 -2.134745000000000115e-01 4.716905649999999506e-01
8.258245000000000724e-01 -2.244220000000000104e-01 4.885753999999999930e-01
8.214100000000000845e-01 -2.236219999999999875e-01 4.799177749999999909e-01
8.168157500000000626e-01 -2.229669999999999708e-01 4.714061299999999788e-01
8.216307500000000763e-01 -2.351444999999999785e-01 4.888253249999999772e-01
8.178565000000000973e-01 -2.332644999999999857e-01 4.800300999999999596e-01
8.137065000000001103e-01 -2.318469999999999698e-01 4.712922625000000032e-01
8.151347500000000190e-01 -2.439970000000000194e-01 4.895527749999999956e-01
8.120367500000000849e-01 -2.415944999999999898e-01 4.803924499999999709e-01
8.085750000000000437e-01 -2.395419999999999772e-01 4.713203950000000031e-01
8.065187500000000620e-01 -2.505195000000000061e-01 4.908923749999999919e-01
8.041460000000000274e-01 -2.476895000000000069e-01 4.811476499999999823e-01
8.016327500000000050e-01 -2.451320000000000165e-01 4.715173124999999521e-01
7.963797500000000529e-01 -2.535370000000000124e-01 4.927279749999999847e-01
7.948400000000001020e-01 -2.505045000000000188e-01 4.821013499999999841e-01
7.934190000000000964e-01 -2.478270000000000195e-01 4.715651299999999990e-01
7.861727500000000868e-01 -2.521995000000000209e-01 4.949460999999999999e-01
7.853875000000000162e-01 -2.492395000000000027e-01 4.825564499999999701e-01
7.852665000000000894e-01 -2.472219999999999973e-01 4.697840649999999729e-01
7.764415000000000067e-01 -2.529445000000000165e-01 4.947911749999999720e-01
7.754605000000001080e-01 -2.482320000000000082e-01 4.830901749999999550e-01
7.739502500000000618e-01 -2.428520000000000123e-01 4.718174524999999564e-01
7.651885000000000492e-01 -2.534270000000000134e-01 4.935348999999999986e-01
7.655577500000000368e-01 -2.493119999999999781e-01 4.831024749999999757e-01
7.652755000000001084e-01 -2.444244999999999890e-01 4.728101899999999636e-01
7.522600000000000398e-01 -2.516145000000000187e-01 4.905771499999999619e-01
7.532452500000000883e-01 -2.483170000000000099e-01 4.809826749999999707e-01
7.537105000000000610e-01 -2.447044999999999915e-01 4.716403049999999819e-01
7.400452500000000988e-01 -2.467820000000000014e-01 4.889682249999999786e-01
7.418010000000000437e-01 -2.443695000000000173e-01 4.800180499999999739e-01
7.429637500000000339e-01 -2.416070000000000162e-01 4.712027125000000094e-01
7.293133500000000824e-01 -2.394720000000000182e-01 4.878423749999999948e-01
7.314125000000000210e-01 -2.375145000000000173e-01 4.792648999999999937e-01
7.330044000000001114e-01 -2.353744999999999865e-01 4.707126875000000044e-01
7.203111750000000812e-01 -2.315194999999999892e-01 4.874349249999999634e-01
7.225685000000000580e-01 -2.298669999999999880e-01 4.791032249999999659e-01
7.243946250000000697e-01 -2.280694999999999806e-01 4.707715224999999837e-01
7.124690375000000131e-01 -2.218169999999999864e-01 4.866923249999999812e-01
7.148878050000000428e-01 -2.205995000000000039e-01 4.785116500000000106e-01
7.170702250000000610e-01 -2.192620000000000124e-01 4.703650249999999922e-01
7.067621500000000889e-01 -2.106069999999999887e-01 4.861022499999999580e-01
7.092630000000000878e-01 -2.098444999999999894e-01 4.781068249999999575e-01
7.116918750000000848e-01 -2.088944999999999830e-01 4.701400749999999906e-01
7.032185500000001088e-01 -1.984544999999999781e-01 4.858144999999999825e-01
7.057222000000000772e-01 -1.979845000000000077e-01 4.779562250000000123e-01
7.082627000000000228e-01 -1.973969999999999891e-01 4.701174999999999660e-01
7.015170500000000864e-01 -1.856070000000000220e-01 4.856572000000000111e-01
7.041118000000000654e-01 -1.855769999999999920e-01 4.779359499999999983e-01
7.067078250000000672e-01 -1.854370000000000185e-01 4.702200924999999643e-01
7.005524250000000341e-01 -1.723254999999999926e-01 4.854574999999999863e-01
7.034192750000000105e-01 -1.726894999999999958e-01 4.779345749999999726e-01
7.063126250000000272e-01 -1.730254999999999987e-01 4.703990849999999946e-01
7.011169500000000721e-01 -1.589747499999999980e-01 4.847231750000000061e-01
7.034547750000000876e-01 -1.597987499999999894e-01 4.771982999999999642e-01
7.057981750000000831e-01 -1.605817499999999953e-01 4.696546474999999665e-01
6.993695500000000065e-01 -1.457735000000000003e-01 4.826093499999999925e-01
7.022803250000000386e-01 -1.469014999999999904e-01 4.754409749999999879e-01
7.052018000000001008e-01 -1.480209999999999859e-01 4.682612499999999622e-01
6.985502250000000801e-01 -1.325165000000000093e-01 4.799434750000000083e-01
7.019984750000000107e-01 -1.339587499999999876e-01 4.732062125000000008e-01
7.054687750000000479e-01 -1.354087499999999944e-01 4.664593750000000094e-01
6.985859000000000929e-01 -1.192967500000000070e-01 4.768753749999999902e-01
7.025466250000000912e-01 -1.210394999999999943e-01 4.706058449999999671e-01
7.065217750000000185e-01 -1.227527499999999938e-01 4.643122749999999965e-01
6.989710000000000090e-01 -1.060802499999999871e-01 4.731427274999999710e-01
7.034194000000000280e-01 -1.079777499999999835e-01 4.673859750000000091e-01
7.078696250000000578e-01 -1.098729999999999984e-01 4.616064500000000015e-01
6.997917500000000457e-01 -9.301075000000000315e-02 4.692637749999999941e-01
7.046911500000000439e-01 -9.492949999999999999e-02 4.640235249999999922e-01
7.095908000000000770e-01 -9.685525000000000384e-02 4.587601000000000040e-01
7.010617250000000800e-01 -8.002324999999999022e-02 4.655897499999999689e-01
7.063599500000000697e-01 -8.185599999999998433e-02 4.608707499999999957e-01
7.116598250000000236e-01 -8.369974999999998944e-02 4.561317749999999616e-01
7.027305000000000357e-01 -6.706375000000000530e-02 4.624246499999999926e-01
7.083863000000000243e-01 -6.867575000000000762e-02 4.582017999999999924e-01
7.140462650000000133e-01 -7.031350000000000100e-02 4.539671249999999714e-01
7.046303000000000427e-01 -5.411949999999998706e-02 4.602630999999999806e-01
7.105837500000000695e-01 -5.534049999999998692e-02 4.565018750000000014e-01
7.165495649999999994e-01 -5.659449999999999203e-02 4.527356499999999895e-01
7.062704250000000350e-01 -4.110199999999999965e-02 4.592795000000000072e-01
7.124779650000000464e-01 -4.182600000000000207e-02 4.559507999999999894e-01
7.186942250000000199e-01 -4.258349999999999635e-02 4.526240500000000000e-01
7.074956500000000315e-01 -2.797600000000000087e-02 4.591824499999999643e-01
7.139295750000000940e-01 -2.823799999999999921e-02 4.563482749999999699e-01
7.203595250000000005e-01 -2.854174999999999074e-02 4.535096499999999864e-01
7.081292500000000434e-01 -1.487124999999998864e-02 4.597088249999999876e-01
7.147070325000000057e-01 -1.467449999999999311e-02 4.573618749999999733e-01
7.212703000000000308e-01 -1.450599999999999112e-02 4.549855499999999608e-01
7.082244750000000755e-01 -1.945499999999988905e-03 4.613682749999999944e-01
7.148768875000000023e-01 -1.278249999999994668e-03 4.594880249999999666e-01
7.214922250000000981e-01 -6.087499999999912426e-04 4.575268999999999586e-01
7.079464250000000458e-01 1.056875000000000175e-02 4.645633750000000006e-01
7.146743177500000099e-01 1.166375000000000745e-02 4.631604999999999750e-01
7.213658000000000570e-01 1.271925000000000139e-02 4.616048749999999701e-01
7.080274750000000727e-01 2.257275000000000253e-02 4.697417449999999883e-01
7.148611000000000271e-01 2.355150000000000299e-02 4.686265499999999751e-01
7.216148500000000299e-01 2.455050000000000288e-02 4.672257750000000098e-01
7.061122250000000378e-01 3.450425000000000714e-02 4.725169674999999958e-01
7.138779875000000885e-01 3.589650000000000479e-02 4.716626849999999704e-01
7.214432250000000213e-01 3.706275000000000541e-02 4.705313425000000049e-01
7.052604000000000095e-01 4.881350000000000966e-02 4.737335574999999577e-01
7.139784949999999908e-01 4.986872500000000263e-02 4.725841224999999812e-01
7.224960750000000154e-01 5.076995000000000813e-02 4.716963499999999865e-01
7.044662250000000014e-01 6.270885000000001042e-02 4.727948149999999794e-01
7.149654400000000631e-01 6.385295000000000554e-02 4.711000200000000082e-01
7.256729000000000651e-01 6.576495000000000257e-02 4.700401399999999952e-01
7.051984000000000030e-01 7.617507750000000744e-02 4.694284249999999825e-01
7.163081600000000826e-01 7.680209999999999815e-02 4.714087674999999922e-01
7.304606250000000855e-01 7.511694000000000704e-02 4.737474299999999694e-01
7.086579500000000920e-01 8.807392499999999735e-02 4.703622974999999706e-01
7.177931499999999909e-01 8.853020000000000334e-02 4.720634472499999901e-01
7.278173000000000004e-01 8.866212500000000829e-02 4.721225127500000007e-01
7.109554250000000852e-01 1.000447500000000017e-01 4.709744949999999930e-01
7.186216750000000708e-01 1.008992500000000098e-01 4.720232527500000108e-01
7.261561000000000821e-01 1.018795000000000117e-01 4.721351069999999983e-01
7.108733999999999886e-01 1.121495000000000131e-01 4.713116525000000112e-01
7.175990250000000570e-01 1.132822500000000010e-01 4.718750629999999835e-01
7.242931500000000522e-01 1.145057500000000034e-01 4.722774449999999624e-01
7.098283000000000786e-01 1.245367500000000016e-01 4.717878472500000031e-01
7.162947250000000210e-01 1.260152499999999953e-01 4.719281189999999793e-01
7.226804500000000298e-01 1.274637500000000145e-01 4.719956959999999646e-01
7.086018750000000477e-01 1.382480000000000098e-01 4.722048640000000019e-01
7.148728025000000708e-01 1.394420000000000104e-01 4.719303644999999769e-01
7.211145250000000617e-01 1.406642499999999907e-01 4.716099199999999603e-01
7.076684250000000453e-01 1.523177500000000018e-01 4.726529449999999910e-01
7.138123525000000802e-01 1.531762500000000138e-01 4.719044892500000032e-01
7.199280250000000825e-01 1.540442499999999937e-01 4.711368924999999597e-01
7.073837500000000889e-01 1.665167499999999912e-01 4.733155974999999627e-01
7.134175675000000716e-01 1.670132500000000020e-01 4.720408274999999820e-01
7.194561500000000720e-01 1.674832500000000002e-01 4.707546624999999763e-01
7.076919500000000696e-01 1.806812500000000155e-01 4.744046275000000090e-01
7.135570475000000412e-01 1.808420000000000027e-01 4.725779525000000092e-01
7.194310750000000310e-01 1.809850000000000070e-01 4.707427049999999835e-01
7.087944750000000349e-01 1.946225000000000038e-01 4.759287749999999706e-01
7.144174684999999858e-01 1.945185000000000108e-01 4.735377749999999941e-01
7.200393000000000487e-01 1.944504999999999983e-01 4.711443524999999743e-01
7.104736750000000267e-01 2.080100000000000005e-01 4.777406499999999889e-01
7.157622525000000291e-01 2.075955000000000161e-01 4.748705749999999615e-01
7.210524750000000260e-01 2.072112500000000135e-01 4.719517227499999690e-01
7.124134899999999826e-01 2.213117500000000015e-01 4.793772000000000033e-01
7.174085250000000746e-01 2.206757500000000038e-01 4.763261500000000037e-01
7.223706500000000030e-01 2.201192500000000163e-01 4.728683624999999724e-01
7.148216500000000861e-01 2.337270000000000181e-01 4.811756249999999957e-01
7.193634750000000855e-01 2.331092500000000178e-01 4.773136000000000045e-01
7.239220250000000245e-01 2.325234999999999941e-01 4.734475074999999755e-01
7.166582850000000615e-01 2.465372500000000133e-01 4.829818999999999640e-01
7.208284500000000650e-01 2.457944999999999991e-01 4.786625749999999790e-01
7.250172500000000575e-01 2.450920000000000043e-01 4.743592849999999639e-01
7.188053500000000096e-01 2.585480000000000000e-01 4.833288499999999765e-01
7.226229750000000562e-01 2.578185000000000060e-01 4.787171249999999656e-01
7.264365750000000288e-01 2.571160000000000112e-01 4.741019025000000053e-01
7.195464500000000596e-01 2.707025000000000126e-01 4.842223250000000090e-01
7.230216000000000420e-01 2.699280000000000013e-01 4.793275499999999911e-01
7.265045749999999858e-01 2.691527499999999962e-01 4.744162874999999779e-01
7.193378000000000272e-01 2.821887499999999882e-01 4.836221249999999583e-01
7.226523249999999843e-01 2.813855000000000106e-01 4.785530249999999652e-01
7.259495500000000545e-01 2.806627500000000164e-01 4.734589999999999632e-01
7.200116000000000849e-01 2.934327500000000200e-01 4.843690999999999969e-01
7.231360250000000711e-01 2.928422499999999706e-01 4.790946749999999699e-01
7.262428750000000655e-01 2.923282500000000117e-01 4.737993024999999636e-01
7.193983000000000461e-01 3.043612500000000276e-01 4.844091999999999842e-01
7.223070750000000206e-01 3.041027499999999772e-01 4.788870499999999808e-01
7.251969750000000214e-01 3.039819999999999744e-01 4.733577499999999660e-01
7.168700800000000761e-01 3.155304999999999915e-01 4.849636999999999976e-01
7.195630499999999818e-01 3.156619999999999981e-01 4.792224250000000074e-01
7.221748500000000348e-01 3.159635000000000082e-01 4.734926924999999787e-01
7.125336300000000289e-01 3.276855000000000184e-01 4.854034999999999878e-01
7.149950849999999747e-01 3.281855000000000189e-01 4.794720999999999567e-01
7.172939000000000398e-01 3.288980000000000237e-01 4.735583525000000016e-01
7.052928000000000530e-01 3.400954999999999950e-01 4.861692749999999563e-01
7.072934499999999902e-01 3.410230000000000206e-01 4.800617999999999830e-01
7.090739249999999938e-01 3.421954999999999858e-01 4.739367150000000084e-01
6.946543250000000169e-01 3.519680000000000031e-01 4.869911249999999692e-01
6.959934500000000135e-01 3.533029999999999782e-01 4.806564500000000129e-01
6.971906250000000638e-01 3.548355000000000259e-01 4.743295449999999636e-01
6.822357500000000297e-01 3.600705000000000156e-01 4.876673750000000140e-01
6.829072499999999657e-01 3.619330000000000047e-01 4.811424499999999993e-01
6.835364999999999913e-01 3.635754999999999959e-01 4.746061999999999781e-01
6.700464999999999893e-01 3.626329999999999831e-01 4.885134500000000157e-01
6.700322499999999959e-01 3.647405000000000230e-01 4.817196499999999992e-01
6.701160000000000450e-01 3.663080000000000225e-01 4.748767249999999995e-01
6.590595000000000203e-01 3.600705000000000156e-01 4.895861249999999831e-01
6.585312500000000124e-01 3.618680000000000230e-01 4.822654749999999990e-01
6.581135000000000179e-01 3.634605000000000197e-01 4.748454749999999613e-01
6.496702500000000047e-01 3.554030000000000244e-01 4.910453249999999770e-01
6.488920000000000243e-01 3.571730000000000183e-01 4.828163999999999789e-01
6.479615000000000791e-01 3.587555000000000049e-01 4.745332499999999620e-01
6.428405000000000369e-01 3.496879999999999988e-01 4.931767249999999825e-01
6.414397499999999752e-01 3.510030000000000094e-01 4.834429000000000087e-01
6.397945000000000437e-01 3.523705000000000309e-01 4.737718949999999984e-01
6.386242500000000044e-01 3.417605000000000226e-01 4.968306000000000111e-01
6.366420000000000412e-01 3.429504999999999915e-01 4.847974749999999777e-01
6.345347500000000363e-01 3.440730000000000177e-01 4.734812525000000050e-01
6.378500000000000281e-01 3.295655000000000112e-01 4.958831249999999802e-01
6.342462500000000114e-01 3.321129999999999916e-01 4.844911249999999669e-01
6.313722500000000792e-01 3.345655000000000157e-01 4.734094024999999650e-01
6.349312500000000581e-01 3.213117500000000071e-01 4.926905749999999640e-01
6.321502500000000246e-01 3.231920000000000348e-01 4.840303499999999981e-01
6.295165000000000344e-01 3.243380000000000152e-01 4.752824749999999820e-01
6.345150000000000512e-01 3.112637500000000057e-01 4.898646749999999717e-01
6.320259999999999767e-01 3.121884999999999799e-01 4.825790500000000094e-01
6.295072500000000737e-01 3.127155000000000351e-01 4.752376249999999969e-01
6.329752499999999893e-01 3.012887499999999941e-01 4.890798749999999973e-01
6.304607500000000142e-01 3.012470000000000425e-01 4.827010499999999649e-01
6.278962500000000446e-01 3.010077500000000184e-01 4.763684499999999988e-01
6.343520000000000270e-01 2.911992500000000206e-01 4.887287249999999750e-01
6.317249999999999810e-01 2.901972500000000177e-01 4.828362999999999960e-01
6.290800000000000836e-01 2.890637500000000082e-01 4.769881249999999850e-01
6.376147500000000079e-01 2.813312500000000327e-01 4.889965749999999889e-01
6.351087499999999997e-01 2.795727500000000365e-01 4.833591500000000152e-01
6.325840000000000352e-01 2.777479999999999949e-01 4.777756249999999816e-01
6.405602500000000532e-01 2.712249999999999939e-01 4.903998499999999705e-01
6.380307499999999798e-01 2.688304999999999723e-01 4.850562999999999958e-01
6.355210000000000026e-01 2.663442500000000046e-01 4.797737999999999725e-01
6.452877500000000488e-01 2.622470000000000079e-01 4.919287999999999994e-01
6.428125000000000089e-01 2.592317499999999830e-01 4.868895749999999634e-01
6.403695000000000359e-01 2.561660000000000048e-01 4.818638749999999971e-01
6.519654999999999756e-01 2.542600000000000415e-01 4.925130500000000078e-01
6.496757499999999963e-01 2.509810000000000096e-01 4.878831499999999877e-01
6.474325000000000774e-01 2.476720000000000033e-01 4.832452250000000005e-01
6.604012500000000507e-01 2.478607499999999908e-01 4.922319499999999737e-01
6.582345000000000557e-01 2.441659999999999942e-01 4.875955999999999624e-01
6.561190000000000078e-01 2.404462500000000003e-01 4.829429499999999820e-01
6.697102500000000624e-01 2.428317500000000129e-01 4.917483999999999744e-01
6.679272500000000834e-01 2.389314999999999911e-01 4.873620249999999765e-01
6.661785000000000068e-01 2.350277500000000075e-01 4.829478999999999855e-01
6.797137500000000054e-01 2.392730000000000135e-01 4.903935249999999968e-01
6.780705000000000204e-01 2.351912500000000183e-01 4.860638499999999640e-01
6.764402500000000762e-01 2.311229999999999951e-01 4.817135249999999758e-01
6.903110250000000780e-01 2.368590000000000140e-01 4.883384499999999795e-01
6.889117500000000449e-01 2.324737500000000068e-01 4.841404249999999854e-01
6.875060000000000615e-01 2.281092500000000134e-01 4.799342999999999804e-01
7.010886750000000500e-01 2.334549999999999959e-01 4.876555249999999786e-01
6.996033750000000273e-01 2.288472500000000021e-01 4.838321749999999755e-01
6.981383500000000186e-01 2.242312499999999931e-01 4.800019999999999842e-01
7.120844275000000057e-01 2.305422500000000041e-01 4.861626749999999886e-01
7.105797500000000655e-01 2.256217500000000098e-01 4.827299749999999778e-01
7.091124500000000053e-01 2.206407499999999966e-01 4.796307249999999800e-01
7.230635499999999993e-01 2.282375000000000098e-01 4.840644000000000058e-01
7.216493999999999964e-01 2.230542500000000095e-01 4.810582499999999651e-01
7.202433000000000307e-01 2.178497500000000087e-01 4.781795249999999942e-01
7.342935250000000025e-01 2.262389999999999957e-01 4.819502999999999981e-01
7.329913750000000006e-01 2.207517499999999966e-01 4.792429999999999746e-01
7.316738500000000700e-01 2.152580000000000049e-01 4.765325499999999992e-01
7.454747500000000748e-01 2.244682500000000080e-01 4.799148749999999630e-01
7.444022500000000431e-01 2.188225000000000031e-01 4.775040249999999986e-01
7.433374999999999844e-01 2.131840000000000124e-01 4.750927249999999935e-01
7.567092499999999999e-01 2.231170000000000098e-01 4.781900749999999922e-01
7.559035000000000615e-01 2.173157500000000020e-01 4.759522250000000065e-01
7.550987500000000407e-01 2.115227500000000094e-01 4.737283149999999554e-01
7.684755000000000891e-01 2.222630000000000161e-01 4.769219499999999834e-01
7.678160000000000540e-01 2.163120000000000043e-01 4.748750499999999652e-01
7.671879999999999811e-01 2.103757500000000003e-01 4.728385974999999575e-01
7.802377500000000632e-01 2.215779999999999972e-01 4.758970499999999881e-01
7.796452500000000674e-01 2.154507499999999964e-01 4.739723899999999657e-01
7.791040000000000187e-01 2.093369999999999953e-01 4.720654199999999578e-01
7.919585000000000097e-01 2.209502500000000147e-01 4.749449749999999915e-01
7.913677500000000364e-01 2.146689999999999987e-01 4.730689949999999921e-01
7.908527499999999932e-01 2.084050000000000069e-01 4.712142599999999959e-01
8.035645000000000149e-01 2.203697500000000031e-01 4.739400974999999905e-01
8.029022500000000395e-01 2.139510000000000023e-01 4.720823914999999760e-01
8.023442499999999811e-01 2.075442500000000134e-01 4.702479049999999661e-01
8.146247500000000086e-01 2.199522500000000158e-01 4.725913625000000007e-01
8.137149999999999661e-01 2.133617500000000167e-01 4.707761624999999839e-01
8.128425000000000233e-01 2.067682500000000145e-01 4.689860750000000023e-01
8.255675000000000097e-01 2.192032500000000161e-01 4.718044744999999596e-01
8.243820000000000592e-01 2.123464999999999936e-01 4.699634249999999902e-01
8.231822500000000042e-01 2.054620000000000057e-01 4.681569250000000015e-01
8.364605000000000512e-01 2.180077500000000001e-01 4.720310019999999773e-01
8.349767500000000453e-01 2.106607500000000077e-01 4.700729449999999643e-01
8.333872500000000239e-01 2.032357499999999928e-01 4.681397749999999802e-01
8.472144999999999815e-01 2.178124999999999922e-01 4.731541749999999547e-01
8.456132499999999830e-01 2.093790000000000096e-01 4.709699249999999560e-01
8.437797500000000506e-01 2.008957500000000118e-01 4.687892249999999761e-01
8.574825000000000363e-01 2.173727500000000035e-01 4.751435249999999555e-01
8.562490000000000379e-01 2.078939999999999955e-01 4.728167099999999734e-01
8.547204999999999941e-01 1.984465000000000257e-01 4.704927074999999959e-01
8.675642500000000368e-01 2.189192500000000097e-01 4.765873499999999652e-01
8.663952500000000612e-01 2.075560000000000183e-01 4.739756774999999700e-01
8.647610000000000019e-01 1.967542500000000194e-01 4.713453024999999519e-01
8.745722500000000510e-01 2.195792500000000036e-01 4.773550999999999767e-01
8.757132499999999986e-01 2.080282499999999979e-01 4.749734499999999637e-01
8.764125000000000387e-01 1.969422500000000131e-01 4.725515949999999910e-01
8.852152500000000090e-01 2.190160000000000162e-01 4.766741999999999924e-01
8.859945000000000181e-01 2.095760000000000123e-01 4.747122249999999877e-01
8.867457499999999992e-01 2.002507500000000051e-01 4.726865924999999469e-01
8.966842500000000715e-01 2.193767500000000092e-01 4.761361499999999802e-01
8.973827500000000068e-01 2.109542500000000098e-01 4.743719474999999464e-01
8.980922500000000364e-01 2.025427499999999936e-01 4.725553649999999495e-01
9.196157500000000651e-01 2.134467500000000184e-01 4.736830099999999599e-01
