6.014057500000000722e-01 1.884000000000010666e-03 5.669514999999999416e-01
6.435982500000000384e-01 5.312000000000011157e-03 5.475372499999999754e-01
6.391930000000000112e-01 -5.674999999999999489e-03 5.441420000000000146e-01
6.348662500000000763e-01 -1.672024999999999206e-02 5.406362499999999294e-01
6.532137500000000374e-01 3.556500000000004102e-03 5.417277499999999524e-01
6.487457500000000099e-01 -7.487499999999994160e-03 5.383657499999999763e-01
6.444002500000000078e-01 -1.859449999999999992e-02 5.348087499999999439e-01
6.616292500000000576e-01 1.911500000000010413e-03 5.365507499999999652e-01
6.576885000000000092e-01 -9.049000000000001487e-03 5.329837499999999784e-01
6.537390000000000700e-01 -2.070424999999999349e-02 5.289625000000000021e-01
6.710510000000000641e-01 2.375000000000015987e-04 5.311890000000000223e-01
6.671355000000001034e-01 -1.026724999999999166e-02 5.278077500000000200e-01
6.632232500000000419e-01 -2.118224999999999969e-02 5.241869999999999585e-01
6.802345000000000752e-01 -2.288249999999991680e-03 5.262667500000000054e-01
6.759660000000000668e-01 -1.234299999999999287e-02 5.232042500000000373e-01
6.720882500000000537e-01 -2.257874999999999466e-02 5.199599999999999778e-01
6.898836000000000412e-01 -5.903749999999999276e-03 5.218254999999999422e-01
6.850820000000000798e-01 -1.547799999999999176e-02 5.190609999999999946e-01
6.810475000000000279e-01 -2.537749999999999728e-02 5.160270000000000135e-01
7.004128500000000868e-01 -9.580499999999991800e-03 5.182299999999999685e-01
6.951724000000000236e-01 -1.908949999999999536e-02 5.154845000000000121e-01
6.910050000000000914e-01 -2.897650000000000226e-02 5.124444999999999695e-01
7.116738500000000522e-01 -1.431049999999998990e-02 5.148260000000000058e-01
7.053419750000000654e-01 -2.321799999999998865e-02 5.123919999999999586e-01
6.999345250000000851e-01 -3.268524999999999903e-02 5.096079999999999499e-01
7.212703250000001010e-01 -1.799099999999999311e-02 5.116857499999999392e-01
7.146321142500000612e-01 -2.695549999999999335e-02 5.093225000000000113e-01
7.090649250000000681e-01 -3.614749999999999908e-02 5.065767500000000201e-01
7.325634750000000750e-01 -2.101825000000000221e-02 5.078985000000000305e-01
7.252457000000001042e-01 -2.988449999999999440e-02 5.057362499999999983e-01
7.190179000000000986e-01 -3.890425000000000133e-02 5.031484999999999985e-01
7.420320000000000249e-01 -2.361674999999999192e-02 5.045782500000000059e-01
7.350601500000000232e-01 -3.249049999999999161e-02 5.023144999999999971e-01
7.290630750000000049e-01 -4.125199999999999700e-02 4.997415000000000052e-01
7.522977500000000983e-01 -2.648274999999999935e-02 5.007957499999999840e-01
7.453002499999999975e-01 -3.531049999999999467e-02 4.986592499999999983e-01
7.392036250000000308e-01 -4.391375000000000139e-02 4.962154500000000024e-01
7.614192500000001029e-01 -3.008299999999999863e-02 4.967509499999999689e-01
7.548490000000001032e-01 -3.812374999999999792e-02 4.945948000000000011e-01
7.483147500000000285e-01 -4.622874999999999901e-02 4.923681749999999635e-01
7.710185000000000510e-01 -3.455450000000000188e-02 4.926672249999999864e-01
7.636447500000000943e-01 -4.199449999999999017e-02 4.908880749999999793e-01
7.567080000000000473e-01 -4.994374999999999509e-02 4.886751500000000026e-01
7.798997500000000027e-01 -4.072349999999999581e-02 4.886328749999999665e-01
7.726977500000000720e-01 -4.801099999999999812e-02 4.868349249999999739e-01
7.655357500000000703e-01 -5.538674999999998461e-02 4.848874999999999713e-01
7.880800000000001138e-01 -4.684549999999999825e-02 4.854303249999999958e-01
7.822045000000000803e-01 -5.488099999999998535e-02 4.829313499999999815e-01
7.762287500000000229e-01 -6.294249999999998457e-02 4.804531499999999955e-01
7.968700000000000783e-01 -5.274575000000000791e-02 4.833012999999999892e-01
7.923585000000000766e-01 -6.162100000000000910e-02 4.802558249999999695e-01
7.874130000000000296e-01 -7.007924999999998183e-02 4.773809249999999560e-01
8.093017500000000419e-01 -6.061700000000000421e-02 4.815201499999999801e-01
8.041717500000000740e-01 -6.882174999999998710e-02 4.782780499999999546e-01
7.992055000000000131e-01 -7.701174999999998994e-02 4.750945249999999898e-01
8.214055000000000106e-01 -6.891100000000000003e-02 4.806483500000000020e-01
8.162632499999999958e-01 -7.691699999999998538e-02 4.769935499999999884e-01
8.111405000000000420e-01 -8.476400000000000601e-02 4.734291724999999951e-01
8.324617500000000003e-01 -7.788724999999999121e-02 4.803794499999999856e-01
8.275977500000000209e-01 -8.578700000000000214e-02 4.765070249999999730e-01
8.228675000000000850e-01 -9.325025000000000674e-02 4.728393924999999554e-01
8.432937500000000641e-01 -8.936949999999999061e-02 4.808092499999999658e-01
8.374160000000000492e-01 -9.589449999999999363e-02 4.764308499999999613e-01
8.316252500000000936e-01 -1.024657499999999943e-01 4.722840349999999909e-01
8.525802500000000395e-01 -1.020449999999999968e-01 4.804273000000000016e-01
8.454802500000000443e-01 -1.072522499999999934e-01 4.759643749999999951e-01
8.383530000000000149e-01 -1.121804999999999886e-01 4.717339449999999879e-01
8.590619999999999923e-01 -1.141879999999999840e-01 4.786486249999999942e-01
8.512585000000000290e-01 -1.179497499999999921e-01 4.744090024999999544e-01
8.434847500000000053e-01 -1.219284999999999952e-01 4.703972824999999580e-01
8.638935000000000919e-01 -1.261627499999999902e-01 4.772239749999999670e-01
8.555740000000000567e-01 -1.286267499999999842e-01 4.730804200000000015e-01
8.474585000000000035e-01 -1.315022499999999872e-01 4.692599749999999958e-01
8.667122500000000729e-01 -1.371517499999999889e-01 4.754574999999999774e-01
8.580350000000001032e-01 -1.378617500000000051e-01 4.716158324999999985e-01
8.494530000000000136e-01 -1.389057499999999945e-01 4.680953749999999802e-01
8.661152500000000032e-01 -1.489822499999999827e-01 4.740556799999999793e-01
8.575940000000000785e-01 -1.474669999999999870e-01 4.704827050000000010e-01
8.489349999999999952e-01 -1.464834999999999887e-01 4.670636249999999823e-01
8.626965000000000883e-01 -1.604015000000000024e-01 4.737817624999999810e-01
8.547255000000000269e-01 -1.567574999999999941e-01 4.702032299999999720e-01
8.463680000000000092e-01 -1.539059999999999873e-01 4.667222499999999497e-01
8.570475000000000732e-01 -1.713149999999999951e-01 4.718630689999999683e-01
8.496590000000000531e-01 -1.661604999999999888e-01 4.684007249999999623e-01
8.417777500000001023e-01 -1.620447499999999874e-01 4.651111249999999586e-01
8.497895000000000865e-01 -1.800269999999999926e-01 4.716199649999999743e-01
8.433290000000001063e-01 -1.730944999999999845e-01 4.679620499999999628e-01
8.363180000000001169e-01 -1.670567500000000039e-01 4.645835249999999972e-01
8.396605000000000318e-01 -1.854744999999999866e-01 4.744079350000000028e-01
8.343062500000000270e-01 -1.773845000000000005e-01 4.702266625000000033e-01
8.285220000000000917e-01 -1.696772500000000017e-01 4.662868999999999486e-01
8.292650000000000299e-01 -1.910244999999999860e-01 4.755443999999999782e-01
8.248230000000000839e-01 -1.814445000000000086e-01 4.708292949999999810e-01
8.203715000000000312e-01 -1.713345000000000007e-01 4.658591749999999587e-01
8.200717500000000992e-01 -1.958420000000000161e-01 4.775201249999999620e-01
8.153147500000000880e-01 -1.865594999999999892e-01 4.711052974999999643e-01
8.104645000000000321e-01 -1.776294999999999957e-01 4.646444999999999603e-01
8.091982500000000078e-01 -2.003019999999999801e-01 4.793546249999999787e-01
8.057647500000000296e-01 -1.920270000000000032e-01 4.731337774999999635e-01
8.024720000000000741e-01 -1.834719999999999684e-01 4.667349749999999964e-01
7.973127500000000145e-01 -2.042844999999999800e-01 4.776287249999999762e-01
7.950942500000000024e-01 -1.967269999999999852e-01 4.716263499999999720e-01
7.931610000000000049e-01 -1.895720000000000183e-01 4.652011749999999668e-01
7.870967500000000117e-01 -2.068395000000000095e-01 4.753206749999999703e-01
7.868005000000000138e-01 -1.995270000000000099e-01 4.696289699999999789e-01
7.860032500000000422e-01 -1.923869999999999747e-01 4.637880499999999517e-01
7.770537500000000986e-01 -2.052869999999999973e-01 4.757440499999999739e-01
7.781357500000000149e-01 -1.985870000000000135e-01 4.700100574999999670e-01
7.788950000000001150e-01 -1.919845000000000024e-01 4.643325249999999960e-01
7.674632500000000412e-01 -2.018044999999999978e-01 4.773279500000000009e-01
7.696830000000000060e-01 -1.959020000000000206e-01 4.713918349999999813e-01
7.717190000000000438e-01 -1.899794999999999678e-01 4.655849499999999974e-01
7.581687500000000579e-01 -1.946295000000000108e-01 4.788389499999999854e-01
7.612355000000000649e-01 -1.895895000000000219e-01 4.727235824999999614e-01
7.641740000000000199e-01 -1.844695000000000085e-01 4.667911750000000026e-01
7.518372500000000125e-01 -1.853095000000000159e-01 4.805269999999999819e-01
7.555347500000000327e-01 -1.812619999999999787e-01 4.742873300000000070e-01
7.591505000000000614e-01 -1.769720000000000182e-01 4.681835999999999776e-01
7.437130000000000685e-01 -1.736689999999999900e-01 4.827581749999999561e-01
7.474965000000000082e-01 -1.701352499999999879e-01 4.765241000000000060e-01
7.509815000000000795e-01 -1.661032500000000078e-01 4.705090974999999731e-01
7.377347500000001057e-01 -1.617917499999999842e-01 4.843871999999999622e-01
7.418672500000000891e-01 -1.592794999999999905e-01 4.780772249999999945e-01
7.455962500000000714e-01 -1.563082499999999819e-01 4.719613797499999652e-01
7.332876500000000686e-01 -1.510729999999999851e-01 4.841435749999999927e-01
7.376771250000000446e-01 -1.495755000000000001e-01 4.779335999999999585e-01
7.415160000000000640e-01 -1.475412499999999849e-01 4.719588392499999840e-01
7.311324000000000156e-01 -1.416617500000000029e-01 4.819678499999999755e-01
7.357583250000000463e-01 -1.413702500000000029e-01 4.759385499999999602e-01
7.402677500000000022e-01 -1.410177499999999973e-01 4.698424699999999565e-01
7.303850750000000502e-01 -1.326262500000000011e-01 4.793674499999999727e-01
7.350437250000000367e-01 -1.331452499999999928e-01 4.735537850000000049e-01
7.397125000000001060e-01 -1.336872500000000075e-01 4.675787249999999728e-01
7.308885250000000111e-01 -1.238457500000000044e-01 4.767248249999999632e-01
7.356920500000000418e-01 -1.244442500000000063e-01 4.710532725000000087e-01
7.406320000000000681e-01 -1.251982499999999832e-01 4.652666500000000038e-01
7.323321750000000296e-01 -1.151804999999999912e-01 4.749331749999999852e-01
7.373895000000000310e-01 -1.154787499999999911e-01 4.697498374999999893e-01
7.424855000000000205e-01 -1.160960000000000047e-01 4.646318249999999983e-01
7.337628000000000483e-01 -1.055392500000000011e-01 4.747013250000000073e-01
7.389572000000000918e-01 -1.058979999999999921e-01 4.698380549999999767e-01
7.441407500000000175e-01 -1.064535000000000065e-01 4.649661999999999962e-01
7.354115500000000250e-01 -9.423024999999998763e-02 4.754102249999999641e-01
7.404765000000000930e-01 -9.545075000000000087e-02 4.704976049999999854e-01
7.455147500000000038e-01 -9.648524999999999463e-02 4.656775499999999957e-01
7.382538000000000711e-01 -8.179424999999998502e-02 4.755166249999999706e-01
7.431692500000000035e-01 -8.390174999999999716e-02 4.705552224999999811e-01
7.481097500000000178e-01 -8.600074999999998693e-02 4.656011999999999929e-01
7.415302500000000574e-01 -7.131699999999999151e-02 4.742866574999999862e-01
7.463775000000000270e-01 -7.342674999999998509e-02 4.694269749999999686e-01
7.512447500000000167e-01 -7.576074999999998782e-02 4.645348999999999728e-01
7.434462500000000862e-01 -6.019549999999998513e-02 4.733835524999999711e-01
7.487265000000000725e-01 -6.103400000000000492e-02 4.686715249999999777e-01
7.540585000000000759e-01 -6.181749999999999745e-02 4.639927749999999684e-01
7.438722500000000126e-01 -4.816149999999999598e-02 4.734326649999999748e-01
7.491754999999999942e-01 -4.798874999999999669e-02 4.686977999999999978e-01
7.545155000000000056e-01 -4.759850000000000192e-02 4.640024999999999844e-01
7.429692500000000255e-01 -3.591450000000000198e-02 4.744443024999999703e-01
7.478665000000001006e-01 -3.497999999999999721e-02 4.694716749999999772e-01
7.533467500000000650e-01 -3.389849999999999808e-02 4.652096000000000009e-01
7.403710000000000013e-01 -2.355499999999999261e-02 4.752149999999999985e-01
7.453295000000000892e-01 -2.204299999999999315e-02 4.705577974999999857e-01
7.504052500000000236e-01 -2.044250000000000234e-02 4.660882499999999817e-01
7.371400000000000174e-01 -1.113424999999999832e-02 4.758905999999999969e-01
7.419627500000000042e-01 -9.197999999999997844e-03 4.713057149999999584e-01
7.468737500000000029e-01 -7.208749999999999880e-03 4.668615249999999994e-01
7.345482000000000955e-01 7.992500000000013483e-04 4.786875999999999909e-01
7.392322749999999942e-01 3.374250000000009186e-03 4.742070324999999587e-01
7.440725000000000255e-01 5.674499999999998989e-03 4.697760074999999813e-01
7.314262000000000263e-01 1.324350000000000527e-02 4.796515249999999675e-01
7.361950999999999912e-01 1.545450000000000296e-02 4.751133999999999635e-01
7.410410000000000608e-01 1.766000000000000208e-02 4.706448724999999778e-01
7.263083500000000470e-01 2.383550000000000252e-02 4.797346999999999584e-01
7.314994250000000919e-01 2.685975000000000168e-02 4.745454000000000061e-01
7.368439500000000253e-01 2.940450000000000702e-02 4.696502850000000007e-01
7.231149500000000341e-01 3.728975000000000345e-02 4.812899999999999956e-01
7.290339000000000125e-01 4.035700000000000398e-02 4.753665999999999725e-01
7.350731750000000231e-01 4.269850000000000728e-02 4.698719449999999576e-01
7.194895749999999923e-01 4.898215000000000208e-02 4.815745249999999755e-01
7.265303000000000733e-01 5.277352500000000168e-02 4.744753549999999875e-01
7.337937250000000633e-01 5.659297500000000369e-02 4.676526749999999621e-01
7.145808135000000227e-01 6.261282500000001083e-02 4.796249999999999680e-01
7.244615000000000915e-01 6.529402500000000553e-02 4.747451749999999637e-01
7.373986500000000444e-01 6.631985000000001351e-02 4.684746499999999925e-01
7.157081124999999933e-01 7.519914750000000758e-02 4.788405749999999905e-01
7.239166500000000504e-01 7.712455000000000005e-02 4.747713499999999809e-01
7.323389500000000440e-01 7.834052500000000807e-02 4.693462749999999795e-01
7.160708725000000108e-01 8.877922500000000328e-02 4.773930999999999591e-01
7.229312500000000252e-01 9.050637500000000002e-02 4.737273899999999704e-01
7.292693500000000384e-01 9.202920000000000544e-02 4.696807599999999749e-01
7.158134775000000172e-01 1.040159999999999973e-01 4.763434249999999870e-01
7.217313750000000638e-01 1.051122500000000043e-01 4.730596199999999585e-01
7.275250250000000474e-01 1.062137499999999957e-01 4.695400650000000065e-01
7.160598275000000790e-01 1.198242500000000071e-01 4.752719249999999840e-01
7.217065000000000285e-01 1.204157500000000020e-01 4.720494315000000052e-01
7.273437750000000257e-01 1.209989999999999954e-01 4.687686999999999826e-01
7.174751000000000323e-01 1.348969999999999891e-01 4.739224475000000103e-01
7.229672500000000612e-01 1.348219999999999974e-01 4.707745024999999695e-01
7.284613250000000484e-01 1.347732500000000111e-01 4.675864499999999868e-01
7.196638000000000757e-01 1.492755000000000054e-01 4.721125629999999851e-01
7.250670250000000872e-01 1.486600000000000144e-01 4.692235249999999747e-01
7.305213999999999874e-01 1.480855000000000088e-01 4.662993249999999867e-01
7.222846000000000544e-01 1.627850000000000130e-01 4.707279675000000108e-01
7.273798500000000500e-01 1.622275000000000245e-01 4.677671999999999941e-01
7.325395500000000393e-01 1.616095000000000170e-01 4.647713749999999866e-01
7.227214250000000284e-01 1.759437500000000099e-01 4.702836324999999928e-01
7.278899000000000896e-01 1.761572499999999875e-01 4.672543999999999587e-01
7.330788750000000187e-01 1.763487499999999986e-01 4.642097249999999620e-01
7.211508250000000508e-01 1.894757499999999983e-01 4.709019299999999686e-01
7.263214500000000351e-01 1.903714999999999991e-01 4.678255000000000052e-01
7.314434499999999950e-01 1.913600000000000023e-01 4.647590249999999923e-01
7.186137000000000219e-01 2.025455000000000172e-01 4.727806625000000040e-01
7.237144750000000792e-01 2.037527500000000102e-01 4.697272999999999588e-01
7.287151750000000483e-01 2.051532500000000092e-01 4.666379250000000090e-01
7.162672475000000372e-01 2.150229999999999919e-01 4.760125499999999787e-01
7.210449500000000178e-01 2.160872500000000085e-01 4.730985899999999855e-01
7.256337500000000773e-01 2.175182499999999963e-01 4.695135174999999772e-01
7.156696125000000519e-01 2.275522500000000115e-01 4.805211749999999671e-01
7.198432500000000456e-01 2.284867500000000162e-01 4.765885749999999588e-01
7.240095250000000426e-01 2.295099999999999918e-01 4.724821399999999949e-01
7.152896750000000692e-01 2.411227499999999968e-01 4.848413749999999633e-01
7.190700250000000571e-01 2.415707500000000008e-01 4.801997249999999662e-01
7.228709250000000530e-01 2.422522500000000023e-01 4.755997249999999732e-01
7.158933450000000143e-01 2.570372499999999949e-01 4.867538750000000025e-01
7.193631999999999804e-01 2.570020000000000082e-01 4.817683499999999563e-01
7.228226750000000811e-01 2.569957499999999673e-01 4.768126999999999782e-01
7.168774675000000318e-01 2.741474999999999884e-01 4.880607999999999613e-01
7.199479250000000441e-01 2.734267499999999962e-01 4.829135250000000101e-01
7.230663250000000097e-01 2.727509999999999657e-01 4.777439749999999874e-01
7.175189499999999887e-01 2.892462500000000380e-01 4.877953999999999901e-01
7.205688000000000093e-01 2.884647499999999920e-01 4.825909749999999776e-01
7.236318999999999946e-01 2.876317499999999638e-01 4.773428249999999706e-01
7.170756000000000352e-01 3.018779999999999797e-01 4.876847249999999856e-01
7.201622250000000447e-01 3.011340000000000128e-01 4.823299999999999810e-01
7.232129500000000766e-01 3.005345000000000377e-01 4.770140250000000082e-01
7.148453175000000215e-01 3.144697499999999923e-01 4.877554499999999793e-01
7.178830250000000079e-01 3.141515000000000279e-01 4.822512749999999793e-01
7.208511750000000662e-01 3.141009999999999636e-01 4.767647749999999740e-01
7.122398825000000322e-01 3.255930000000000213e-01 4.891566749999999852e-01
7.151925475000000532e-01 3.259779999999999900e-01 4.835455750000000053e-01
7.180540750000000694e-01 3.265855000000000286e-01 4.779870499999999689e-01
7.077839500000000506e-01 3.373079999999999967e-01 4.905740249999999691e-01
7.106250499999999803e-01 3.382155000000000022e-01 4.848873999999999684e-01
7.133243500000000514e-01 3.393805000000000294e-01 4.792673499999999809e-01
7.010277249999999905e-01 3.495130000000000181e-01 4.939795999999999632e-01
7.036638250000000205e-01 3.509130000000000305e-01 4.882864249999999684e-01
7.062075500000000172e-01 3.525955000000000061e-01 4.825818249999999643e-01
6.937305999999999750e-01 3.621754999999999836e-01 4.959003499999999898e-01
6.961054250000000554e-01 3.640355000000000119e-01 4.900617499999999627e-01
6.982549000000000117e-01 3.659755000000000091e-01 4.841401499999999913e-01
6.819727500000000164e-01 3.677580000000000293e-01 4.954418499999999614e-01
6.835627499999999968e-01 3.700530000000000208e-01 4.893285499999999733e-01
6.850530000000000230e-01 3.721180000000000043e-01 4.831846499999999933e-01
6.697367499999999918e-01 3.683854999999999769e-01 4.941539999999999822e-01
6.704192500000000221e-01 3.708755000000000246e-01 4.876125499999999779e-01
6.709042499999999798e-01 3.731254999999999988e-01 4.810484999999999900e-01
6.595982500000000526e-01 3.639654999999999974e-01 4.939820999999999795e-01
6.592147500000000715e-01 3.662354999999999916e-01 4.867820749999999808e-01
6.589082499999999731e-01 3.684255000000000169e-01 4.795785999999999660e-01
6.508532500000000498e-01 3.581155000000000310e-01 4.946277000000000035e-01
6.499997499999999873e-01 3.604204999999999770e-01 4.865498999999999796e-01
6.489190000000000236e-01 3.625829999999999886e-01 4.784437249999999864e-01
6.442947500000000272e-01 3.524255000000000027e-01 4.959807499999999703e-01
6.422594999999999832e-01 3.542279999999999873e-01 4.866513249999999680e-01
6.400832499999999925e-01 3.562204999999999955e-01 4.772029250000000000e-01
6.402849999999999930e-01 3.450679999999999858e-01 4.991437499999999972e-01
6.372167499999999984e-01 3.461330000000000240e-01 4.877333249999999953e-01
6.340977500000000155e-01 3.479180000000000050e-01 4.767485249999999786e-01
6.388090000000000712e-01 3.349154999999999771e-01 4.980519999999999947e-01
6.346160000000000689e-01 3.362705000000000277e-01 4.873599000000000125e-01
6.308139999999999858e-01 3.381029999999999869e-01 4.767314999999999747e-01
6.358670000000000710e-01 3.262504999999999988e-01 4.956923749999999629e-01
6.325454999999999828e-01 3.270680000000000254e-01 4.873819749999999673e-01
6.292727500000000473e-01 3.272630000000000261e-01 4.789896249999999744e-01
6.357145000000000712e-01 3.150914999999999688e-01 4.945288250000000052e-01
6.329647500000000759e-01 3.147522500000000112e-01 4.875508749999999947e-01
6.302389999999999937e-01 3.139610000000000456e-01 4.805270249999999965e-01
6.368980000000000752e-01 3.013655000000000084e-01 4.963048250000000050e-01
6.344585000000000363e-01 3.005412499999999820e-01 4.900910749999999871e-01
6.320692500000000269e-01 2.993287500000000323e-01 4.839063249999999705e-01
6.395250000000000101e-01 2.868142499999999928e-01 4.973604999999999832e-01
6.371070000000000899e-01 2.859452500000000397e-01 4.914043499999999898e-01
6.347427500000000222e-01 2.848605000000000165e-01 4.854552999999999785e-01
6.439774999999999805e-01 2.738825000000000287e-01 4.975479999999999903e-01
6.415122500000000061e-01 2.729542500000000094e-01 4.917444499999999996e-01
6.391667500000000057e-01 2.717470000000000163e-01 4.859485000000000054e-01
6.492404999999999982e-01 2.642942500000000083e-01 4.973779999999999868e-01
6.469497499999999901e-01 2.625669999999999948e-01 4.916335000000000011e-01
6.448387500000000161e-01 2.606362500000000137e-01 4.859597499999999681e-01
6.546487500000000015e-01 2.576372500000000398e-01 4.969656249999999664e-01
6.529857500000000314e-01 2.549105000000000398e-01 4.914929499999999840e-01
6.514360000000000150e-01 2.521017500000000133e-01 4.860235250000000118e-01
6.622310000000000141e-01 2.532010000000000094e-01 4.964024750000000097e-01
6.609427500000000233e-01 2.501367500000000188e-01 4.913445499999999910e-01
6.597197500000000492e-01 2.469972500000000015e-01 4.862828750000000033e-01
6.708307500000000312e-01 2.488602500000000051e-01 4.964071499999999637e-01
6.697340000000000515e-01 2.455452499999999927e-01 4.911837000000000009e-01
6.686587500000000794e-01 2.422084999999999932e-01 4.859966749999999891e-01
6.805600000000000538e-01 2.449952499999999977e-01 4.962538499999999964e-01
6.794987500000000402e-01 2.415835000000000066e-01 4.913248000000000060e-01
6.783307499999999823e-01 2.382220000000000171e-01 4.864259249999999812e-01
6.901484250000000653e-01 2.424284999999999912e-01 4.950137249999999600e-01
6.890049999999999786e-01 2.390572499999999989e-01 4.901531000000000082e-01
6.877147500000000413e-01 2.357472499999999915e-01 4.853282749999999757e-01
7.006552000000000335e-01 2.401287500000000019e-01 4.932686749999999898e-01
6.998516500000000473e-01 2.364195000000000046e-01 4.883581750000000055e-01
6.989675000000000749e-01 2.327434999999999921e-01 4.834528999999999632e-01
7.126336825000000319e-01 2.375047500000000145e-01 4.912960999999999578e-01
7.109772750000000752e-01 2.338679999999999926e-01 4.866944999999999744e-01
7.093038249999999989e-01 2.302545000000000008e-01 4.820841750000000037e-01
7.245259750000000443e-01 2.346914999999999973e-01 4.878714499999999843e-01
7.225658249999999949e-01 2.306952500000000184e-01 4.836438249999999717e-01
7.206529000000000407e-01 2.263617500000000005e-01 4.801540999999999726e-01
7.363222249999999969e-01 2.318735000000000102e-01 4.838809249999999618e-01
7.341379000000000099e-01 2.276042500000000079e-01 4.800840499999999844e-01
7.319896750000000063e-01 2.231612500000000054e-01 4.766298250000000070e-01
7.479800000000000892e-01 2.288130000000000164e-01 4.797177499999999983e-01
7.457037499999999985e-01 2.241684999999999928e-01 4.762066249999999945e-01
7.434657500000000363e-01 2.195307499999999967e-01 4.726745450000000015e-01
7.593440000000000190e-01 2.252405000000000102e-01 4.760310999999999848e-01
7.570272500000000404e-01 2.205425000000000024e-01 4.727945375000000006e-01
7.546712500000000157e-01 2.158160000000000078e-01 4.695467124999999631e-01
7.689737500000000114e-01 2.223114999999999952e-01 4.737619999999999609e-01
7.668782499999999835e-01 2.174620000000000164e-01 4.704355624999999597e-01
7.648470000000000546e-01 2.125882500000000064e-01 4.671050250000000070e-01
7.786287499999999806e-01 2.201022499999999993e-01 4.723837774999999906e-01
7.769752500000000062e-01 2.150654999999999928e-01 4.689914499999999764e-01
7.753622500000000306e-01 2.100355000000000139e-01 4.656201499999999549e-01
7.884742500000000431e-01 2.181272499999999948e-01 4.719448889999999786e-01
7.872297500000000614e-01 2.128464999999999940e-01 4.684861750000000047e-01
7.860270000000000312e-01 2.075825000000000031e-01 4.650726000000000027e-01
7.985922500000000035e-01 2.160720000000000141e-01 4.724953699999999701e-01
7.974972500000000464e-01 2.106377500000000125e-01 4.689950749999999835e-01
7.964192500000000230e-01 2.052277500000000143e-01 4.655265249999999688e-01
8.085562500000000874e-01 2.140467500000000078e-01 4.731294299999999620e-01
8.074852500000000433e-01 2.084927500000000045e-01 4.695704624999999521e-01
8.065157499999999757e-01 2.029525000000000079e-01 4.660486999999999824e-01
8.197817499999999757e-01 2.119602500000000167e-01 4.732291174999999628e-01
8.187189999999999745e-01 2.062440000000000107e-01 4.695750549999999635e-01
8.177725000000000133e-01 2.004799999999999915e-01 4.659191999999999778e-01
8.310450000000000337e-01 2.097067499999999973e-01 4.742796950000000011e-01
8.300897500000000706e-01 2.036845000000000183e-01 4.704608974999999749e-01
8.292095000000000438e-01 1.975972500000000021e-01 4.666238999999999804e-01
8.424392499999999728e-01 2.083677500000000182e-01 4.757426999999999628e-01
8.417562499999999837e-01 2.018040000000000112e-01 4.716408924999999641e-01
8.412939999999999863e-01 1.951140000000000096e-01 4.675298499999999691e-01
8.518985000000000030e-01 2.088345000000000062e-01 4.779577999999999882e-01
8.512802500000000716e-01 2.013000000000000067e-01 4.732765649999999824e-01
8.504190000000000360e-01 1.937462500000000087e-01 4.685926499999999995e-01
8.612527500000000114e-01 2.093540000000000123e-01 4.796321249999999647e-01
8.610305000000000319e-01 2.009307499999999913e-01 4.744651474999999619e-01
8.604092500000000143e-01 1.925600000000000089e-01 4.693372499999999836e-01
8.704560000000000075e-01 2.117634999999999934e-01 4.814112749999999719e-01
8.702222500000000860e-01 2.017660000000000009e-01 4.752779749999999637e-01
8.694525000000000725e-01 1.922047500000000353e-01 4.694250999999999840e-01
8.768660000000000343e-01 2.131122500000000031e-01 4.821705749999999902e-01
8.786280000000000756e-01 2.032154999999999934e-01 4.760745749999999998e-01
8.796967500000000273e-01 1.936830000000000218e-01 4.702276074999999778e-01
8.874064999999999870e-01 2.137457500000000121e-01 4.808637499999999787e-01
8.886817500000000480e-01 2.056020000000000070e-01 4.758935249999999839e-01
8.898225000000000717e-01 1.975797499999999984e-01 4.709518424999999953e-01
8.987627500000000547e-01 2.152324999999999933e-01 4.799678999999999474e-01
8.999037500000000023e-01 2.079469999999999930e-01 4.755103249999999560e-01
9.009692500000000548e-01 2.006870000000000043e-01 4.710379899999999620e-01
9.218277500000000568e-01 2.123474999999999946e-01 4.746604999999999852e-01
