5.737222500000001002e-01 -4.648250000000006543e-03 5.222282499999999494e-01
6.187280000000000557e-01 -2.905499999999991423e-03 5.104330000000000256e-01
6.153072500000000833e-01 -1.464200000000000224e-02 5.089719999999999800e-01
6.119640000000000635e-01 -2.645149999999998891e-02 5.074467499999999465e-01
6.293497500000000411e-01 -5.317999999999989402e-03 5.071982499999999616e-01
6.258642500000000108e-01 -1.710249999999999271e-02 5.057227499999999987e-01
6.224992500000000595e-01 -2.899749999999999550e-02 5.042047499999999793e-01
6.386730000000000462e-01 -7.557499999999994778e-03 5.042942499999999439e-01
6.357442500000000107e-01 -1.927474999999999328e-02 5.026950000000000029e-01
6.328422500000000506e-01 -3.179024999999999213e-02 5.009409999999999696e-01
6.489894999999999969e-01 -9.802999999999992276e-03 5.013309999999999711e-01
6.460567500000000685e-01 -2.103649999999999964e-02 4.998309999999999698e-01
6.430700000000000305e-01 -3.272875000000000090e-02 4.982592499999999869e-01
6.589952500000000324e-01 -1.273549999999999682e-02 4.988374999999999893e-01
6.556790000000000118e-01 -2.348899999999999599e-02 4.974957500000000143e-01
6.526062500000000544e-01 -3.439399999999999402e-02 4.960775249999999637e-01
6.694080000000000030e-01 -1.623249999999999693e-02 4.955030500000000004e-01
6.655097500000000110e-01 -2.651225000000000109e-02 4.944131499999999679e-01
6.621682500000000138e-01 -3.705150000000000110e-02 4.931290499999999577e-01
6.806467500000000781e-01 -1.948549999999998894e-02 4.919518749999999829e-01
6.764740000000000197e-01 -2.984824999999999284e-02 4.909014749999999760e-01
6.734945000000001070e-01 -4.048249999999999071e-02 4.894660499999999859e-01
6.929448000000000274e-01 -2.305725000000000136e-02 4.882066499999999643e-01
6.878250000000000197e-01 -3.304124999999999424e-02 4.874564000000000119e-01
6.838580000000000769e-01 -4.348724999999999119e-02 4.862882749999999921e-01
7.035739000000000853e-01 -2.579025000000000067e-02 4.853605500000000017e-01
6.984239750000000857e-01 -3.592899999999998872e-02 4.845330499999999652e-01
6.945365250000000712e-01 -4.620449999999999557e-02 4.833861499999999589e-01
7.160016574999999994e-01 -2.748849999999999905e-02 4.826891500000000113e-01
7.105164000000000479e-01 -3.766324999999999534e-02 4.817803250000000093e-01
7.060337500000000155e-01 -4.793274999999999619e-02 4.808086249999999895e-01
7.261960500000000929e-01 -2.903999999999999637e-02 4.809961499999999557e-01
7.211935750000000311e-01 -3.925274999999998904e-02 4.799403499999999601e-01
7.171208250000000728e-01 -4.931574999999999154e-02 4.789746249999999872e-01
7.370906249999999993e-01 -3.073049999999999393e-02 4.795479500000000006e-01
7.322799250000000537e-01 -4.103574999999999584e-02 4.784594249999999938e-01
7.283206000000000957e-01 -5.105124999999999247e-02 4.775071999999999650e-01
7.470235000000000625e-01 -3.299299999999999455e-02 4.782555749999999883e-01
7.428952500000000070e-01 -4.274124999999999452e-02 4.772449749999999602e-01
7.387411249999999985e-01 -5.254449999999999399e-02 4.763487750000000021e-01
7.575565000000000770e-01 -3.526024999999999299e-02 4.765618499999999536e-01
7.528350000000000319e-01 -4.484574999999998979e-02 4.757338999999999873e-01
7.486909999999999954e-01 -5.483350000000000724e-02 4.747996499999999620e-01
7.678737500000000216e-01 -3.837849999999999595e-02 4.740344474999999558e-01
7.635115000000000096e-01 -4.783199999999999952e-02 4.732177074999999733e-01
7.592627500000000973e-01 -5.730124999999999802e-02 4.723185024999999593e-01
7.770147500000000873e-01 -4.137449999999999461e-02 4.713946874999999648e-01
7.742517500000000163e-01 -5.118024999999998270e-02 4.699679625000000027e-01
7.713955000000000117e-01 -6.097225000000000561e-02 4.685241499999999726e-01
7.867557500000000870e-01 -4.369874999999999454e-02 4.697941224999999665e-01
7.854677500000000201e-01 -5.382924999999999516e-02 4.678622249999999649e-01
7.836950000000000305e-01 -6.365774999999998518e-02 4.660030000000000006e-01
8.006050000000000111e-01 -4.676924999999999832e-02 4.689283499999999938e-01
7.982932500000000653e-01 -5.645524999999998461e-02 4.667262499999999537e-01
7.961565000000000447e-01 -6.604075000000000917e-02 4.645636499999999947e-01
8.143565000000000387e-01 -5.095874999999999710e-02 4.691706749999999815e-01
8.114445000000000130e-01 -6.031024999999998193e-02 4.666905749999999964e-01
8.085455000000000281e-01 -6.950049999999999284e-02 4.643019999999999925e-01
8.268277500000000835e-01 -5.700025000000000230e-02 4.697468099999999591e-01
8.237145000000000161e-01 -6.596849999999998548e-02 4.671198500000000031e-01
8.206207500000000099e-01 -7.447924999999999685e-02 4.646263999999999950e-01
8.396630000000000482e-01 -6.621499999999999608e-02 4.716040249999999823e-01
8.346412500000000012e-01 -7.361149999999999638e-02 4.684964499999999532e-01
8.297702500000000425e-01 -8.117625000000000535e-02 4.655292999999999792e-01
8.499950000000000561e-01 -7.757125000000000825e-02 4.733123599999999875e-01
8.434827500000000589e-01 -8.348549999999999027e-02 4.698815349999999613e-01
8.369355000000000544e-01 -8.929724999999999469e-02 4.666177249999999832e-01
8.571082500000000159e-01 -8.829049999999999399e-02 4.746108749999999876e-01
8.496422500000000433e-01 -9.271274999999998268e-02 4.709541774999999597e-01
8.421892500000000004e-01 -9.724574999999999192e-02 4.675563749999999685e-01
8.617687500000000833e-01 -9.894400000000000417e-02 4.763958999999999833e-01
8.536535000000000650e-01 -1.019327499999999886e-01 4.725011749999999955e-01
8.456877500000000714e-01 -1.050935000000000064e-01 4.690131999999999635e-01
8.638102500000000017e-01 -1.090917499999999873e-01 4.779760999999999593e-01
8.553897500000000598e-01 -1.101179999999999937e-01 4.738169124999999648e-01
8.469672500000000603e-01 -1.112549999999999928e-01 4.700882299999999958e-01
8.615540000000000420e-01 -1.196632499999999988e-01 4.801247749999999481e-01
8.535392500000000826e-01 -1.183980000000000032e-01 4.755098499999999562e-01
8.451920000000000543e-01 -1.172292500000000071e-01 4.712712699999999644e-01
8.561852500000000088e-01 -1.296074999999999866e-01 4.827322499999999739e-01
8.488957500000000600e-01 -1.264284999999999992e-01 4.775502999999999831e-01
8.409742500000000343e-01 -1.236160000000000037e-01 4.727355099999999699e-01
8.493732500000000796e-01 -1.394547499999999884e-01 4.832947249999999806e-01
8.426197500000000007e-01 -1.350897500000000084e-01 4.779230999999999896e-01
8.353077500000000155e-01 -1.314585000000000059e-01 4.729915774999999822e-01
8.423797500000000937e-01 -1.477014999999999856e-01 4.844809749999999804e-01
8.363920000000000243e-01 -1.418984999999999830e-01 4.786465749999999630e-01
8.298470000000000013e-01 -1.366262500000000046e-01 4.732439374999999893e-01
8.324257500000000753e-01 -1.525745000000000018e-01 4.872283749999999913e-01
8.274055000000000160e-01 -1.458882499999999971e-01 4.807611999999999997e-01
8.218780000000001085e-01 -1.395362500000000006e-01 4.745416999999999552e-01
8.226835000000000120e-01 -1.586092500000000072e-01 4.879632749999999741e-01
8.184197500000001124e-01 -1.506069999999999909e-01 4.808360250000000002e-01
8.139900000000001024e-01 -1.420827500000000077e-01 4.734520074999999939e-01
8.145762500000000017e-01 -1.642027500000000084e-01 4.894716499999999804e-01
8.095992500000001035e-01 -1.569242499999999874e-01 4.807251999999999637e-01
8.049885000000001067e-01 -1.499369999999999870e-01 4.720956382500000048e-01
8.050475000000000270e-01 -1.701874999999999916e-01 4.902814499999999520e-01
8.016652500000001069e-01 -1.635719999999999952e-01 4.822480249999999691e-01
7.983837500000000587e-01 -1.567629999999999857e-01 4.740070674999999900e-01
7.954740000000000144e-01 -1.767569999999999975e-01 4.868155999999999595e-01
7.935437500000001032e-01 -1.703992500000000021e-01 4.795256749999999846e-01
7.920567500000000871e-01 -1.644127499999999964e-01 4.719846514749999611e-01
7.872765000000000457e-01 -1.813819999999999877e-01 4.826484749999999657e-01
7.873200000000000198e-01 -1.747492499999999949e-01 4.762316500000000064e-01
7.867312500000001041e-01 -1.684507499999999824e-01 4.696071824999999977e-01
7.772442500000000809e-01 -1.817070000000000074e-01 4.806148249999999678e-01
7.788707500000000561e-01 -1.754232500000000028e-01 4.746665749999999795e-01
7.800167500000000365e-01 -1.692180000000000073e-01 4.687503749999999969e-01
7.668617500000000087e-01 -1.797170000000000156e-01 4.793204999999999827e-01
7.700377500000000763e-01 -1.740529999999999855e-01 4.738243024999999609e-01
7.727697500000000330e-01 -1.682687499999999947e-01 4.683596749999999753e-01
7.569355000000000944e-01 -1.738875000000000004e-01 4.771764499999999742e-01
7.613502500000000062e-01 -1.690982500000000055e-01 4.720482814999999999e-01
7.653175000000000949e-01 -1.640560000000000074e-01 4.669017749999999634e-01
7.501162500000000399e-01 -1.658802500000000069e-01 4.761853999999999809e-01
7.553332500000000671e-01 -1.621479999999999866e-01 4.712824124999999698e-01
7.602422500000000083e-01 -1.580300000000000038e-01 4.662978249999999991e-01
7.427307500000001061e-01 -1.579412500000000052e-01 4.757464249999999728e-01
7.478230000000000155e-01 -1.541657499999999903e-01 4.710463424999999926e-01
7.526367500000000765e-01 -1.500192499999999929e-01 4.664750749999999613e-01
7.375794750000000954e-01 -1.496144999999999836e-01 4.768255999999999606e-01
7.428542500000000492e-01 -1.464767499999999889e-01 4.723549074999999764e-01
7.478975000000001039e-01 -1.430524999999999991e-01 4.681330249999999804e-01
7.335724000000000133e-01 -1.416237499999999927e-01 4.781029499999999710e-01
7.392816750000000825e-01 -1.393399999999999916e-01 4.736154750000000080e-01
7.445942500000000130e-01 -1.367384999999999851e-01 4.695305449999999658e-01
7.319232000000001070e-01 -1.341192499999999954e-01 4.776534749999999940e-01
7.379771750000000408e-01 -1.329017499999999852e-01 4.732225199999999798e-01
7.441042500000000226e-01 -1.317697499999999911e-01 4.688418500000000044e-01
7.303205750000000274e-01 -1.268077499999999969e-01 4.756200499999999609e-01
7.365252000000001020e-01 -1.262599999999999834e-01 4.714724049999999833e-01
7.427670000000000661e-01 -1.257332499999999909e-01 4.671789000000000081e-01
7.296786750000000543e-01 -1.190967500000000012e-01 4.740045549999999941e-01
7.359283500000000089e-01 -1.186929999999999930e-01 4.701233850000000047e-01
7.422527500000000167e-01 -1.184397499999999825e-01 4.662431750000000097e-01
7.301874750000000303e-01 -1.111462500000000020e-01 4.731145874999999612e-01
7.364983500000000793e-01 -1.107777500000000082e-01 4.697662675000000010e-01
7.428280000000000438e-01 -1.108849999999999836e-01 4.663581749999999859e-01
7.305954250000000760e-01 -1.024674999999999891e-01 4.737165050000000099e-01
7.368580250000000831e-01 -1.023222500000000035e-01 4.703994675000000014e-01
7.431022500000000752e-01 -1.025547500000000001e-01 4.670922750000000012e-01
7.310935000000000628e-01 -9.125900000000000678e-02 4.745537499999999964e-01
7.373007250000001012e-01 -9.213499999999999468e-02 4.711579300000000026e-01
7.434430000000000760e-01 -9.288024999999999753e-02 4.678374750000000026e-01
7.330012750000000077e-01 -7.863399999999998169e-02 4.747233750000000030e-01
7.391123750000000436e-01 -8.053425000000000167e-02 4.712732599999999716e-01
7.452460000000000750e-01 -8.242949999999998889e-02 4.678361500000000062e-01
7.361038000000000858e-01 -6.803675000000000694e-02 4.738017574999999759e-01
7.420880000000000809e-01 -7.004525000000000334e-02 4.704001224999999620e-01
7.481022500000000797e-01 -7.227600000000000691e-02 4.669907749999999691e-01
7.382696750000000696e-01 -5.683625000000000482e-02 4.730054249999999794e-01
7.443890000000000784e-01 -5.783749999999998614e-02 4.695249424999999865e-01
7.505710000000000992e-01 -5.876974999999998173e-02 4.660806499999999852e-01
7.388953000000000326e-01 -4.485825000000000229e-02 4.725677924999999724e-01
7.450570000000000803e-01 -4.491099999999999259e-02 4.690251249999999872e-01
7.512777500000000774e-01 -4.475449999999998874e-02 4.655491999999999964e-01
7.381553500000000989e-01 -3.259424999999999129e-02 4.727459749999999850e-01
7.440250000000000474e-01 -3.197774999999999923e-02 4.688975749999999554e-01
7.502742500000000314e-01 -3.124475000000000169e-02 4.657431499999999946e-01
7.360766499999999990e-01 -2.020224999999999105e-02 4.725042049999999549e-01
7.418912500000000021e-01 -1.908124999999999405e-02 4.688456249999999881e-01
7.478117499999999973e-01 -1.788075000000000081e-02 4.654084499999999736e-01
7.338250000000000606e-01 -7.655250000000002331e-03 4.727079424999999779e-01
7.395235000000000003e-01 -6.114750000000002128e-03 4.690846750000000065e-01
7.453022500000000550e-01 -4.512499999999988742e-03 4.656374500000000083e-01
7.317879750000000350e-01 4.350750000000000450e-03 4.750757250000000043e-01
7.373954000000000342e-01 6.536250000000007332e-03 4.715527250000000059e-01
7.431332500000000785e-01 8.448250000000004367e-03 4.681163749999999735e-01
7.295685500000000934e-01 1.685375000000000761e-02 4.755505749999999754e-01
7.352373000000000935e-01 1.870500000000000634e-02 4.719990277749999685e-01
7.409777500000001016e-01 2.055925000000000114e-02 4.685440249999999751e-01
7.253370500000000387e-01 2.763200000000000378e-02 4.748008249999999819e-01
7.315752250000000512e-01 3.031575000000000242e-02 4.706947025000000062e-01
7.378848749999999956e-01 3.251925000000000648e-02 4.668907250000000064e-01
7.228245750000000802e-01 4.107250000000000484e-02 4.759242499999999931e-01
7.298887250000000160e-01 4.383750000000000147e-02 4.712413849999999571e-01
7.369643250000000867e-01 4.587725000000000830e-02 4.669840999999999576e-01
7.198803000000000285e-01 5.279860000000000109e-02 4.757436999999999916e-01
7.282704750000000837e-01 5.630317500000000391e-02 4.701310624999999743e-01
7.368367500000000403e-01 5.988085000000000629e-02 4.647966249999999633e-01
7.159935675000000943e-01 6.620217500000000199e-02 4.733024449999999606e-01
7.266273250000000461e-01 6.878502499999999964e-02 4.703234474999999915e-01
7.405240000000000711e-01 6.966377500000001111e-02 4.665152750000000070e-01
7.174942250000000410e-01 7.856654999999999889e-02 4.731355499999999603e-01
7.262863000000000513e-01 8.048897500000000427e-02 4.706371349999999842e-01
7.355288500000000118e-01 8.193374999999999964e-02 4.668964999999999921e-01
7.179828000000000321e-01 9.183145000000000890e-02 4.723398600000000003e-01
7.252947750000000582e-01 9.382039999999999824e-02 4.700446199999999686e-01
7.321903250000000307e-01 9.568945000000000922e-02 4.672923999999999967e-01
7.174222250000000800e-01 1.066902500000000142e-01 4.722362330000000052e-01
7.236523000000000261e-01 1.082069999999999976e-01 4.701483025000000038e-01
7.298141000000000211e-01 1.098227499999999968e-01 4.677966499999999805e-01
7.162148274999999842e-01 1.218840000000000062e-01 4.727287000000000017e-01
7.222340000000000426e-01 1.230387500000000023e-01 4.706340725000000003e-01
7.282206250000000658e-01 1.242532500000000095e-01 4.684677499999999606e-01
7.157969450000000178e-01 1.365907500000000108e-01 4.727734299999999945e-01
7.217377999999999849e-01 1.370760000000000034e-01 4.706848599999999827e-01
7.276524750000000763e-01 1.376232500000000025e-01 4.685634249999999779e-01
7.169003824999999885e-01 1.510467500000000074e-01 4.728320174999999792e-01
7.226951750000000230e-01 1.506839999999999846e-01 4.707405849999999892e-01
7.285170750000000695e-01 1.503532499999999938e-01 4.686287000000000091e-01
7.189564750000000393e-01 1.645942499999999975e-01 4.718642857500000010e-01
7.245120500000000741e-01 1.639265000000000028e-01 4.698485000000000023e-01
7.301060999999999801e-01 1.631837500000000163e-01 4.678168249999999917e-01
7.205170499999999922e-01 1.776440000000000241e-01 4.707437574999999708e-01
7.261318500000000231e-01 1.774337500000000012e-01 4.686621249999999850e-01
7.317751500000000409e-01 1.771947500000000120e-01 4.665624999999999911e-01
7.209531250000000835e-01 1.912070000000000158e-01 4.709324624999999820e-01
7.265796250000000622e-01 1.914740000000000053e-01 4.687188749999999793e-01
7.322029750000000892e-01 1.918420000000000125e-01 4.665082249999999986e-01
7.205035750000000627e-01 2.042335000000000123e-01 4.726944074999999690e-01
7.260556249999999823e-01 2.048820000000000086e-01 4.705360449999999584e-01
7.316473000000000004e-01 2.057862500000000039e-01 4.684789249999999905e-01
7.187403250000000687e-01 2.156280000000000141e-01 4.755188499999999929e-01
7.239786249999999868e-01 2.163734999999999964e-01 4.735015374999999582e-01
7.291719500000000131e-01 2.176607500000000139e-01 4.708886824999999887e-01
7.180069500000000327e-01 2.266555000000000097e-01 4.802586749999999682e-01
7.227747749999999805e-01 2.277145000000000141e-01 4.773232000000000030e-01
7.275560250000000506e-01 2.289167500000000022e-01 4.741024999999999823e-01
7.170141500000000168e-01 2.387635000000000174e-01 4.854355249999999788e-01
7.214586250000000200e-01 2.396149999999999947e-01 4.816189499999999901e-01
7.259040250000000638e-01 2.406687500000000146e-01 4.777705999999999897e-01
7.171211000000000668e-01 2.544647500000000173e-01 4.882833500000000049e-01
7.212886000000000575e-01 2.546589999999999687e-01 4.838921250000000063e-01
7.254248250000000509e-01 2.548782499999999729e-01 4.795155249999999980e-01
7.175018750000000667e-01 2.715942500000000370e-01 4.896749750000000123e-01
7.212735250000000820e-01 2.708977499999999927e-01 4.850357750000000023e-01
7.250760250000000129e-01 2.702885000000000426e-01 4.803552249999999968e-01
7.179535500000000514e-01 2.866420000000000079e-01 4.889705500000000038e-01
7.217638000000000664e-01 2.857680000000000220e-01 4.843355749999999627e-01
7.256101000000000356e-01 2.848720000000000141e-01 4.796604499999999605e-01
7.188346250000000603e-01 2.994829999999999992e-01 4.893056249999999663e-01
7.226662750000000246e-01 2.986145000000000049e-01 4.845075500000000090e-01
7.264788500000000093e-01 2.979160000000000141e-01 4.797422249999999666e-01
7.178676000000000501e-01 3.123449999999999838e-01 4.896796749999999809e-01
7.216498000000000079e-01 3.119542499999999885e-01 4.847114999999999618e-01
7.253951499999999886e-01 3.118772499999999948e-01 4.797520249999999709e-01
7.157655525000000685e-01 3.233485000000000387e-01 4.913128499999999677e-01
7.194619749999999758e-01 3.238287499999999985e-01 4.861844249999999756e-01
7.230712249999999841e-01 3.245230000000000059e-01 4.811122499999999635e-01
7.115375250000000040e-01 3.348730000000000318e-01 4.930700000000000083e-01
7.150616850000000024e-01 3.359805000000000152e-01 4.878258500000000053e-01
7.184473749999999992e-01 3.373355000000000103e-01 4.826530499999999724e-01
7.044921750000000538e-01 3.467304999999999970e-01 4.965773749999999875e-01
7.077295000000000114e-01 3.483605000000000174e-01 4.912850749999999600e-01
7.109026500000000803e-01 3.502554999999999974e-01 4.859957500000000041e-01
6.969369000000000813e-01 3.589804999999999802e-01 4.982042499999999596e-01
6.998552000000000106e-01 3.610680000000000001e-01 4.926912999999999987e-01
7.025923750000000467e-01 3.632205000000000017e-01 4.871050999999999576e-01
6.851610000000000200e-01 3.637755000000000294e-01 4.967246750000000044e-01
6.872280000000000610e-01 3.662529999999999952e-01 4.907735999999999765e-01
6.893464999999999732e-01 3.685554999999999803e-01 4.847718749999999632e-01
6.723425000000000651e-01 3.636705000000000076e-01 4.950006999999999602e-01
6.733750000000000568e-01 3.661880000000000135e-01 4.885043749999999907e-01
6.742922500000000374e-01 3.685680000000000067e-01 4.820103499999999763e-01
6.615105000000000013e-01 3.591530000000000000e-01 4.947771999999999726e-01
6.614674999999999860e-01 3.613204999999999889e-01 4.875482499999999608e-01
6.615094999999999725e-01 3.635754999999999959e-01 4.803677249999999677e-01
6.518727500000000008e-01 3.536504999999999788e-01 4.954872750000000048e-01
6.514385000000000314e-01 3.558155000000000068e-01 4.873573999999999962e-01
6.507700000000000706e-01 3.580404999999999838e-01 4.792223749999999782e-01
6.443600000000000438e-01 3.484729999999999772e-01 4.968823749999999873e-01
6.427275000000000071e-01 3.501130000000000075e-01 4.875115250000000011e-01
6.411875000000000213e-01 3.524154999999999927e-01 4.779384749999999737e-01
6.395859999999999879e-01 3.421155000000000168e-01 4.997424999999999784e-01
6.370784999999999920e-01 3.433329999999999993e-01 4.881664249999999594e-01
6.346080000000000609e-01 3.454980000000000273e-01 4.770072499999999938e-01
6.375690000000000524e-01 3.328380000000000227e-01 4.981947499999999640e-01
6.339830000000000743e-01 3.344830000000000303e-01 4.873591999999999924e-01
6.308487500000000692e-01 3.363855000000000040e-01 4.766028999999999960e-01
6.346107500000000012e-01 3.249779999999999891e-01 4.955020250000000126e-01
6.317690000000000250e-01 3.259905000000000164e-01 4.870675749999999748e-01
6.290202500000000585e-01 3.262929999999999997e-01 4.785196999999999923e-01
6.346479999999999899e-01 3.148372500000000129e-01 4.940280249999999818e-01
6.323562500000000641e-01 3.146470000000000100e-01 4.868905499999999775e-01
6.301060000000000549e-01 3.139307500000000362e-01 4.797104999999999841e-01
6.354914999999999869e-01 3.019107500000000055e-01 4.957988500000000132e-01
6.334819999999999895e-01 3.011255000000000459e-01 4.894330000000000069e-01
6.315332500000000460e-01 2.999392499999999906e-01 4.831058749999999624e-01
6.378749999999999698e-01 2.881922500000000387e-01 4.972862499999999852e-01
6.359505000000000852e-01 2.873197499999999849e-01 4.911479249999999852e-01
6.340835000000000221e-01 2.862299999999999844e-01 4.850263750000000096e-01
6.427015000000000366e-01 2.761597500000000371e-01 4.978394999999999904e-01
6.407860000000000777e-01 2.753347500000000170e-01 4.918044999999999778e-01
6.390762500000000124e-01 2.740592499999999765e-01 4.858223749999999730e-01
6.486395000000000355e-01 2.662579999999999947e-01 4.984925000000000050e-01
6.470185000000000519e-01 2.645467499999999972e-01 4.924898500000000068e-01
6.455565000000000886e-01 2.626087500000000019e-01 4.866203749999999939e-01
6.548777500000000362e-01 2.593687500000000368e-01 4.986132500000000078e-01
6.538477500000000608e-01 2.567979999999999707e-01 4.928427499999999961e-01
6.529175000000000395e-01 2.541572500000000012e-01 4.871071249999999742e-01
6.637042499999999956e-01 2.547099999999999920e-01 4.979965000000000086e-01
6.627945000000000642e-01 2.520272500000000360e-01 4.926575749999999587e-01
6.619607499999999867e-01 2.493372500000000103e-01 4.872542249999999853e-01
6.735932500000000323e-01 2.504497500000000265e-01 4.975017499999999648e-01
6.728397500000000697e-01 2.475489999999999913e-01 4.919672250000000080e-01
6.720942500000000042e-01 2.446995000000000142e-01 4.864218750000000036e-01
6.846475000000000755e-01 2.466592499999999966e-01 4.968404249999999744e-01
6.838707500000000827e-01 2.437634999999999941e-01 4.915337999999999652e-01
6.829425000000000079e-01 2.409337500000000021e-01 4.862623500000000099e-01
6.949100000000000277e-01 2.444432500000000008e-01 4.953176999999999719e-01
6.940099000000000684e-01 2.415992500000000154e-01 4.900877750000000033e-01
6.929437500000000805e-01 2.388075000000000059e-01 4.848977499999999607e-01
7.057885500000000700e-01 2.418012499999999954e-01 4.938945750000000023e-01
7.052748250000000496e-01 2.385982500000000117e-01 4.885832249999999544e-01
7.045915500000000664e-01 2.354547500000000182e-01 4.833052999999999932e-01
7.175790250000000370e-01 2.388760000000000050e-01 4.925880499999999995e-01
7.161712224999999821e-01 2.357467500000000049e-01 4.875382249999999917e-01
7.147040050000000866e-01 2.325730000000000020e-01 4.826683749999999828e-01
7.290848250000000474e-01 2.355955000000000132e-01 4.901160249999999552e-01
7.272500000000000631e-01 2.321170000000000178e-01 4.854120749999999984e-01
7.253621749999999979e-01 2.282030000000000169e-01 4.814838249999999764e-01
7.405114999999999892e-01 2.323587500000000028e-01 4.869357500000000005e-01
7.383606500000000628e-01 2.285915000000000030e-01 4.826254249999999968e-01
7.362149500000000346e-01 2.246134999999999937e-01 4.786404249999999805e-01
7.517280000000000628e-01 2.289200000000000124e-01 4.834752250000000084e-01
7.494547500000000584e-01 2.247627500000000111e-01 4.793963249999999565e-01
7.472119999999999873e-01 2.206042500000000017e-01 4.753102999999999634e-01
7.625935000000000352e-01 2.251582500000000042e-01 4.802830499999999891e-01
7.602415000000000145e-01 2.209544999999999981e-01 4.764633249999999931e-01
7.578947500000000614e-01 2.167167500000000135e-01 4.726136575000000062e-01
7.713722499999999815e-01 2.223597499999999949e-01 4.781639999999999779e-01
7.691670000000000451e-01 2.180374999999999952e-01 4.742632024999999807e-01
7.670385000000000675e-01 2.137080000000000091e-01 4.703484799999999577e-01
7.800192500000000528e-01 2.202310000000000101e-01 4.764431249999999674e-01
7.781127500000000197e-01 2.157777500000000181e-01 4.724392199999999931e-01
7.762412499999999937e-01 2.113357500000000166e-01 4.684442500000000065e-01
7.888217499999999882e-01 2.180315000000000170e-01 4.756314249999999966e-01
7.871992500000000170e-01 2.133712500000000123e-01 4.715128574999999933e-01
7.855690000000000728e-01 2.087355000000000183e-01 4.674310749999999737e-01
7.979870000000000019e-01 2.154580000000000106e-01 4.756803000000000003e-01
7.964655000000000484e-01 2.106577500000000047e-01 4.714917649999999516e-01
7.948884999999999978e-01 2.058922499999999989e-01 4.673397999999999719e-01
8.073805000000000565e-01 2.129297500000000010e-01 4.756406999999999718e-01
8.059137499999999843e-01 2.079940000000000122e-01 4.713711849999999703e-01
8.044967499999999827e-01 2.030737499999999973e-01 4.671256749999999625e-01
8.185980000000000478e-01 2.103750000000000064e-01 4.752153249999999662e-01
8.172412500000000302e-01 2.052665000000000184e-01 4.708244474999999651e-01
8.159902500000000281e-01 2.001147500000000079e-01 4.664161249999999592e-01
8.300250000000000128e-01 2.079082500000000167e-01 4.757330249999999761e-01
8.288705000000000656e-01 2.024920000000000053e-01 4.711402299999999932e-01
8.278035000000000254e-01 1.970165000000000388e-01 4.665111750000000002e-01
8.416225000000000511e-01 2.064025000000000165e-01 4.768393749999999542e-01
8.408250000000000446e-01 2.004637499999999961e-01 4.718943502499999831e-01
8.402815000000000145e-01 1.944120000000000292e-01 4.669090749999999512e-01
8.512382499999999741e-01 2.066942499999999960e-01 4.789204749999999566e-01
8.505962500000000537e-01 1.998557499999999987e-01 4.732687849999999696e-01
8.497297500000000614e-01 1.930230000000000001e-01 4.675925999999999694e-01
8.607082500000000636e-01 2.071834999999999927e-01 4.805870749999999747e-01
8.605567499999999814e-01 1.995359999999999912e-01 4.743278274999999655e-01
8.600242500000000456e-01 1.919545000000000279e-01 4.680927749999999610e-01
8.699590000000000378e-01 2.095484999999999987e-01 4.826795499999999572e-01
8.698882500000000295e-01 2.004727500000000051e-01 4.752456999999999931e-01
8.692827499999999930e-01 1.918062500000000115e-01 4.681292249999999822e-01
8.764067500000000122e-01 2.106527499999999997e-01 4.840026499999999787e-01
8.783967500000000594e-01 2.016362500000000169e-01 4.767383499999999774e-01
8.797217500000000800e-01 1.929607500000000142e-01 4.697491474999999639e-01
8.870970000000000244e-01 2.112572500000000075e-01 4.834976999999999747e-01
8.885950000000000237e-01 2.038524999999999920e-01 4.775446250000000004e-01
8.900075000000000625e-01 1.965632500000000227e-01 4.716628524999999517e-01
8.985267500000000407e-01 2.126629999999999909e-01 4.835246500000000003e-01
8.998844999999999761e-01 2.060295000000000043e-01 4.781975249999999567e-01
9.011824999999999974e-01 1.994269999999999932e-01 4.728666649999999638e-01
9.218637499999999818e-01 2.101407500000000150e-01 4.793068999999999802e-01
