6.598580000000000556e-01 5.786042500000000005e-02 5.490307500000000118e-01
7.049589250000000140e-01 4.622900000000000620e-02 5.506207499999999921e-01
6.996036000000001032e-01 3.807775000000000742e-02 5.430814999999999948e-01
6.943748750000000580e-01 2.981900000000000522e-02 5.355050000000000088e-01
7.152782550000000850e-01 4.134225000000000400e-02 5.492437500000000306e-01
7.097583750000000524e-01 3.318200000000000316e-02 5.416455000000000020e-01
7.045851750000000635e-01 2.487025000000000347e-02 5.340555000000000163e-01
7.245708000000000704e-01 3.688625000000000237e-02 5.480122499999999786e-01
7.196025249999999929e-01 2.872000000000000247e-02 5.404664999999999608e-01
7.147281149999999972e-01 1.987350000000000227e-02 5.324847499999999512e-01
7.350973250000000236e-01 3.233825000000000588e-02 5.466520000000000268e-01
7.300731250000001005e-01 2.463950000000000168e-02 5.394284999999999775e-01
7.250856250000000669e-01 1.656750000000000583e-02 5.319374999999999520e-01
7.451350000000001028e-01 2.757125000000000548e-02 5.441607499999999709e-01
7.396120000000000472e-01 2.042825000000000196e-02 5.373212499999999725e-01
7.344274000000000635e-01 1.314225000000000115e-02 5.303369999999999473e-01
7.553425000000000278e-01 2.240550000000000180e-02 5.404442499999999594e-01
7.490617500000000817e-01 1.588225000000000747e-02 5.341082499999999511e-01
7.434157500000000418e-01 9.094500000000005357e-03 5.274765000000000148e-01
7.662127499999999980e-01 1.741800000000000292e-02 5.360420000000000185e-01
7.591252500000000847e-01 1.120800000000000962e-02 5.300089999999999524e-01
7.529107500000000730e-01 4.685250000000001913e-03 5.235704999999999387e-01
7.772267500000000773e-01 1.159250000000001252e-02 5.299454999999999583e-01
7.687762500000000498e-01 6.277749999999998609e-03 5.248699999999999477e-01
7.609365000000000157e-01 5.112500000000047562e-04 5.192164999999999697e-01
7.859850000000000447e-01 6.651749999999997942e-03 5.243594999999999784e-01
7.770610000000000017e-01 1.645250000000000878e-03 5.196892499999999915e-01
7.686022500000000424e-01 -3.680249999999996025e-03 5.145997500000000224e-01
7.946220000000000505e-01 5.475000000000063149e-04 5.190937500000000204e-01
7.848642500000000410e-01 -3.746499999999999830e-03 5.150867499999999266e-01
7.756487499999999979e-01 -8.557499999999995666e-03 5.104567500000000146e-01
8.010935000000000139e-01 -4.662499999999999978e-03 5.141390000000000127e-01
7.913680000000000714e-01 -8.812749999999994199e-03 5.104137499999999994e-01
7.823067500000000507e-01 -1.333149999999999613e-02 5.060592499999999605e-01
8.076662500000000300e-01 -1.076275000000000148e-02 5.084262499999999685e-01
7.976720000000000477e-01 -1.419600000000000029e-02 5.049454999999999361e-01
7.883530000000000815e-01 -1.798524999999999430e-02 5.009149999999999991e-01
8.122234999999999872e-01 -1.732149999999998968e-02 5.033152499999999918e-01
8.028767500000000279e-01 -2.048449999999998883e-02 4.998882499999999784e-01
7.933675000000000033e-01 -2.353974999999999818e-02 4.962672249999999785e-01
8.165162500000000545e-01 -2.440874999999999295e-02 4.982332499999999609e-01
8.070307500000000189e-01 -2.708949999999998859e-02 4.952097500000000041e-01
7.973780000000000312e-01 -3.038124999999999853e-02 4.917059749999999618e-01
8.201110000000000344e-01 -3.263924999999999466e-02 4.934947999999999557e-01
8.110387500000000305e-01 -3.570249999999999813e-02 4.903059749999999495e-01
8.016750000000000265e-01 -3.888549999999998952e-02 4.869809749999999826e-01
8.245480000000000587e-01 -4.065199999999999370e-02 4.898124999999999840e-01
8.163160000000000416e-01 -4.505874999999999464e-02 4.857118999999999742e-01
8.078957500000000236e-01 -4.943625000000000103e-02 4.817069249999999525e-01
8.301490000000000258e-01 -4.848149999999998294e-02 4.874994999999999745e-01
8.231157500000000349e-01 -5.433050000000000379e-02 4.826175749999999653e-01
8.158440000000000136e-01 -5.972649999999998793e-02 4.779147499999999993e-01
8.385857500000000186e-01 -5.884074999999999722e-02 4.856762000000000024e-01
8.316390000000000171e-01 -6.425775000000000237e-02 4.804839249999999784e-01
8.249115000000000197e-01 -6.973424999999999763e-02 4.753064499999999915e-01
8.470477499999999882e-01 -6.921050000000000813e-02 4.846975999999999507e-01
8.405607500000000787e-01 -7.472599999999998688e-02 4.790731500000000032e-01
8.342287500000000744e-01 -8.013599999999998502e-02 4.734921099999999661e-01
8.548700000000000188e-01 -7.978799999999999781e-02 4.842641499999999488e-01
8.489627500000000992e-01 -8.546950000000000380e-02 4.784230250000000018e-01
8.433085000000000164e-01 -9.084224999999998551e-02 4.728430149999999776e-01
8.628025000000000277e-01 -9.187799999999998746e-02 4.830161999999999511e-01
8.559207500000000080e-01 -9.677399999999999891e-02 4.779191749999999739e-01
8.492707500000000742e-01 -1.016527499999999862e-01 4.727975499999999554e-01
8.690962500000000146e-01 -1.052827500000000083e-01 4.815670749999999556e-01
8.616017500000000551e-01 -1.086427499999999824e-01 4.761923249999999719e-01
8.541130000000000111e-01 -1.121452500000000019e-01 4.709300399999999942e-01
8.733707500000000845e-01 -1.183624999999999816e-01 4.795796249999999539e-01
8.653390000000000803e-01 -1.209767499999999940e-01 4.747252750000000021e-01
8.574310000000000542e-01 -1.239462500000000078e-01 4.698959099999999722e-01
8.763819999999999943e-01 -1.313827499999999926e-01 4.783235499999999862e-01
8.681547499999999751e-01 -1.330349999999999866e-01 4.733832149999999683e-01
8.600705000000000711e-01 -1.352470000000000061e-01 4.687908749999999958e-01
8.778500000000000192e-01 -1.430772499999999892e-01 4.770706749999999996e-01
8.695017500000000732e-01 -1.431967499999999838e-01 4.723418899999999865e-01
8.611725000000000074e-01 -1.437667499999999987e-01 4.679226499999999955e-01
8.764897500000000674e-01 -1.547834999999999905e-01 4.770622249999999509e-01
8.684812500000000934e-01 -1.529234999999999900e-01 4.723949899999999591e-01
8.603270000000000639e-01 -1.516744999999999899e-01 4.679001250000000001e-01
8.723150000000000626e-01 -1.659047499999999897e-01 4.779979249999999902e-01
8.650525000000000020e-01 -1.621954999999999925e-01 4.731169824999999496e-01
8.574297500000001016e-01 -1.592840000000000089e-01 4.683163999999999660e-01
8.659445000000001169e-01 -1.770295000000000063e-01 4.763690499999999606e-01
8.592432500000000140e-01 -1.719414999999999971e-01 4.715613349999999704e-01
8.519115000000000437e-01 -1.680317500000000075e-01 4.668296499999999849e-01
8.581965000000000288e-01 -1.858394999999999908e-01 4.760453749999999928e-01
8.524485000000000534e-01 -1.791594999999999716e-01 4.709826199999999630e-01
8.459392500000000314e-01 -1.735557500000000086e-01 4.659586000000000006e-01
8.475837500000000801e-01 -1.916194999999999982e-01 4.779972249999999701e-01
8.429577500000000612e-01 -1.838170000000000082e-01 4.725931974999999508e-01
8.376942500000000846e-01 -1.765895000000000103e-01 4.671974749999999732e-01
8.367835000000000134e-01 -1.975894999999999735e-01 4.783538249999999548e-01
8.332327500000000775e-01 -1.882594999999999685e-01 4.725045599999999624e-01
8.296455000000000357e-01 -1.781769999999999743e-01 4.664497749999999554e-01
8.267280000000000184e-01 -2.008145000000000069e-01 4.810318249999999685e-01
8.229980000000000073e-01 -1.919095000000000106e-01 4.734624324999999745e-01
8.191262500000000557e-01 -1.831094999999999806e-01 4.660756499999999525e-01
8.150452500000000544e-01 -2.032844999999999791e-01 4.836905499999999969e-01
8.125995000000000301e-01 -1.955144999999999800e-01 4.764643749999999955e-01
8.103872500000000034e-01 -1.873245000000000049e-01 4.691480749999999977e-01
8.022420000000000107e-01 -2.054794999999999816e-01 4.828931249999999786e-01
8.009332500000000410e-01 -1.984945000000000181e-01 4.759177749999999874e-01
8.001165000000000083e-01 -1.918119999999999825e-01 4.686418249999999563e-01
7.910870000000000957e-01 -2.067620000000000013e-01 4.811471499999999679e-01
7.918015000000000470e-01 -2.002869999999999928e-01 4.746025499999999564e-01
7.922379999999999978e-01 -1.940270000000000050e-01 4.679141499999999732e-01
7.804505000000000470e-01 -2.035845000000000016e-01 4.806172749999999549e-01
7.823065000000000158e-01 -1.977444999999999897e-01 4.741518124999999917e-01
7.839892500000000819e-01 -1.920870000000000077e-01 4.676606499999999556e-01
7.699192500000000550e-01 -1.993070000000000119e-01 4.810106249999999695e-01
7.727110000000000367e-01 -1.941470000000000140e-01 4.746051499999999757e-01
7.754900000000000126e-01 -1.890795000000000115e-01 4.682441249999999555e-01
7.588022500000000115e-01 -1.922369999999999912e-01 4.805558999999999803e-01
7.623852500000000143e-01 -1.877369999999999872e-01 4.742653349999999546e-01
7.658405000000000351e-01 -1.832194999999999796e-01 4.680887999999999716e-01
7.500250000000000528e-01 -1.835019999999999984e-01 4.802955749999999746e-01
7.542415000000000092e-01 -1.798569999999999891e-01 4.741198274999999795e-01
7.582592500000000513e-01 -1.759822500000000067e-01 4.680221499999999701e-01
7.441840000000000677e-01 -1.729697500000000054e-01 4.810462500000000086e-01
7.486937500000000467e-01 -1.700424999999999853e-01 4.749333249999999618e-01
7.530592500000000689e-01 -1.667957499999999926e-01 4.689242249999999723e-01
7.413350000000000772e-01 -1.623999999999999888e-01 4.814385499999999651e-01
7.461370000000000502e-01 -1.603964999999999974e-01 4.753004750000000000e-01
7.509572500000000206e-01 -1.583279999999999965e-01 4.692128749999999737e-01
7.386270500000000627e-01 -1.528217500000000062e-01 4.805679499999999660e-01
7.437257500000000743e-01 -1.515757500000000091e-01 4.745025749999999820e-01
7.489005000000000800e-01 -1.503382500000000066e-01 4.684704999999999564e-01
7.359705000000000830e-01 -1.434712499999999946e-01 4.787275999999999754e-01
7.413720000000000310e-01 -1.428510000000000058e-01 4.728494299999999595e-01
7.468247500000000372e-01 -1.423319999999999863e-01 4.668609499999999968e-01
7.324521750000000386e-01 -1.344660000000000022e-01 4.768526249999999744e-01
7.380336750000000556e-01 -1.336805000000000077e-01 4.714075724999999828e-01
7.436182500000000362e-01 -1.330417499999999864e-01 4.658912249999999644e-01
7.286867250000000906e-01 -1.249112500000000014e-01 4.754389499999999713e-01
7.344753500000000823e-01 -1.236357499999999887e-01 4.704641649999999897e-01
7.401925000000000310e-01 -1.224105000000000054e-01 4.654779499999999737e-01
7.252826500000000287e-01 -1.145117499999999955e-01 4.750911499999999621e-01
7.313622750000000616e-01 -1.132347499999999951e-01 4.707127549999999827e-01
7.373122750000000725e-01 -1.120674999999999866e-01 4.663993249999999757e-01
7.223109750000000773e-01 -1.035867500000000052e-01 4.753805499999999573e-01
7.287860500000000741e-01 -1.029714999999999936e-01 4.715452949999999754e-01
7.352156499999999983e-01 -1.024460000000000093e-01 4.677550749999999646e-01
7.216065249999999986e-01 -9.225424999999998210e-02 4.762366749999999982e-01
7.279354500000000394e-01 -9.261600000000000388e-02 4.725300749999999939e-01
7.342545500000000613e-01 -9.277124999999999955e-02 4.689049499999999870e-01
7.227221750000000222e-01 -7.969699999999999007e-02 4.764422249999999970e-01
7.289539000000000435e-01 -8.117199999999999416e-02 4.728397199999999634e-01
7.352605750000000828e-01 -8.259800000000000475e-02 4.692441249999999564e-01
7.251732250000000324e-01 -6.914899999999998825e-02 4.752208249999999579e-01
7.312905500000000947e-01 -7.080649999999999444e-02 4.717966335000000067e-01
7.374577750000000931e-01 -7.265125000000000055e-02 4.683508249999999706e-01
7.264410250000000735e-01 -5.807974999999998555e-02 4.736845174999999575e-01
7.328389500000001000e-01 -5.875900000000000567e-02 4.706249399999999916e-01
7.392672500000000424e-01 -5.937300000000000910e-02 4.675342249999999700e-01
7.265499000000000818e-01 -4.650775000000000048e-02 4.734111549999999724e-01
7.328496250000000600e-01 -4.616874999999999452e-02 4.701467474999999618e-01
7.392405250000000372e-01 -4.572274999999999257e-02 4.669896749999999930e-01
7.251712250000000859e-01 -3.476975000000000204e-02 4.739288425000000027e-01
7.310752000000000361e-01 -3.363974999999999604e-02 4.702669474999999766e-01
7.374851500000000337e-01 -3.259774999999999479e-02 4.675612249999999692e-01
7.222563750000000615e-01 -2.291024999999999312e-02 4.739229624999999890e-01
7.281551250000000142e-01 -2.127024999999999055e-02 4.705853849999999672e-01
7.341821750000000479e-01 -1.965249999999998942e-02 4.674858749999999952e-01
7.190447250000000512e-01 -1.097049999999999415e-02 4.743832599999999733e-01
7.247973750000000770e-01 -8.973499999999995369e-03 4.710665099999999939e-01
7.305619500000000155e-01 -6.902499999999991975e-03 4.678518999999999872e-01
7.162408500000000400e-01 4.735000000000016973e-04 4.771892500000000092e-01
7.218613000000000390e-01 3.026500000000001411e-03 4.739570799999999751e-01
7.275963750000000729e-01 5.308500000000007657e-03 4.707676949999999860e-01
7.135055375000000089e-01 1.261125000000000440e-02 4.782092499999999746e-01
7.192091250000000047e-01 1.473050000000000748e-02 4.748315249999999765e-01
7.250022500000000703e-01 1.680400000000000643e-02 4.716187574999999854e-01
7.091361000000000470e-01 2.324325000000000696e-02 4.777841749999999776e-01
7.154617699999999969e-01 2.597475000000000478e-02 4.738429349999999651e-01
7.218565000000000120e-01 2.817575000000000635e-02 4.702195475000000013e-01
7.068674500000000638e-01 3.655825000000000741e-02 4.792888999999999622e-01
7.140822100000000505e-01 3.919125000000000386e-02 4.747533499999999629e-01
7.212733250000000762e-01 4.101050000000000528e-02 4.706264824999999985e-01
7.044585250000000576e-01 4.833900000000000696e-02 4.793799999999999728e-01
7.130877700000000097e-01 5.147280000000000605e-02 4.738760899999999721e-01
7.219362000000000279e-01 5.447025000000000478e-02 4.687306749999999855e-01
7.016421500000000755e-01 6.236710000000000864e-02 4.770602250000000044e-01
7.125224575000000948e-01 6.382635000000000391e-02 4.742380999999999958e-01
7.264835000000000598e-01 6.337042500000000800e-02 4.705671750000000042e-01
7.044776000000000371e-01 7.444101250000000058e-02 4.769183999999999646e-01
7.134749325000000475e-01 7.532405999999999824e-02 4.745469999999999966e-01
7.228418250000000489e-01 7.564587000000000394e-02 4.708151049999999560e-01
7.067435499999999982e-01 8.746947500000000486e-02 4.759293249999999587e-01
7.143168140000000221e-01 8.834667499999999951e-02 4.736667724999999995e-01
7.214283250000000924e-01 8.918425000000000658e-02 4.708816100000000060e-01
7.084437500000000387e-01 1.020575000000000093e-01 4.752060750000000056e-01
7.149432900000000091e-01 1.025345000000000006e-01 4.730724649999999976e-01
7.213643250000000284e-01 1.030897500000000078e-01 4.706602174999999777e-01
7.104407500000000653e-01 1.173150000000000026e-01 4.744557600000000042e-01
7.166111550000000552e-01 1.174344999999999972e-01 4.722872099999999573e-01
7.227603250000000923e-01 1.176302500000000056e-01 4.700237674999999671e-01
7.130056525000000311e-01 1.330517499999999964e-01 4.735416624999999602e-01
7.189432749999999928e-01 1.326327500000000215e-01 4.713544974999999693e-01
7.249016750000000231e-01 1.322857500000000075e-01 4.691560499999999911e-01
7.159797850000000352e-01 1.482660000000000089e-01 4.726587999999999901e-01
7.216346250000000850e-01 1.474862499999999854e-01 4.702994024999999634e-01
7.273156250000000211e-01 1.467795000000000072e-01 4.679085249999999641e-01
7.193121250000000799e-01 1.628922500000000162e-01 4.719393109999999725e-01
7.245883499999999922e-01 1.619582499999999980e-01 4.693341249999999909e-01
7.299307500000000726e-01 1.610132499999999967e-01 4.667001749999999949e-01
7.207410250000000351e-01 1.759202500000000002e-01 4.717599077499999849e-01
7.261450750000000287e-01 1.757900000000000018e-01 4.690842000000000067e-01
7.315693750000000772e-01 1.756575000000000220e-01 4.663938249999999841e-01
7.203502250000000107e-01 1.889127500000000182e-01 4.727355549999999740e-01
7.257699499999999970e-01 1.894969999999999988e-01 4.699947150000000073e-01
7.311602249999999970e-01 1.901510000000000145e-01 4.672753000000000045e-01
7.188235250000000187e-01 2.015445000000000153e-01 4.748832000000000053e-01
7.240777000000000463e-01 2.024662500000000143e-01 4.719994137499999853e-01
7.292601000000000777e-01 2.035137499999999933e-01 4.690504500000000077e-01
7.169332800000000061e-01 2.144702500000000012e-01 4.777582999999999691e-01
7.218760000000000732e-01 2.152584999999999915e-01 4.750299749999999932e-01
7.266751750000000065e-01 2.163617499999999916e-01 4.715716624999999884e-01
7.163472275000000167e-01 2.276232499999999992e-01 4.815196999999999949e-01
7.207800500000000055e-01 2.282227500000000020e-01 4.777637499999999871e-01
7.252021750000000599e-01 2.289164999999999950e-01 4.738126424999999919e-01
7.158807525000000505e-01 2.417545000000000111e-01 4.849976249999999878e-01
7.199013499999999954e-01 2.418595000000000050e-01 4.804969749999999928e-01
7.239416499999999921e-01 2.422287499999999927e-01 4.760212249999999923e-01
7.167638025000000468e-01 2.575709999999999944e-01 4.863724749999999708e-01
7.203618500000000813e-01 2.573570000000000024e-01 4.815459999999999741e-01
7.239695000000000435e-01 2.572127499999999900e-01 4.767291750000000050e-01
7.172626000000000834e-01 2.736767500000000242e-01 4.879692250000000064e-01
7.204622250000000117e-01 2.731667500000000137e-01 4.828700249999999805e-01
7.237011749999999743e-01 2.726447499999999913e-01 4.777730499999999769e-01
7.174678250000000590e-01 2.880077500000000068e-01 4.883524249999999789e-01
7.206554000000000570e-01 2.875550000000000050e-01 4.831950499999999593e-01
7.238315750000000603e-01 2.870084999999999997e-01 4.780035749999999584e-01
7.170838500000000781e-01 2.997837500000000155e-01 4.889456749999999685e-01
7.202117500000000394e-01 2.994999999999999885e-01 4.836774749999999679e-01
7.233365500000000781e-01 2.992042500000000049e-01 4.783933249999999804e-01
7.155192624999999751e-01 3.104802500000000132e-01 4.890729500000000063e-01
7.185619500000000048e-01 3.106467499999999715e-01 4.836594999999999644e-01
7.215608749999999905e-01 3.109254999999999658e-01 4.782373999999999792e-01
7.119837749999999854e-01 3.212610000000000188e-01 4.898860749999999764e-01
7.149327250000000467e-01 3.219072499999999781e-01 4.843336749999999635e-01
7.178114749999999766e-01 3.227335000000000065e-01 4.788272000000000084e-01
7.090135750000000625e-01 3.332930000000000059e-01 4.918257500000000060e-01
7.118866249999999951e-01 3.344030000000000058e-01 4.862067749999999799e-01
7.146731610000000012e-01 3.357530000000000237e-01 4.806721749999999793e-01
7.053631249999999797e-01 3.460254999999999859e-01 4.965065249999999764e-01
7.079890250000000496e-01 3.477180000000000271e-01 4.908328499999999872e-01
7.104720250000000625e-01 3.496854999999999825e-01 4.851899249999999664e-01
6.969471999999999889e-01 3.578680000000000194e-01 4.993369999999999753e-01
6.992736250000000098e-01 3.600504999999999955e-01 4.935514749999999617e-01
7.013327500000000603e-01 3.623180000000000289e-01 4.877047749999999793e-01
6.844212499999999810e-01 3.628104999999999802e-01 4.991677499999999656e-01
6.860657500000000297e-01 3.653305000000000025e-01 4.931090499999999932e-01
6.877450000000000507e-01 3.675455000000000250e-01 4.870102499999999779e-01
6.717637499999999928e-01 3.632679999999999798e-01 4.977944999999999731e-01
6.726702500000000251e-01 3.659304999999999919e-01 4.912753249999999849e-01
6.735085000000000655e-01 3.683430000000000315e-01 4.847616249999999738e-01
6.610982499999999984e-01 3.591254999999999864e-01 4.972955000000000014e-01
6.611112500000000392e-01 3.616630000000000122e-01 4.900558250000000005e-01
6.613247500000000167e-01 3.640754999999999963e-01 4.828727749999999763e-01
6.516385000000000094e-01 3.537005000000000288e-01 4.974157499999999898e-01
6.513695000000000457e-01 3.564355000000000162e-01 4.892103500000000160e-01
6.510154999999999692e-01 3.589379999999999793e-01 4.810457999999999679e-01
6.441095000000000015e-01 3.484929999999999972e-01 4.972814999999999874e-01
6.431562499999999849e-01 3.507755000000000178e-01 4.878325000000000022e-01
6.419332500000000108e-01 3.532354999999999801e-01 4.782464999999999633e-01
6.392067500000000457e-01 3.413030000000000230e-01 4.991394999999999582e-01
6.372477500000000017e-01 3.431830000000000158e-01 4.874999749999999743e-01
6.352520000000000389e-01 3.453829999999999956e-01 4.762782249999999995e-01
6.371445000000000025e-01 3.312180000000000124e-01 4.974974999999999814e-01
6.337059999999999915e-01 3.327605000000000146e-01 4.864120000000000110e-01
6.310267499999999696e-01 3.350730000000000097e-01 4.755954000000000015e-01
6.338230000000000253e-01 3.225939999999999919e-01 4.950165749999999587e-01
6.310492500000000060e-01 3.235412500000000025e-01 4.864417749999999652e-01
6.283564999999999845e-01 3.240680000000000227e-01 4.778750999999999971e-01
6.329387499999999944e-01 3.115479999999999916e-01 4.941706249999999745e-01
6.305397500000000655e-01 3.112464999999999815e-01 4.870592750000000137e-01
6.281330000000000524e-01 3.106552499999999939e-01 4.798976749999999680e-01
6.341615000000000446e-01 2.991507500000000208e-01 4.959718750000000065e-01
6.318540000000000267e-01 2.983399999999999941e-01 4.896979249999999784e-01
6.295582499999999859e-01 2.972635000000000138e-01 4.834436500000000025e-01
6.369605000000000405e-01 2.860110000000000152e-01 4.965873749999999975e-01
6.344680000000000319e-01 2.852972500000000022e-01 4.906551999999999580e-01
6.320582500000000437e-01 2.842839999999999812e-01 4.847019999999999662e-01
6.410557500000000353e-01 2.734710000000000196e-01 4.962522500000000059e-01
6.385089999999999932e-01 2.726887500000000353e-01 4.904822249999999939e-01
6.361002500000000337e-01 2.716155000000000097e-01 4.846863999999999617e-01
6.458117500000000177e-01 2.641162499999999969e-01 4.958175999999999695e-01
6.434732499999999966e-01 2.624727500000000324e-01 4.901161250000000136e-01
6.413325000000000831e-01 2.606422499999999642e-01 4.844342749999999698e-01
6.508200000000000651e-01 2.578642500000000171e-01 4.956383999999999790e-01
6.491305000000000547e-01 2.550574999999999926e-01 4.901544999999999930e-01
6.475600000000000245e-01 2.522662500000000252e-01 4.846556499999999934e-01
6.581147499999999706e-01 2.538147499999999779e-01 4.952982249999999809e-01
6.568534999999999791e-01 2.505064999999999653e-01 4.901911749999999790e-01
6.556477499999999736e-01 2.472867499999999996e-01 4.850904249999999918e-01
6.672275000000000844e-01 2.494547500000000029e-01 4.944223249999999958e-01
6.660337499999999800e-01 2.459360000000000157e-01 4.892149499999999818e-01
6.648007500000000514e-01 2.424375000000000002e-01 4.840532750000000051e-01
6.769384999999999986e-01 2.445507500000000112e-01 4.938765499999999697e-01
6.758312499999999945e-01 2.409657500000000063e-01 4.889983499999999705e-01
6.746885000000000243e-01 2.373407500000000170e-01 4.841387999999999803e-01
6.867407500000000109e-01 2.409917500000000046e-01 4.926441749999999620e-01
6.857577500000000548e-01 2.372025000000000106e-01 4.878846249999999607e-01
6.847389999999999866e-01 2.333760000000000001e-01 4.831471999999999989e-01
6.970172250000000735e-01 2.387130000000000085e-01 4.913736249999999806e-01
6.964565500000000631e-01 2.346232500000000054e-01 4.866875250000000097e-01
6.958420250000000307e-01 2.305332499999999951e-01 4.820391250000000127e-01
7.086719500000000505e-01 2.360632500000000022e-01 4.904634250000000084e-01
7.073044750000000436e-01 2.320875000000000021e-01 4.860409249999999570e-01
7.059223250000000727e-01 2.281157500000000060e-01 4.816224749999999943e-01
7.203945000000000487e-01 2.331372500000000181e-01 4.881437249999999728e-01
7.186688749999999848e-01 2.288604999999999945e-01 4.840991249999999635e-01
7.169315299999999835e-01 2.242942500000000006e-01 4.808219749999999570e-01
7.319659250000000172e-01 2.303187500000000165e-01 4.849187749999999686e-01
7.299888749999999815e-01 2.257852499999999929e-01 4.813006749999999556e-01
7.280216750000000347e-01 2.210999999999999910e-01 4.780456999999999623e-01
7.434257499999999963e-01 2.276305000000000134e-01 4.812101749999999623e-01
7.413615000000000066e-01 2.227642499999999970e-01 4.779097749999999811e-01
7.393149500000000263e-01 2.178920000000000023e-01 4.745841999999999561e-01
7.547095000000000331e-01 2.249327500000000146e-01 4.776492499999999697e-01
7.526822499999999971e-01 2.199135000000000117e-01 4.746524749999999626e-01
7.507257500000000805e-01 2.148702500000000126e-01 4.716191274999999572e-01
7.653600000000000403e-01 2.227905000000000024e-01 4.753045999999999660e-01
7.635910000000000197e-01 2.176422500000000093e-01 4.722198617499999695e-01
7.619405000000000205e-01 2.124854999999999938e-01 4.691169749999999916e-01
7.762857499999999966e-01 2.212775000000000158e-01 4.736271874999999909e-01
7.749222500000000347e-01 2.159800000000000053e-01 4.705015599999999854e-01
7.736192500000000916e-01 2.106982500000000036e-01 4.673929249999999591e-01
7.874324999999999797e-01 2.200377500000000042e-01 4.724592149999999879e-01
7.863575000000000426e-01 2.145202499999999957e-01 4.693379999999999774e-01
7.853097500000000286e-01 2.090292499999999998e-01 4.662412499999999960e-01
7.984747500000000109e-01 2.187667500000000098e-01 4.720383464999999834e-01
7.975269999999999859e-01 2.131014999999999993e-01 4.688702249999999738e-01
7.964990000000000681e-01 2.074982499999999952e-01 4.657085499999999989e-01
8.084737499999999910e-01 2.177052500000000168e-01 4.715153749999999588e-01
8.074514999999999887e-01 2.119395000000000029e-01 4.682957499999999551e-01
8.064675000000000038e-01 2.062220000000000164e-01 4.650858749999999819e-01
8.191807500000000131e-01 2.158750000000000113e-01 4.714292124999999722e-01
8.180505000000000138e-01 2.099705000000000044e-01 4.681094249999999679e-01
8.169925000000000104e-01 2.040267500000000067e-01 4.647865999999999942e-01
8.299185000000000034e-01 2.136962500000000043e-01 4.723079974999999653e-01
8.287815000000000598e-01 2.074845000000000161e-01 4.688467999999999525e-01
8.276272500000000365e-01 2.012035000000000073e-01 4.653857249999999723e-01
8.409575000000000244e-01 2.120065000000000144e-01 4.739744474999999513e-01
8.399447500000000177e-01 2.052555000000000074e-01 4.702429249999999783e-01
8.390294999999999837e-01 1.983695000000000319e-01 4.665065249999999497e-01
8.505565000000000486e-01 2.121369999999999922e-01 4.764043000000000028e-01
8.496207500000000357e-01 2.043765000000000165e-01 4.721517962499999777e-01
8.483892500000000947e-01 1.966125000000000234e-01 4.678724749999999544e-01
8.601872500000000699e-01 2.123375000000000123e-01 4.783657499999999785e-01
8.597162500000000707e-01 2.036410000000000164e-01 4.736923499999999843e-01
8.588150000000001061e-01 1.950220000000000287e-01 4.690229749999999531e-01
8.696785000000000210e-01 2.144645000000000024e-01 4.804518499999999581e-01
8.692467500000000680e-01 2.041392499999999943e-01 4.749056249999999979e-01
8.682515000000000649e-01 1.942937500000000151e-01 4.695783799999999619e-01
8.762469999999999981e-01 2.154142500000000016e-01 4.818345249999999580e-01
8.779402499999999776e-01 2.050605000000000067e-01 4.765333749999999813e-01
8.789400000000000546e-01 1.951202500000000228e-01 4.714149899999999782e-01
8.871130000000000404e-01 2.152805000000000135e-01 4.817927499999999919e-01
8.883849999999999802e-01 2.067855000000000110e-01 4.774444749999999793e-01
8.895592500000000236e-01 1.984127500000000266e-01 4.731370474999999631e-01
8.986580000000000679e-01 2.159985000000000099e-01 4.821824999999999584e-01
8.998072500000000584e-01 2.083955000000000113e-01 4.782915749999999688e-01
9.008897500000000447e-01 2.008195000000000119e-01 4.743940199999999718e-01
9.219662500000000982e-01 2.113707499999999961e-01 4.798484249999999673e-01
