8.479710000000000303e-01 1.054792500000000105e-01 4.626566249999999880e-01
8.611385000000000289e-01 6.093070000000001124e-02 4.660998749999999968e-01
8.486934999999999896e-01 6.077077500000001298e-02 4.662508999999999681e-01
8.362350000000000616e-01 6.060580000000001522e-02 4.664702749999999898e-01
8.615292500000000242e-01 4.938560000000001560e-02 4.669591499999999895e-01
8.488467500000000943e-01 4.922362500000000696e-02 4.670808749999999510e-01
8.362660000000000649e-01 4.903710000000001401e-02 4.673275749999999951e-01
8.613902500000000240e-01 3.845300000000001495e-02 4.676394749999999711e-01
8.490254999999999885e-01 3.775425000000001002e-02 4.678964749999999784e-01
8.359855000000000480e-01 3.696600000000001274e-02 4.680411250000000023e-01
8.616452500000000292e-01 2.662400000000000877e-02 4.681451249999999953e-01
8.498285000000000977e-01 2.616150000000001113e-02 4.683670999999999807e-01
8.375197500000000073e-01 2.574750000000001343e-02 4.684004249999999536e-01
8.614285000000000414e-01 1.509500000000001119e-02 4.680518749999999506e-01
8.499392500000000350e-01 1.520375000000000892e-02 4.682357999999999798e-01
8.383062500000000306e-01 1.519450000000001355e-02 4.682146499999999545e-01
8.608790000000000608e-01 3.034000000000022790e-03 4.676336249999999972e-01
8.497347500000000942e-01 4.172250000000016223e-03 4.676323499999999744e-01
8.385007500000000169e-01 5.197000000000021047e-03 4.674444999999999850e-01
8.603052500000000213e-01 -8.385749999999983495e-03 4.670316249999999503e-01
8.491690000000000627e-01 -6.961999999999982092e-03 4.665921499999999833e-01
8.379890000000000949e-01 -5.675499999999986112e-03 4.659833249999999483e-01
8.590805000000000247e-01 -2.084724999999998385e-02 4.663046249999999726e-01
8.481495000000000006e-01 -1.883274999999998145e-02 4.652465499999999810e-01
8.371930000000000760e-01 -1.694299999999998585e-02 4.640396749999999848e-01
8.574452500000000477e-01 -3.302399999999998392e-02 4.654535499999999937e-01
8.467394999999999783e-01 -3.069824999999998250e-02 4.637197750000000007e-01
8.360422499999999868e-01 -2.849624999999998687e-02 4.618443499999999591e-01
8.554812500000000819e-01 -4.528424999999998424e-02 4.646363499999999758e-01
8.450530000000000541e-01 -4.276999999999997470e-02 4.621777999999999720e-01
8.346557500000000296e-01 -4.034124999999998129e-02 4.595888249999999786e-01
8.532932500000000031e-01 -5.747274999999998912e-02 4.639374499999999735e-01
8.431887500000000424e-01 -5.492824999999998403e-02 4.607348999999999473e-01
8.331295000000000783e-01 -5.243699999999998362e-02 4.574140499999999609e-01
8.509917500000000468e-01 -6.962574999999998626e-02 4.634588499999999778e-01
8.412347500000000311e-01 -6.718199999999999172e-02 4.595041500000000001e-01
8.315400000000000569e-01 -6.476375000000000881e-02 4.554473249999999585e-01
8.485627500000000323e-01 -8.171000000000000485e-02 4.632434999999999747e-01
8.392307500000000253e-01 -7.950050000000000172e-02 4.585750749999999987e-01
8.299580000000000846e-01 -7.731325000000000003e-02 4.538141749999999863e-01
8.462347500000000355e-01 -9.376599999999998825e-02 4.634782249999999659e-01
8.372697500000000348e-01 -9.190249999999999808e-02 4.580931249999999899e-01
8.283837500000000853e-01 -8.999199999999998867e-02 4.526426749999999943e-01
8.436675000000000146e-01 -1.057299999999999907e-01 4.641425499999999871e-01
8.351990000000000247e-01 -1.042595000000000049e-01 4.581273750000000033e-01
8.268020000000000369e-01 -1.027932500000000027e-01 4.520677749999999495e-01
8.411140000000000283e-01 -1.175417500000000004e-01 4.653960999999999792e-01
8.331437500000000718e-01 -1.165952499999999836e-01 4.587885999999999909e-01
8.252312500000000828e-01 -1.156200000000000006e-01 4.521493500000000054e-01
8.384447500000000719e-01 -1.291997500000000021e-01 4.672358999999999818e-01
8.310182500000000694e-01 -1.288072499999999843e-01 4.600917749999999806e-01
8.236387500000000861e-01 -1.283847499999999919e-01 4.529427499999999496e-01
8.356430000000000247e-01 -1.406504999999999839e-01 4.695943724999999680e-01
8.287990000000000634e-01 -1.408177499999999915e-01 4.619832249999999974e-01
8.219882500000000869e-01 -1.409872500000000084e-01 4.544055499999999914e-01
8.326557500000000278e-01 -1.518007499999999843e-01 4.723629299999999587e-01
8.264215000000000311e-01 -1.525457500000000077e-01 4.643825749999999641e-01
8.202110000000000234e-01 -1.533172499999999883e-01 4.564768999999999632e-01
8.294715000000000282e-01 -1.626944999999999919e-01 4.755445749999999694e-01
8.238545000000000451e-01 -1.639805000000000013e-01 4.672836499999999949e-01
8.182487500000000802e-01 -1.653294999999999904e-01 4.591307249999999618e-01
8.260357500000000686e-01 -1.732549999999999923e-01 4.791396499999999725e-01
8.210320000000000951e-01 -1.750480000000000091e-01 4.706774024999999528e-01
8.160222500000000601e-01 -1.769270000000000009e-01 4.623607249999999724e-01
8.222717500000000790e-01 -1.835344999999999893e-01 4.830793249999999484e-01
8.178697500000000620e-01 -1.857170000000000210e-01 4.744484999999999952e-01
8.134447500000000497e-01 -1.880244999999999833e-01 4.660119999999999818e-01
8.181317500000000464e-01 -1.935894999999999699e-01 4.870141000000000053e-01
8.143095000000000194e-01 -1.959544999999999759e-01 4.782338749999999750e-01
8.104345000000000576e-01 -1.985095000000000054e-01 4.696494724999999981e-01
8.139342500000000813e-01 -2.035870000000000180e-01 4.908981249999999630e-01
8.104267500000000846e-01 -2.057895000000000141e-01 4.819864749999999698e-01
8.067927500000000585e-01 -2.082769999999999899e-01 4.732878150000000006e-01
8.109870000000000134e-01 -2.142594999999999916e-01 4.939436749999999710e-01
8.077085000000000514e-01 -2.159194999999999864e-01 4.848804250000000038e-01
8.043002500000000499e-01 -2.178669999999999773e-01 4.759969499999999742e-01
8.096952500000000885e-01 -2.255894999999999984e-01 4.955327249999999517e-01
8.065660000000001162e-01 -2.264145000000000185e-01 4.863191749999999924e-01
8.032897500000000246e-01 -2.273870000000000058e-01 4.772280499999999592e-01
8.062112500000000459e-01 -2.364370000000000083e-01 4.969899999999999873e-01
8.035030000000000783e-01 -2.361869999999999803e-01 4.876077999999999801e-01
8.005460000000000909e-01 -2.364594999999999891e-01 4.782734249999999743e-01
8.004680000000000684e-01 -2.456019999999999870e-01 4.984092499999999704e-01
7.982455000000000522e-01 -2.448794999999999722e-01 4.887121999999999855e-01
7.958332500000000476e-01 -2.445594999999999852e-01 4.790631499999999932e-01
7.924990000000000645e-01 -2.526570000000000205e-01 4.999707499999999638e-01
7.908352500000001006e-01 -2.515445000000000042e-01 4.897349749999999613e-01
7.892112500000000308e-01 -2.507769999999999722e-01 4.795810499999999532e-01
7.827600000000000113e-01 -2.563794999999999824e-01 5.015064999999999662e-01
7.817855000000000221e-01 -2.551069999999999727e-01 4.904588249999999872e-01
7.810872500000000107e-01 -2.543044999999999889e-01 4.795088999999999602e-01
7.726020000000000110e-01 -2.557544999999999957e-01 5.029752499999999849e-01
7.722850000000001103e-01 -2.547369999999999912e-01 4.902426999999999757e-01
7.727870000000001127e-01 -2.548269999999999702e-01 4.772800749999999703e-01
7.631422500000000220e-01 -2.574445000000000205e-01 5.026312499999999739e-01
7.623057500000001152e-01 -2.545669999999999877e-01 4.902968999999999800e-01
7.607880000000000198e-01 -2.511395000000000155e-01 4.782928499999999916e-01
7.521460000000000923e-01 -2.587570000000000148e-01 5.012277499999999719e-01
7.524952500000000599e-01 -2.562369999999999925e-01 4.902966249999999859e-01
7.520495000000000374e-01 -2.528444999999999721e-01 4.794279499999999916e-01
7.393925000000001191e-01 -2.575994999999999813e-01 4.983797500000000102e-01
7.401740000000001096e-01 -2.557645000000000057e-01 4.883813499999999919e-01
7.402890000000000859e-01 -2.533994999999999997e-01 4.786224000000000034e-01
7.275481750000000192e-01 -2.527044999999999986e-01 4.966758749999999889e-01
7.288448250000000295e-01 -2.516494999999999704e-01 4.873856999999999773e-01
7.295110750000000088e-01 -2.499494999999999911e-01 4.782436499999999646e-01
7.178521250000000631e-01 -2.447770000000000223e-01 4.957864750000000043e-01
7.192183000000000881e-01 -2.441419999999999702e-01 4.868915500000000063e-01
7.202305250000000658e-01 -2.429445000000000077e-01 4.780667499999999848e-01
7.103024250000000706e-01 -2.346920000000000117e-01 4.953161249999999960e-01
7.116369000000000167e-01 -2.342644999999999866e-01 4.866426249999999953e-01
7.128352900000000103e-01 -2.334470000000000156e-01 4.780539999999999790e-01
7.043271750000000830e-01 -2.232120000000000215e-01 4.946005499999999722e-01
7.056182000000000842e-01 -2.230995000000000061e-01 4.860785249999999835e-01
7.069276250000000594e-01 -2.227520000000000056e-01 4.776549250000000080e-01
7.000869500000000967e-01 -2.107594999999999885e-01 4.937076249999999833e-01
7.013583000000001011e-01 -2.109820000000000029e-01 4.853808000000000011e-01
7.027003750000000437e-01 -2.110520000000000174e-01 4.771204499999999737e-01
6.971868250000000655e-01 -1.977419999999999733e-01 4.926549249999999658e-01
6.984880500000000270e-01 -1.982295000000000029e-01 4.845023999999999997e-01
6.998669750000000578e-01 -1.986569999999999725e-01 4.763753499999999752e-01
6.954164500000000748e-01 -1.841995000000000160e-01 4.912413250000000065e-01
6.968875500000000223e-01 -1.851544999999999996e-01 4.832969999999999766e-01
6.984075000000000699e-01 -1.860970000000000124e-01 4.753254749999999973e-01
6.945399000000000989e-01 -1.705394999999999828e-01 4.892115750000000096e-01
6.963545750000000867e-01 -1.719920000000000060e-01 4.814984499999999668e-01
6.982016750000000771e-01 -1.734322499999999823e-01 4.737508524999999859e-01
6.950266250000000090e-01 -1.570979999999999877e-01 4.864253000000000049e-01
6.963159500000000168e-01 -1.589617499999999850e-01 4.788329249999999648e-01
6.976067500000000532e-01 -1.607852499999999907e-01 4.712040100000000065e-01
6.930284500000000181e-01 -1.439567499999999944e-01 4.827890750000000120e-01
6.949214500000000516e-01 -1.459842499999999821e-01 4.754807749999999666e-01
6.968206250000000823e-01 -1.480042500000000039e-01 4.681486749999999586e-01
6.918853500000000656e-01 -1.308080000000000076e-01 4.787203499999999612e-01
6.943677250000001022e-01 -1.329609999999999959e-01 4.717538534999999866e-01
6.968642000000000447e-01 -1.351232500000000003e-01 4.647723749999999598e-01
6.915885250000000095e-01 -1.176694999999999824e-01 4.744827574999999631e-01
6.946611500000000605e-01 -1.199137499999999856e-01 4.678806999999999827e-01
6.977366500000000693e-01 -1.221740000000000048e-01 4.612637250000000133e-01
6.917374750000000461e-01 -1.046969999999999845e-01 4.700414149999999625e-01
6.953653750000000633e-01 -1.069449999999999845e-01 4.638499999999999845e-01
6.989924000000000692e-01 -1.091997499999999843e-01 4.576419999999999932e-01
6.923839500000000813e-01 -9.176024999999998766e-02 4.657145500000000049e-01
6.965294250000000353e-01 -9.392424999999998692e-02 4.599471250000000122e-01
7.006728000000000955e-01 -9.609824999999999617e-02 4.541628999999999805e-01
6.935722250000000422e-01 -7.882074999999999498e-02 4.617358500000000032e-01
6.981857750000000085e-01 -8.082149999999999057e-02 4.564008499999999691e-01
7.027969750000000460e-01 -8.283599999999999297e-02 4.510502750000000005e-01
6.953133750000000113e-01 -6.583424999999998306e-02 4.585040499999999963e-01
7.003548750000000434e-01 -6.757399999999999518e-02 4.536047999999999747e-01
7.053973000000000049e-01 -6.933174999999999755e-02 4.486896750000000100e-01
6.974331000000000280e-01 -5.283550000000000746e-02 4.563577999999999801e-01
7.028411500000000256e-01 -5.417325000000000612e-02 4.518810249999999917e-01
7.082552500000000029e-01 -5.553649999999998865e-02 4.473866249999999822e-01
6.994821500000000247e-01 -3.976849999999999830e-02 4.555121249999999899e-01
7.052140250000000776e-01 -4.060824999999999851e-02 4.514408249999999900e-01
7.109456250000000255e-01 -4.147574999999999179e-02 4.473547499999999677e-01
7.012968000000000535e-01 -2.662649999999999739e-02 4.557381999999999822e-01
7.073262500000000452e-01 -2.699924999999998854e-02 4.521389749999999985e-01
7.133493700000000937e-01 -2.739649999999999030e-02 4.485165249999999992e-01
7.026765249999999963e-01 -1.358274999999999066e-02 4.570378999999999969e-01
7.089309500000000597e-01 -1.347024999999998918e-02 4.539387249999999874e-01
7.151720325000000544e-01 -1.336549999999998850e-02 4.507977999999999708e-01
7.036708249999999998e-01 -8.879999999999999005e-04 4.598553749999999551e-01
7.100831250000000372e-01 -2.599999999999963451e-04 4.572769499999999598e-01
7.164546400000000315e-01 3.932499999999977680e-04 4.546200750000000124e-01
7.044513500000000317e-01 1.100000000000000977e-02 4.646341499999999680e-01
7.110155750000000108e-01 1.212075000000000652e-02 4.626468499999999984e-01
7.175240500000000798e-01 1.322250000000000508e-02 4.605267499999999847e-01
7.055810500000000429e-01 2.200475000000000347e-02 4.722631525000000052e-01
7.122947175000000630e-01 2.294575000000000781e-02 4.704440874999999966e-01
7.188800750000000628e-01 2.392375000000000751e-02 4.683918749999999576e-01
7.049696500000000032e-01 3.388575000000000614e-02 4.771211999999999676e-01
7.125268150000000356e-01 3.492725000000000690e-02 4.754709500000000033e-01
7.199151750000000183e-01 3.602325000000000665e-02 4.735236449999999930e-01
7.037081000000000586e-01 4.659875000000000822e-02 4.785467250000000061e-01
7.121798500000000587e-01 4.776425000000000809e-02 4.764978749999999597e-01
7.204860750000000591e-01 4.900382500000000086e-02 4.747556249999999589e-01
7.017187500000000577e-01 5.933752500000000207e-02 4.765778749999999842e-01
7.118808500000000095e-01 6.092015000000000624e-02 4.738364399999999699e-01
7.222455000000000958e-01 6.329044999999999810e-02 4.717062999999999673e-01
7.005623000000000822e-01 7.113105000000000122e-02 4.716422974999999740e-01
7.120303374999999990e-01 7.337958500000001105e-02 4.725416275000000055e-01
7.263972750000000644e-01 7.299199250000000527e-02 4.740633149999999851e-01
7.037676000000000487e-01 8.430087499999999734e-02 4.704681849999999832e-01
7.130165550000000518e-01 8.542675000000000962e-02 4.717407699999999759e-01
7.230812250000000496e-01 8.568585000000000784e-02 4.711125425000000089e-01
7.063523000000000440e-01 9.722290000000000099e-02 4.693229499999999610e-01
7.140960700000000827e-01 9.797887500000000693e-02 4.699230274999999790e-01
7.216853500000000032e-01 9.869972500000000204e-02 4.695765799999999657e-01
7.074578750000000138e-01 1.101582500000000131e-01 4.690337749999999861e-01
7.142640230000000257e-01 1.107579999999999953e-01 4.691911249999999867e-01
7.210701250000000062e-01 1.114047499999999968e-01 4.692370750000000035e-01
7.080832250000000938e-01 1.232614999999999961e-01 4.692983000000000016e-01
7.145954277500000673e-01 1.238855000000000095e-01 4.690289249999999854e-01
7.210876999999999981e-01 1.245200000000000057e-01 4.686999749999999909e-01
7.083609750000000593e-01 1.365635000000000043e-01 4.699221100000000040e-01
7.146813927500000885e-01 1.371607499999999980e-01 4.692134499999999764e-01
7.209819000000000644e-01 1.377792500000000198e-01 4.684755499999999628e-01
7.085499000000000658e-01 1.500325000000000131e-01 4.708055374999999820e-01
7.146904025000000438e-01 1.505380000000000051e-01 4.696377174999999959e-01
7.208126750000000138e-01 1.510575000000000112e-01 4.684534999999999672e-01
7.088292500000000773e-01 1.636110000000000064e-01 4.719203100000000095e-01
7.147909000000000068e-01 1.639730000000000076e-01 4.702467850000000005e-01
7.207441749999999869e-01 1.643259999999999998e-01 4.685589249999999595e-01
7.093019249999999998e-01 1.772217500000000112e-01 4.732739599999999935e-01
7.150481975000000379e-01 1.773895000000000055e-01 4.710772174999999784e-01
7.207888250000000774e-01 1.775494999999999990e-01 4.688672999999999869e-01
7.102020250000000701e-01 1.907425000000000093e-01 4.746729749999999970e-01
7.156747450000000565e-01 1.907107499999999844e-01 4.719545509999999999e-01
7.211406500000000497e-01 1.906797500000000090e-01 4.692195499999999853e-01
7.112568000000000223e-01 2.040575000000000028e-01 4.759395499999999890e-01
7.163962675000000724e-01 2.038550000000000084e-01 4.727422974999999639e-01
7.215241749999999898e-01 2.036594999999999933e-01 4.695279599999999665e-01
7.122234150000000819e-01 2.174007500000000037e-01 4.772508749999999633e-01
7.170399250000000224e-01 2.170670000000000099e-01 4.735469574999999764e-01
7.218428250000000768e-01 2.167469999999999952e-01 4.698377675000000031e-01
7.134674475000000182e-01 2.300330000000000152e-01 4.779392999999999558e-01
7.178805750000000208e-01 2.296452499999999952e-01 4.738827924999999830e-01
7.222853000000000190e-01 2.292712500000000098e-01 4.698049249999999843e-01
7.142069444999999961e-01 2.430192499999999922e-01 4.791301749999999915e-01
7.182404749999999893e-01 2.424324999999999952e-01 4.746536499999999825e-01
7.222776000000000751e-01 2.418899999999999939e-01 4.701826825000000043e-01
7.156195874999999873e-01 2.551670000000000327e-01 4.790521749999999690e-01
7.192826749999999825e-01 2.545220000000000260e-01 4.743002099999999999e-01
7.229374250000000224e-01 2.538962500000000455e-01 4.695454124999999812e-01
7.162584699999999804e-01 2.673962500000000020e-01 4.799678749999999883e-01
7.195751500000000522e-01 2.666634999999999978e-01 4.749543999999999988e-01
7.229134750000000276e-01 2.659637499999999988e-01 4.699348224999999601e-01
7.163448150000000236e-01 2.792112500000000219e-01 4.797134499999999857e-01
7.195128750000000517e-01 2.784524999999999917e-01 4.745433000000000012e-01
7.226803000000000532e-01 2.777494999999999825e-01 4.693569499999999950e-01
7.176907750000000030e-01 2.903587499999999988e-01 4.808570749999999672e-01
7.206908250000000349e-01 2.898077500000000306e-01 4.755051750000000022e-01
7.236974000000000462e-01 2.893357500000000027e-01 4.701459149999999698e-01
7.177218250000000355e-01 3.012912500000000104e-01 4.813717249999999725e-01
7.205462750000000138e-01 3.010859999999999648e-01 4.757992749999999660e-01
7.233752500000000252e-01 3.009952499999999920e-01 4.702460574999999809e-01
7.157314399999999965e-01 3.125445000000000029e-01 4.820675999999999850e-01
7.183872000000000035e-01 3.127815000000000456e-01 4.763034499999999616e-01
7.209588000000000108e-01 3.131909999999999972e-01 4.705576124999999998e-01
7.110510250000000587e-01 3.240930000000000200e-01 4.828953249999999864e-01
7.134936025000000459e-01 3.247780000000000111e-01 4.769721499999999836e-01
7.157073775000000193e-01 3.256804999999999839e-01 4.710490374999999896e-01
7.032841250000000377e-01 3.358679999999999999e-01 4.838148749999999776e-01
7.052990000000000093e-01 3.369705000000000061e-01 4.777155249999999742e-01
7.070170250000000767e-01 3.383079999999999976e-01 4.716079699999999875e-01
6.927175500000000152e-01 3.475004999999999900e-01 4.848293999999999659e-01
6.940720249999999814e-01 3.490055000000000240e-01 4.785369499999999610e-01
6.952740250000000177e-01 3.506854999999999833e-01 4.722434649999999734e-01
6.809742500000000032e-01 3.565154999999999852e-01 4.859156249999999622e-01
6.816077500000000677e-01 3.584955000000000225e-01 4.794160749999999971e-01
6.822555000000000147e-01 3.602429999999999799e-01 4.729055724999999821e-01
6.692015000000000047e-01 3.601955000000000018e-01 4.871022999999999881e-01
6.691137500000000626e-01 3.623080000000000189e-01 4.803099750000000001e-01
6.691719999999999891e-01 3.639204999999999801e-01 4.734790024999999680e-01
6.582572500000000160e-01 3.583780000000000299e-01 4.884128999999999832e-01
6.576600000000000223e-01 3.601079999999999837e-01 4.810786999999999702e-01
6.571722500000000133e-01 3.616830000000000322e-01 4.736690349999999605e-01
6.489880000000000093e-01 3.541279999999999983e-01 4.899773249999999636e-01
6.480942499999999828e-01 3.556329999999999769e-01 4.817482999999999627e-01
6.471057500000000351e-01 3.571280000000000010e-01 4.734728850000000100e-01
6.415310000000000734e-01 3.475055000000000227e-01 4.921825499999999964e-01
6.403395000000000614e-01 3.488755000000000051e-01 4.824301999999999757e-01
6.388715000000000366e-01 3.502680000000000238e-01 4.727423474999999931e-01
6.365135000000000653e-01 3.388205000000000244e-01 4.955835000000000101e-01
6.349622500000000613e-01 3.403554999999999775e-01 4.835227500000000012e-01
6.332925000000000360e-01 3.417780000000000262e-01 4.721948897500000131e-01
6.342942500000000594e-01 3.255730000000000013e-01 4.939701750000000113e-01
6.314580000000000748e-01 3.290155000000000163e-01 4.826864750000000037e-01
6.293210000000000193e-01 3.325155000000000194e-01 4.716527299999999645e-01
6.308042500000000663e-01 3.171032500000000032e-01 4.900209749999999698e-01
6.283997500000000347e-01 3.196640000000000037e-01 4.813971499999999959e-01
6.263502499999999973e-01 3.220149999999999957e-01 4.726499599999999801e-01
6.300982500000000819e-01 3.074767499999999654e-01 4.857232499999999953e-01
6.279150000000000009e-01 3.092924999999999702e-01 4.784731500000000137e-01
6.259097500000000425e-01 3.109332499999999944e-01 4.711021424999999874e-01
6.283870000000000289e-01 2.978310000000000124e-01 4.830615249999999916e-01
6.261944999999999872e-01 2.988315000000000277e-01 4.766198749999999706e-01
6.240987500000000354e-01 2.996892500000000181e-01 4.701449649999999703e-01
6.298795000000000366e-01 2.883339999999999792e-01 4.807153000000000120e-01
6.276702499999999851e-01 2.883202500000000001e-01 4.745735500000000107e-01
6.255402500000000199e-01 2.882097500000000423e-01 4.684064250000000151e-01
6.335270000000000623e-01 2.791525000000000256e-01 4.792698499999999973e-01
6.315800000000000303e-01 2.782142499999999963e-01 4.732427300000000003e-01
6.296580000000000510e-01 2.772455000000000336e-01 4.672217999999999649e-01
6.368125000000000036e-01 2.694957500000000339e-01 4.792935999999999863e-01
6.349697499999999994e-01 2.676952499999999957e-01 4.734856074999999609e-01
6.331615000000000437e-01 2.658500000000000307e-01 4.676939499999999694e-01
6.419955000000000522e-01 2.604925000000000157e-01 4.804325249999999992e-01
6.403217500000000229e-01 2.579947499999999949e-01 4.748166749999999658e-01
6.386917500000000025e-01 2.554675000000000140e-01 4.692022499999999874e-01
6.488882500000000553e-01 2.523847499999999910e-01 4.813946749999999941e-01
6.474515000000000686e-01 2.495592500000000102e-01 4.761597999999999664e-01
6.460544999999999760e-01 2.467034999999999922e-01 4.709275625000000076e-01
6.573499999999999899e-01 2.456497500000000000e-01 4.823394500000000029e-01
6.561172499999999852e-01 2.423879999999999924e-01 4.770725249999999695e-01
6.549152500000000598e-01 2.390922500000000062e-01 4.718090122499999928e-01
6.666905000000000747e-01 2.399479999999999946e-01 4.835813250000000063e-01
6.657925000000000093e-01 2.364612500000000117e-01 4.786105250000000089e-01
6.649240000000000705e-01 2.329465000000000008e-01 4.736358499999999694e-01
6.768097499999999878e-01 2.356070000000000109e-01 4.844162499999999927e-01
6.760937500000000488e-01 2.319127500000000008e-01 4.795346249999999921e-01
6.753892500000000521e-01 2.281992499999999924e-01 4.746556749999999991e-01
6.868745000000000545e-01 2.307587500000000125e-01 4.864437249999999935e-01
6.863814999999999777e-01 2.266612500000000086e-01 4.818003499999999883e-01
6.858960000000000612e-01 2.225547499999999956e-01 4.771633999999999598e-01
6.976176250000000190e-01 2.273540000000000005e-01 4.880240750000000016e-01
6.971365250000000069e-01 2.229514999999999969e-01 4.837250249999999752e-01
6.966782000000000252e-01 2.185414999999999996e-01 4.794373499999999844e-01
7.089561500000000072e-01 2.250762500000000055e-01 4.889303999999999872e-01
7.084877250000000126e-01 2.203327499999999939e-01 4.849771999999999972e-01
7.080370000000000275e-01 2.155742499999999950e-01 4.810327749999999680e-01
7.205381000000000702e-01 2.235632499999999911e-01 4.890387999999999957e-01
7.200845000000000162e-01 2.185555000000000136e-01 4.854687249999999898e-01
7.196474750000000364e-01 2.135390000000000066e-01 4.819073249999999975e-01
7.322269750000000021e-01 2.227750000000000008e-01 4.887843499999999786e-01
7.318394500000000580e-01 2.174554999999999960e-01 4.854714499999999711e-01
7.314513000000000265e-01 2.121342499999999964e-01 4.821713499999999986e-01
7.439370000000000704e-01 2.222240000000000049e-01 4.882337749999999810e-01
7.435995000000000799e-01 2.167552500000000104e-01 4.852281999999999984e-01
7.432825000000000681e-01 2.112977500000000064e-01 4.822345999999999577e-01
7.556662499999999838e-01 2.219720000000000026e-01 4.874171499999999657e-01
7.553460000000000729e-01 2.163497500000000073e-01 4.846530499999999742e-01
7.550495000000000401e-01 2.107390000000000096e-01 4.818977249999999990e-01
7.674775000000000347e-01 2.220962499999999951e-01 4.863920499999999647e-01
7.671540000000000026e-01 2.163052500000000045e-01 4.838204499999999575e-01
7.668462500000000626e-01 2.105322500000000041e-01 4.812529249999999981e-01
7.792872499999999869e-01 2.223242500000000010e-01 4.850933000000000050e-01
7.788780000000000703e-01 2.163552499999999990e-01 4.826749750000000061e-01
7.784955000000000069e-01 2.104157500000000125e-01 4.802551749999999786e-01
7.910690000000000222e-01 2.223785000000000067e-01 4.835162999999999545e-01
7.904619999999999980e-01 2.162519999999999998e-01 4.812157249999999831e-01
7.898897500000000571e-01 2.101594999999999991e-01 4.789026249999999707e-01
8.027902500000000385e-01 2.222080000000000166e-01 4.815803999999999641e-01
8.018935000000000368e-01 2.159337500000000076e-01 4.794015249999999950e-01
8.010329999999999950e-01 2.096887500000000071e-01 4.771976249999999586e-01
8.143179999999999863e-01 2.218942500000000151e-01 4.789398749999999594e-01
8.130975000000000286e-01 2.154119999999999924e-01 4.769130499999999495e-01
8.119012500000000188e-01 2.089457500000000134e-01 4.748509249999999793e-01
8.258607500000000323e-01 2.210005000000000164e-01 4.769681749999999942e-01
8.242602500000000276e-01 2.142422499999999952e-01 4.750101999999999935e-01
8.226532500000000026e-01 2.074837499999999946e-01 4.730131349999999735e-01
8.374150000000000205e-01 2.195242500000000041e-01 4.761555999999999567e-01
8.353767500000000013e-01 2.122787500000000160e-01 4.741073024999999941e-01
8.332475000000000298e-01 2.050087500000000174e-01 4.720175514999999655e-01
8.487732500000000346e-01 2.180687500000000056e-01 4.768204499999999513e-01
8.464422500000000626e-01 2.098470000000000057e-01 4.744487599999999694e-01
8.439165000000000694e-01 2.016077500000000022e-01 4.720400819999999720e-01
8.595587500000000380e-01 2.162420000000000175e-01 4.786826750000000019e-01
8.574672500000000142e-01 2.070477500000000026e-01 4.759836999999999541e-01
8.551622500000000127e-01 1.978600000000000358e-01 4.732737299999999481e-01
8.697797500000000737e-01 2.161857500000000099e-01 4.816405999999999743e-01
8.677677500000000599e-01 2.051874999999999949e-01 4.782935999999999854e-01
8.654282500000000100e-01 1.946797500000000125e-01 4.751105999999999940e-01
8.766789999999999861e-01 2.159507499999999969e-01 4.833069249999999983e-01
8.772400000000000198e-01 2.042852500000000016e-01 4.807640249999999837e-01
8.775147500000000100e-01 1.930655000000000010e-01 4.782373749999999646e-01
8.872200000000000086e-01 2.145402500000000157e-01 4.840955999999999593e-01
8.875420000000000531e-01 2.050460000000000060e-01 4.820146499999999889e-01
8.879202500000000775e-01 1.956427500000000319e-01 4.799103249999999710e-01
8.986340000000000439e-01 2.140162499999999912e-01 4.851632999999999640e-01
8.989347500000000046e-01 2.055619999999999947e-01 4.833137999999999601e-01
8.992977500000000068e-01 1.971052500000000096e-01 4.814230499999999635e-01
9.211620000000000363e-01 2.063774999999999915e-01 4.857946999999999682e-01
