6.253077500000000510e-01 1.115850000000000175e-02 5.691014999999999269e-01
6.700165000000000148e-01 1.615525000000000294e-02 5.569604999999999695e-01
6.655407500000000143e-01 7.159250000000005887e-03 5.498277499999999485e-01
6.611837500000000700e-01 -1.868999999999995665e-03 5.425817499999999738e-01
6.804145000000000332e-01 1.526550000000000129e-02 5.521782499999999816e-01
6.758047500000000651e-01 6.205750000000009869e-03 5.450564999999999438e-01
6.714870000000000561e-01 -2.850249999999998618e-03 5.377454999999999874e-01
6.897220250000000163e-01 1.439700000000000701e-02 5.478892499999999943e-01
6.856662500000000326e-01 5.471500000000004138e-03 5.406514999999999516e-01
6.817117500000000607e-01 -3.962750000000000994e-03 5.327819999999999778e-01
7.000645750000000778e-01 1.374725000000000252e-02 5.431920000000000082e-01
6.959787250000000203e-01 5.211500000000007793e-03 5.363112500000000171e-01
6.919452500000000672e-01 -3.615250000000000408e-03 5.290629999999999500e-01
7.098305750000000192e-01 1.282775000000000581e-02 5.378089999999999815e-01
7.053086250000000224e-01 4.607500000000000484e-03 5.314472500000000377e-01
7.011622000000000687e-01 -3.707999999999989083e-03 5.248724999999999641e-01
7.200007250000000081e-01 1.072575000000000611e-02 5.322224999999999318e-01
7.147971600000000425e-01 2.877749999999998365e-03 5.264219999999999455e-01
7.103021999999999947e-01 -5.165999999999990044e-03 5.202712499999999629e-01
7.310139750000000936e-01 8.157499999999998086e-03 5.270742499999999664e-01
7.251401500000000944e-01 4.297500000000065157e-04 5.214832499999999538e-01
7.202446250000000827e-01 -7.556750000000000966e-03 5.155024999999999746e-01
7.425625000000000142e-01 4.038250000000007112e-03 5.215119999999999756e-01
7.353785999999999934e-01 -3.027000000000001911e-03 5.166224999999999845e-01
7.289442750000000304e-01 -1.057299999999999907e-02 5.112892500000000284e-01
7.519510000000000360e-01 1.947500000000074172e-04 5.170339999999999936e-01
7.444412500000000543e-01 -6.681499999999993000e-03 5.122477500000000017e-01
7.375207500000000582e-01 -1.389174999999999438e-02 5.072444999999999871e-01
7.618650000000000144e-01 -4.312999999999997391e-03 5.132167499999999993e-01
7.534787500000000859e-01 -1.073425000000000074e-02 5.086829999999999963e-01
7.458752500000001007e-01 -1.758674999999999822e-02 5.039167500000000244e-01
7.699070000000000080e-01 -8.364249999999989749e-03 5.099780000000000424e-01
7.616530000000000244e-01 -1.462199999999999611e-02 5.053917500000000285e-01
7.542197500000000776e-01 -2.118425000000000169e-02 5.007587500000000302e-01
7.785392500000000160e-01 -1.332074999999999232e-02 5.065109999999999335e-01
7.700375000000000414e-01 -1.897399999999999087e-02 5.018839999999999968e-01
7.623530000000000584e-01 -2.497774999999999301e-02 4.973094999999999599e-01
7.855100000000000415e-01 -1.908549999999999136e-02 5.032504999999999340e-01
7.776129999999999987e-01 -2.422424999999998885e-02 4.987792500000000073e-01
7.695595000000000629e-01 -2.948374999999998913e-02 4.944271499999999819e-01
7.924525000000000041e-01 -2.557974999999999832e-02 4.999429999999999708e-01
7.841355000000000963e-01 -3.008500000000000063e-02 4.957934249999999543e-01
7.758585000000000065e-01 -3.515000000000000069e-02 4.913494749999999800e-01
7.985422500000000090e-01 -3.333424999999999583e-02 4.964904499999999721e-01
7.906322500000000364e-01 -3.791999999999999538e-02 4.922925249999999808e-01
7.824715000000000975e-01 -4.249949999999999561e-02 4.880570999999999660e-01
8.051482500000000098e-01 -4.102574999999999972e-02 4.934724999999999806e-01
7.981932500000000763e-01 -4.667999999999999927e-02 4.886588000000000043e-01
7.910347500000000087e-01 -5.230075000000000696e-02 4.839372750000000001e-01
8.125147500000000633e-01 -4.856074999999999975e-02 4.913706499999999644e-01
8.067592500000000388e-01 -5.539425000000000598e-02 4.860808249999999942e-01
8.006172500000000580e-01 -6.174374999999998614e-02 4.809873249999999656e-01
8.230607500000000076e-01 -5.854175000000000351e-02 4.893186499999999661e-01
8.169915000000000926e-01 -6.470824999999999494e-02 4.839191999999999938e-01
8.110857500000000497e-01 -7.088749999999999218e-02 4.785348499999999561e-01
8.333770000000000344e-01 -6.857349999999998169e-02 4.877601249999999888e-01
8.275732500000000380e-01 -7.464250000000000052e-02 4.819867749999999784e-01
8.218555000000000721e-01 -8.056949999999998835e-02 4.762406499999999876e-01
8.428295000000000092e-01 -7.880599999999998717e-02 4.865132249999999936e-01
8.375897500000000218e-01 -8.495249999999998636e-02 4.805049750000000008e-01
8.325497500000000883e-01 -9.075349999999998696e-02 4.747364999999999502e-01
8.525202499999999795e-01 -9.037175000000000069e-02 4.844488999999999601e-01
8.463130000000000930e-01 -9.593625000000000069e-02 4.792155749999999492e-01
8.403617500000000184e-01 -1.014489999999999836e-01 4.739120849999999829e-01
8.608537499999999731e-01 -1.030882499999999924e-01 4.824820499999999956e-01
8.538765000000000382e-01 -1.075027500000000080e-01 4.770515249999999763e-01
8.468642500000000961e-01 -1.115597499999999853e-01 4.717761214999999786e-01
8.668422500000000364e-01 -1.151317500000000049e-01 4.807807999999999526e-01
8.592870000000000230e-01 -1.184022499999999867e-01 4.757300749999999745e-01
8.517997500000000777e-01 -1.219542499999999863e-01 4.708933799999999725e-01
8.713835000000000885e-01 -1.272254999999999914e-01 4.798024749999999505e-01
8.634460000000000468e-01 -1.293327499999999963e-01 4.747703999999999813e-01
8.556740000000000457e-01 -1.318707500000000088e-01 4.701218324999999476e-01
8.740870000000000584e-01 -1.382889999999999953e-01 4.783474249999999928e-01
8.658337500000000686e-01 -1.386982499999999952e-01 4.735882999999999621e-01
8.576337499999999725e-01 -1.394222499999999976e-01 4.691873249999999884e-01
8.734115000000000073e-01 -1.501065000000000038e-01 4.769240499999999883e-01
8.653604999999999769e-01 -1.483397499999999924e-01 4.724412649999999991e-01
8.572140000000000315e-01 -1.471007500000000023e-01 4.681205249999999540e-01
8.698110000000001119e-01 -1.615087500000000065e-01 4.762776249999999822e-01
8.623920000000000474e-01 -1.576479999999999826e-01 4.718479762499999675e-01
8.546212500000001100e-01 -1.545249999999999957e-01 4.675099249999999929e-01
8.627922500000000383e-01 -1.721619999999999817e-01 4.749711999999999823e-01
8.560167500000001040e-01 -1.669059999999999988e-01 4.705336349999999501e-01
8.486020000000000785e-01 -1.627017500000000061e-01 4.661737249999999833e-01
8.546470000000000455e-01 -1.802869999999999751e-01 4.751792499999999975e-01
8.487870000000000692e-01 -1.735299999999999898e-01 4.703573999999999811e-01
8.421980000000000022e-01 -1.676620000000000055e-01 4.656630499999999673e-01
8.441360000000001085e-01 -1.849020000000000108e-01 4.782731499999999802e-01
8.392097500000000876e-01 -1.773445000000000160e-01 4.727077224999999827e-01
8.335742500000000721e-01 -1.701577499999999965e-01 4.674557999999999769e-01
8.336015000000001063e-01 -1.899445000000000161e-01 4.801780999999999966e-01
8.294995000000000562e-01 -1.811719999999999997e-01 4.737949249999999779e-01
8.252710000000000878e-01 -1.719162499999999927e-01 4.672020499999999799e-01
8.244140000000000912e-01 -1.942094999999999794e-01 4.830522749999999754e-01
8.197802500000000991e-01 -1.861019999999999897e-01 4.750260749999999921e-01
8.150267500000000220e-01 -1.782894999999999897e-01 4.671291999999999667e-01
8.134922500000000278e-01 -1.980819999999999803e-01 4.859215499999999799e-01
8.101400000000000823e-01 -1.910169999999999924e-01 4.783020999999999523e-01
8.069222500000000631e-01 -1.836495000000000211e-01 4.705631200000000014e-01
8.012970000000000370e-01 -2.021919999999999829e-01 4.853004499999999943e-01
7.992370000000000863e-01 -1.957844999999999724e-01 4.780371749999999809e-01
7.975680000000000547e-01 -1.898245000000000071e-01 4.705438274999999559e-01
7.906015000000000681e-01 -2.049294999999999867e-01 4.834086749999999544e-01
7.907470000000000887e-01 -1.987369999999999970e-01 4.766023999999999816e-01
7.905067500000000358e-01 -1.928369999999999806e-01 4.696649774999999694e-01
7.800907500000000550e-01 -2.025144999999999862e-01 4.825802499999999884e-01
7.814980000000000260e-01 -1.969044999999999823e-01 4.758341999999999850e-01
7.826530000000000431e-01 -1.914119999999999711e-01 4.690883750000000019e-01
7.699537500000001033e-01 -1.984994999999999954e-01 4.829110749999999674e-01
7.722742500000000510e-01 -1.935594999999999954e-01 4.761505999999999794e-01
7.745227500000000376e-01 -1.886094999999999855e-01 4.695137074999999882e-01
7.595439999999999969e-01 -1.914069999999999938e-01 4.826227249999999747e-01
7.625367500000000964e-01 -1.871120000000000005e-01 4.758881999999999834e-01
7.653197500000000764e-01 -1.826745000000000174e-01 4.693316249999999745e-01
7.518500000000000183e-01 -1.827019999999999755e-01 4.824936499999999961e-01
7.552517499999999995e-01 -1.791745000000000143e-01 4.757898749999999732e-01
7.582882500000001080e-01 -1.752624999999999877e-01 4.692109999999999892e-01
7.433767500000000306e-01 -1.722924999999999873e-01 4.826265999999999612e-01
7.469792500000000945e-01 -1.692847499999999838e-01 4.759913249999999652e-01
7.502075000000000271e-01 -1.658764999999999823e-01 4.694074749999999630e-01
7.378024000000000804e-01 -1.616779999999999884e-01 4.821396749999999898e-01
7.417315000000000991e-01 -1.595044999999999935e-01 4.754875499999999811e-01
7.453542500000001070e-01 -1.571349999999999969e-01 4.688227499999999548e-01
7.340869000000000977e-01 -1.517639999999999822e-01 4.813538499999999720e-01
7.381554500000000463e-01 -1.503344999999999820e-01 4.746792999999999707e-01
7.418897500000000145e-01 -1.487167500000000087e-01 4.679903499999999994e-01
7.320890000000001008e-01 -1.422697500000000004e-01 4.799813499999999733e-01
7.361887250000000993e-01 -1.416649999999999854e-01 4.732953799999999878e-01
7.402595000000000702e-01 -1.410629999999999939e-01 4.665319499999999731e-01
7.307735250000000349e-01 -1.326827499999999882e-01 4.791906999999999694e-01
7.347734750000000092e-01 -1.325145000000000073e-01 4.725685524999999609e-01
7.389422000000001045e-01 -1.323649999999999827e-01 4.659008000000000038e-01
7.297388250000000909e-01 -1.234437499999999910e-01 4.785760249999999605e-01
7.340538500000000077e-01 -1.226619999999999933e-01 4.723377400000000059e-01
7.385477000000000292e-01 -1.219659999999999911e-01 4.661664999999999837e-01
7.300338000000000660e-01 -1.138777499999999998e-01 4.799236749999999940e-01
7.338340250000000564e-01 -1.125777500000000042e-01 4.737217999999999707e-01
7.376624999999999988e-01 -1.115545000000000009e-01 4.676198999999999772e-01
7.278864000000000445e-01 -1.026907499999999973e-01 4.813097499999999807e-01
7.323862000000000982e-01 -1.021060000000000023e-01 4.753373750000000064e-01
7.368497750000000401e-01 -1.016219999999999901e-01 4.694684999999999553e-01
7.274115000000000997e-01 -9.109699999999998354e-02 4.823486750000000045e-01
7.318516750000000348e-01 -9.142324999999998369e-02 4.765214249999999985e-01
7.362180000000000391e-01 -9.151775000000000881e-02 4.707420949999999715e-01
7.276083750000000849e-01 -7.819524999999999393e-02 4.817040999999999684e-01
7.320772750000000828e-01 -7.955324999999999203e-02 4.760149750000000068e-01
7.365596500000000102e-01 -8.086825000000000263e-02 4.702994149999999984e-01
7.285535250000000351e-01 -6.728875000000000828e-02 4.793916500000000025e-01
7.329954250000000338e-01 -6.878024999999998723e-02 4.739121674999999811e-01
7.374844750000000282e-01 -7.047675000000000467e-02 4.684085000000000054e-01
7.282791750000000564e-01 -5.581800000000000650e-02 4.772834999999999717e-01
7.330556500000000586e-01 -5.630774999999998975e-02 4.720144992499999970e-01
7.378776250000000925e-01 -5.674324999999999508e-02 4.667427499999999840e-01
7.272458750000000416e-01 -4.377575000000000216e-02 4.765287249999999863e-01
7.320319000000000687e-01 -4.336650000000000227e-02 4.712711075000000083e-01
7.368374750000000750e-01 -4.274424999999999752e-02 4.660311749999999642e-01
7.257331000000000198e-01 -3.145524999999999016e-02 4.773293750000000002e-01
7.300526999999999989e-01 -3.046549999999999259e-02 4.718582742499999871e-01
7.350649750000000093e-01 -2.934199999999999309e-02 4.670529999999999959e-01
7.228891500000000914e-01 -1.902049999999999574e-02 4.780248500000000011e-01
7.273499750000000930e-01 -1.760974999999999346e-02 4.728659024999999905e-01
7.319656250000000641e-01 -1.611825000000000063e-02 4.678705499999999962e-01
7.196897500000000170e-01 -6.567249999999996701e-03 4.787526749999999609e-01
7.240773249999999939e-01 -4.802749999999994523e-03 4.736854549999999775e-01
7.285582250000000037e-01 -2.971999999999988540e-03 4.687359499999999568e-01
7.176372000000000861e-01 5.505000000000009885e-03 4.815080250000000062e-01
7.219928000000001012e-01 7.836000000000009624e-03 4.765794749999999746e-01
7.264915000000000678e-01 9.904000000000010018e-03 4.716932174999999838e-01
7.150711225000000448e-01 1.815950000000000203e-02 4.824535749999999679e-01
7.196025249999999929e-01 2.002500000000000113e-02 4.775331749999999764e-01
7.241964000000000734e-01 2.191300000000000192e-02 4.726718225000000051e-01
7.105827500000000407e-01 2.909750000000000530e-02 4.826712249999999815e-01
7.156223449999999930e-01 3.167075000000000445e-02 4.771027250000000053e-01
7.208007499999999901e-01 3.374975000000000197e-02 4.718260850000000062e-01
7.085261000000000475e-01 4.281900000000000289e-02 4.841405999999999765e-01
7.143164057499999942e-01 4.530550000000000549e-02 4.778292999999999568e-01
7.202000000000000624e-01 4.702875000000000805e-02 4.719601912499999941e-01
7.059360000000000079e-01 5.483737500000000764e-02 4.843600249999999718e-01
7.129122825000000496e-01 5.786685000000000439e-02 4.768332750000000009e-01
7.201638500000000498e-01 6.081115000000000825e-02 4.695947974999999941e-01
7.023166499999999868e-01 6.901329999999999965e-02 4.823215750000000024e-01
7.121638275000000684e-01 7.050435000000000729e-02 4.769097749999999802e-01
7.248114250000000647e-01 7.000850000000000128e-02 4.700187499999999852e-01
7.047614250000000524e-01 8.140420000000000988e-02 4.811100499999999558e-01
7.129360725000000176e-01 8.230942500000000550e-02 4.766374999999999917e-01
7.211700000000000887e-01 8.243652500000001049e-02 4.707981574999999808e-01
7.066296499999999980e-01 9.485140000000000238e-02 4.791784749999999926e-01
7.134733050000000576e-01 9.564400000000000679e-02 4.751780250000000039e-01
7.197597500000000315e-01 9.627380000000000659e-02 4.708215524999999624e-01
7.082028250000000913e-01 1.099777500000000130e-01 4.775742000000000043e-01
7.140632475000000534e-01 1.102235000000000020e-01 4.740252074999999898e-01
7.197946500000000913e-01 1.104597499999999954e-01 4.702419824999999887e-01
7.104234999999999856e-01 1.255465000000000053e-01 4.758467499999999850e-01
7.159652925000000723e-01 1.253157500000000035e-01 4.724013374999999626e-01
7.214933500000000333e-01 1.250400000000000122e-01 4.688844249999999936e-01
7.136548775000000067e-01 1.401864999999999917e-01 4.737738125000000022e-01
7.189892749999999833e-01 1.393282499999999868e-01 4.704802100000000098e-01
7.243444250000000695e-01 1.385085000000000066e-01 4.671465499999999937e-01
7.173309749999999818e-01 1.539010000000000100e-01 4.715174724999999789e-01
7.226121750000000787e-01 1.527262500000000078e-01 4.685765000000000069e-01
7.279516000000000320e-01 1.516040000000000165e-01 4.656058999999999615e-01
7.209572750000000640e-01 1.667737499999999984e-01 4.695437674999999866e-01
7.261649000000000020e-01 1.657845000000000013e-01 4.669124499999999789e-01
7.314360750000000744e-01 1.647715000000000152e-01 4.642475999999999825e-01
7.225350999999999857e-01 1.786262499999999864e-01 4.690926749999999590e-01
7.279041250000000129e-01 1.785142499999999854e-01 4.664337249999999657e-01
7.332990500000000633e-01 1.783875000000000044e-01 4.637621999999999578e-01
7.218999750000000271e-01 1.907822499999999866e-01 4.700587250000000106e-01
7.273096250000000706e-01 1.915032500000000137e-01 4.673802499999999971e-01
7.326881000000000643e-01 1.922732500000000067e-01 4.647236750000000027e-01
7.197731250000000136e-01 2.023814999999999920e-01 4.724721049999999756e-01
7.250585250000000093e-01 2.036822500000000091e-01 4.697857599999999967e-01
7.302481000000000666e-01 2.051022500000000137e-01 4.670475249999999634e-01
7.170707250000000199e-01 2.142239999999999978e-01 4.761171999999999627e-01
7.220330750000000242e-01 2.154185000000000128e-01 4.735632300000000017e-01
7.268119750000000545e-01 2.170509999999999939e-01 4.703507149999999748e-01
7.156828925000000563e-01 2.262929999999999942e-01 4.809490750000000037e-01
7.201526000000000316e-01 2.273912500000000170e-01 4.773376749999999613e-01
7.245836250000000645e-01 2.285657500000000120e-01 4.735611874999999804e-01
7.147446100000000024e-01 2.397402500000000158e-01 4.853767999999999971e-01
7.188532750000000693e-01 2.401185000000000125e-01 4.809600249999999577e-01
7.229735000000000467e-01 2.407492499999999980e-01 4.765891250000000023e-01
7.158290150000000684e-01 2.550695000000000046e-01 4.872797249999999969e-01
7.195698000000000372e-01 2.548792500000000016e-01 4.825104499999999796e-01
7.233160750000000583e-01 2.547287500000000038e-01 4.777665499999999565e-01
7.176384500000000388e-01 2.713667499999999899e-01 4.885122249999999666e-01
7.209617000000000386e-01 2.705410000000000315e-01 4.835542250000000042e-01
7.243458750000000279e-01 2.697224999999999762e-01 4.785788500000000001e-01
7.189844750000000673e-01 2.856492499999999657e-01 4.881450749999999839e-01
7.222711000000000547e-01 2.848549999999999693e-01 4.831061249999999974e-01
7.255697750000000834e-01 2.839902499999999996e-01 4.780219249999999587e-01
7.187927250000000212e-01 2.975767500000000010e-01 4.880013999999999741e-01
7.220760000000000511e-01 2.969647499999999996e-01 4.827750749999999980e-01
7.253040750000000481e-01 2.964427499999999771e-01 4.775688499999999892e-01
7.163845800000000485e-01 3.095820000000000238e-01 4.881438999999999639e-01
7.195506249999999993e-01 3.095445000000000002e-01 4.827339999999999964e-01
7.226326499999999875e-01 3.096502500000000158e-01 4.773199499999999929e-01
7.115652500000000380e-01 3.219480000000000119e-01 4.890941249999999907e-01
7.145828695000000508e-01 3.224037499999999890e-01 4.835238749999999919e-01
7.174871000000000443e-01 3.230635000000000034e-01 4.779953499999999855e-01
7.069321000000000632e-01 3.357479999999999909e-01 4.908858249999999979e-01
7.098404000000000380e-01 3.366204999999999892e-01 4.852298749999999772e-01
7.126077324999999796e-01 3.377455000000000318e-01 4.796327750000000112e-01
7.004923750000000560e-01 3.506354999999999889e-01 4.946526749999999861e-01
7.031657250000000747e-01 3.519280000000000186e-01 4.889459999999999917e-01
7.057533249999999869e-01 3.534380000000000299e-01 4.832075499999999857e-01
6.926785500000000040e-01 3.630555000000000310e-01 4.958481249999999729e-01
6.951037250000000611e-01 3.647004999999999830e-01 4.899643499999999929e-01
6.972949000000000508e-01 3.664105000000000278e-01 4.839944999999999942e-01
6.806324999999999736e-01 3.683529999999999860e-01 4.947844750000000014e-01
6.823130000000000583e-01 3.703179999999999805e-01 4.885864999999999791e-01
6.839425000000000088e-01 3.720379999999999798e-01 4.823665999999999787e-01
6.683160000000000212e-01 3.687929999999999819e-01 4.931352749999999840e-01
6.691207500000000419e-01 3.708555000000000046e-01 4.864653999999999923e-01
6.697469999999999812e-01 3.726955000000000129e-01 4.797822749999999803e-01
6.581417499999999698e-01 3.643655000000000088e-01 4.930127999999999733e-01
6.578660000000000618e-01 3.661555000000000226e-01 4.856753249999999911e-01
6.576702500000000118e-01 3.678779999999999828e-01 4.783393999999999702e-01
6.494165000000000632e-01 3.585754999999999915e-01 4.939031249999999984e-01
6.486037500000000344e-01 3.603405000000000080e-01 4.856781249999999606e-01
6.475467500000000598e-01 3.619379999999999820e-01 4.774408749999999868e-01
6.429012499999999797e-01 3.529479999999999840e-01 4.955860249999999856e-01
6.408845000000000791e-01 3.541330000000000311e-01 4.861382499999999940e-01
6.386157500000000375e-01 3.553804999999999881e-01 4.766148499999999788e-01
6.392307500000000697e-01 3.456104999999999872e-01 4.991709999999999758e-01
6.359645000000000437e-01 3.461055000000000104e-01 4.877093750000000005e-01
6.327114999999999823e-01 3.468904999999999905e-01 4.767178750000000131e-01
6.381645000000000234e-01 3.348479999999999790e-01 4.991087499999999899e-01
6.337187499999999973e-01 3.354004999999999903e-01 4.884183249999999865e-01
6.297787500000000538e-01 3.364405000000000312e-01 4.777054000000000022e-01
6.354475000000000540e-01 3.251930000000000098e-01 4.976809999999999845e-01
6.319172499999999859e-01 3.254655000000000187e-01 4.894022499999999831e-01
6.284362500000000296e-01 3.251680000000000126e-01 4.810755250000000038e-01
6.351485000000000047e-01 3.130047499999999983e-01 4.975089999999999790e-01
6.321895000000000708e-01 3.122312500000000157e-01 4.906627249999999663e-01
6.292112499999999997e-01 3.111424999999999885e-01 4.837610250000000112e-01
6.364575000000000093e-01 2.991757500000000181e-01 4.995644999999999669e-01
6.337420000000000275e-01 2.981755000000000377e-01 4.934883999999999937e-01
6.310187500000000727e-01 2.968752500000000349e-01 4.874397749999999641e-01
6.392120000000000024e-01 2.845567500000000249e-01 5.000000000000000000e-01
6.363117500000000648e-01 2.837870000000000115e-01 4.942600500000000063e-01
6.335239999999999760e-01 2.827877500000000044e-01 4.884718000000000115e-01
6.435482500000000439e-01 2.717527499999999874e-01 4.991085000000000105e-01
6.405895000000000339e-01 2.709942499999999921e-01 4.935375750000000061e-01
6.377912500000000318e-01 2.699604999999999921e-01 4.879116499999999745e-01
6.486335000000000850e-01 2.623925000000000285e-01 4.979592499999999644e-01
6.459050000000000624e-01 2.608007500000000256e-01 4.924328749999999921e-01
6.433984999999999843e-01 2.590137500000000426e-01 4.868941250000000109e-01
6.538717499999999738e-01 2.561855000000000104e-01 4.970917499999999989e-01
6.518915000000000681e-01 2.534722500000000101e-01 4.917610249999999628e-01
6.500567500000000720e-01 2.507000000000000339e-01 4.863770749999999921e-01
6.612485000000000168e-01 2.524462499999999832e-01 4.962555249999999751e-01
6.598580000000000556e-01 2.492334999999999967e-01 4.913138750000000110e-01
6.585432500000000244e-01 2.460084999999999911e-01 4.863399999999999945e-01
6.697147500000000253e-01 2.487515000000000143e-01 4.960976500000000011e-01
6.685482500000000661e-01 2.453019999999999923e-01 4.909796999999999634e-01
6.674282500000000562e-01 2.418407499999999932e-01 4.858933500000000016e-01
6.792672499999999891e-01 2.454675000000000051e-01 4.959151749999999859e-01
6.782032500000000352e-01 2.419207500000000177e-01 4.910919750000000139e-01
6.770630000000000814e-01 2.384035000000000182e-01 4.862952999999999859e-01
6.889399999999999968e-01 2.430220000000000158e-01 4.946615999999999791e-01
6.878082500000000099e-01 2.395144999999999913e-01 4.899009749999999608e-01
6.865362500000000701e-01 2.360577500000000106e-01 4.851761749999999873e-01
6.994839000000000473e-01 2.403537500000000049e-01 4.932592499999999824e-01
6.986937000000000841e-01 2.364987500000000076e-01 4.884557999999999955e-01
6.978225500000000414e-01 2.326720000000000177e-01 4.836593750000000025e-01
7.114754750000000794e-01 2.370875000000000066e-01 4.918140249999999880e-01
7.098249750000000802e-01 2.333630000000000149e-01 4.872803749999999878e-01
7.081574000000000479e-01 2.296545000000000114e-01 4.827409500000000020e-01
7.234142749999999955e-01 2.335385000000000100e-01 4.889749499999999638e-01
7.214416500000000454e-01 2.294950000000000045e-01 4.848141249999999847e-01
7.194854750000000410e-01 2.251277500000000154e-01 4.814013249999999911e-01
7.352703750000000316e-01 2.301032500000000092e-01 4.855155499999999624e-01
7.330900000000000194e-01 2.257802500000000157e-01 4.817611749999999859e-01
7.309348500000000248e-01 2.212882499999999919e-01 4.783636749999999882e-01
7.470177500000000359e-01 2.268202500000000010e-01 4.816393749999999807e-01
7.447675000000000267e-01 2.221522499999999956e-01 4.781964249999999805e-01
7.425605000000000677e-01 2.174702500000000038e-01 4.747255999999999698e-01
7.583355000000000512e-01 2.236672500000000119e-01 4.779250749999999770e-01
7.562112500000000015e-01 2.188144999999999951e-01 4.747494749999999764e-01
7.540485000000000104e-01 2.139510000000000023e-01 4.715622924999999799e-01
7.680142500000000094e-01 2.214977499999999933e-01 4.752539499999999806e-01
7.661427499999999835e-01 2.165072500000000122e-01 4.719881397099999765e-01
7.643340000000000689e-01 2.115187500000000054e-01 4.687014749999999785e-01
7.777387500000000342e-01 2.201444999999999930e-01 4.733626724999999702e-01
7.763182499999999875e-01 2.150114999999999943e-01 4.700030149999999685e-01
7.749430000000000485e-01 2.099032500000000134e-01 4.666474499999999637e-01
7.877077500000000398e-01 2.190795000000000103e-01 4.723052899999999887e-01
7.866855000000000375e-01 2.137479999999999936e-01 4.688515500000000058e-01
7.857017500000000876e-01 2.084435000000000038e-01 4.654327999999999799e-01
7.980187499999999989e-01 2.179387500000000144e-01 4.721503602499999563e-01
7.971192500000000569e-01 2.124722500000000014e-01 4.686483249999999767e-01
7.962420000000000053e-01 2.070357500000000184e-01 4.651709249999999574e-01
8.081592499999999957e-01 2.167300000000000060e-01 4.720911964999999766e-01
8.072610000000000063e-01 2.111544999999999950e-01 4.685263499999999803e-01
8.064692500000000264e-01 2.056014999999999926e-01 4.649958750000000030e-01
8.193977500000000358e-01 2.148312500000000014e-01 4.723570950000000046e-01
8.184757500000000574e-01 2.090970000000000051e-01 4.686981999999999537e-01
8.176714999999999955e-01 2.033185000000000131e-01 4.650376749999999837e-01
8.306379999999999875e-01 2.126712500000000061e-01 4.735716474999999703e-01
8.297965000000000479e-01 2.066337500000000049e-01 4.697527099999999622e-01
8.290270000000000694e-01 2.005320000000000158e-01 4.659175249999999990e-01
8.419397500000000978e-01 2.112334999999999907e-01 4.754257249999999657e-01
8.413412500000000405e-01 2.046600000000000086e-01 4.713289824999999933e-01
8.409634999999999749e-01 1.979535000000000045e-01 4.672364499999999699e-01
8.513140000000000152e-01 2.115972500000000145e-01 4.779427499999999718e-01
8.507617499999999833e-01 2.040517500000000040e-01 4.732756300000000027e-01
8.499450000000000616e-01 1.964795000000000291e-01 4.686115750000000024e-01
8.606110000000000149e-01 2.119844999999999924e-01 4.798788499999999679e-01
8.604275000000000118e-01 2.035407499999999925e-01 4.747466249999999777e-01
8.598149999999999959e-01 1.951417500000000027e-01 4.696587149999999489e-01
8.697860000000000591e-01 2.142577499999999968e-01 4.818801249999999925e-01
8.695710000000000939e-01 2.042325000000000113e-01 4.757937749999999744e-01
8.687992500000000229e-01 1.946422500000000166e-01 4.699823049999999891e-01
8.761872500000000841e-01 2.155122500000000163e-01 4.827713499999999880e-01
8.779437500000000227e-01 2.055474999999999941e-01 4.767789999999999528e-01
8.789872499999999977e-01 1.959620000000000251e-01 4.710029524999999606e-01
8.867577500000000112e-01 2.159477499999999939e-01 4.817063499999999499e-01
8.880067500000000669e-01 2.077667500000000000e-01 4.767876999999999810e-01
8.891035000000000466e-01 1.997057500000000152e-01 4.718827299999999725e-01
8.981495000000000450e-01 2.172492500000000049e-01 4.810221499999999817e-01
8.992582500000000367e-01 2.099312500000000137e-01 4.766087249999999553e-01
9.002937500000000037e-01 2.026390000000000136e-01 4.721792089999999886e-01
9.212620000000000253e-01 2.139780000000000015e-01 4.761731249999999749e-01
