6.998221500000000317e-01 7.942604999999999804e-02 5.609404999999999530e-01
7.437325000000000186e-01 6.784525000000000972e-02 5.505480000000000373e-01
7.366085500000000286e-01 5.894457500000000599e-02 5.454807499999999587e-01
7.295158999999999949e-01 5.005992500000000511e-02 5.404249999999999332e-01
7.533157500000000617e-01 6.269575000000000842e-02 5.464572500000000055e-01
7.460420000000000940e-01 5.357862500000000472e-02 5.412672499999999776e-01
7.389075500000000796e-01 4.460100000000000176e-02 5.361540000000000195e-01
7.623604999999999965e-01 5.693520000000000525e-02 5.419892499999999780e-01
7.553857500000000780e-01 4.807000000000000856e-02 5.369475000000000220e-01
7.482582500000000136e-01 3.850125000000000769e-02 5.314612499999999962e-01
7.724767500000000453e-01 5.063145000000000839e-02 5.370862499999999873e-01
7.654015000000000679e-01 4.240750000000000769e-02 5.324725000000000152e-01
7.582242500000000440e-01 3.367675000000000529e-02 5.275337500000000235e-01
7.817410000000000192e-01 4.396275000000000877e-02 5.318362500000000104e-01
7.742617500000000819e-01 3.637675000000001324e-02 5.276792499999999331e-01
7.670810000000000128e-01 2.839775000000000632e-02 5.232387499999999747e-01
7.910932500000000811e-01 3.670475000000000820e-02 5.264649999999999608e-01
7.830052499999999860e-01 2.997025000000001077e-02 5.229034999999999656e-01
7.755567500000000170e-01 2.278325000000001183e-02 5.190009999999999346e-01
8.010902500000000037e-01 2.909075000000001243e-02 5.209072499999999328e-01
7.922705000000000997e-01 2.298275000000001012e-02 5.178015000000000256e-01
7.843512500000000554e-01 1.629700000000001286e-02 5.142700000000000049e-01
8.106079999999999952e-01 1.960025000000001349e-02 5.143814999999999360e-01
8.006912500000000765e-01 1.507275000000000975e-02 5.123240000000000016e-01
7.913627500000000037e-01 9.761749999999999594e-03 5.097792500000000171e-01
8.174292499999999961e-01 1.101649999999999852e-02 5.088427500000000103e-01
8.070580000000000531e-01 7.253750000000003251e-03 5.073017499999999957e-01
7.969987500000000891e-01 2.822249999999998371e-03 5.054354999999999265e-01
8.230540000000000633e-01 9.080000000000060245e-04 5.044689999999999452e-01
8.120972500000001038e-01 -1.543999999999989825e-03 5.034352500000000008e-01
8.014172500000000809e-01 -5.012749999999996375e-03 5.020280000000000298e-01
8.268270000000000897e-01 -7.625250000000000083e-03 5.009337499999999554e-01
8.159620000000000761e-01 -9.871999999999991893e-03 5.000715000000000021e-01
8.054665000000000852e-01 -1.299199999999998967e-02 4.987757499999999622e-01
8.305862500000000814e-01 -1.653599999999998127e-02 4.962716499999999531e-01
8.196959999999999802e-01 -1.867299999999999516e-02 4.960236749999999972e-01
8.091810000000000391e-01 -2.135099999999999498e-02 4.952435499999999768e-01
8.328145000000000131e-01 -2.472199999999998010e-02 4.919837999999999711e-01
8.225972500000000576e-01 -2.691749999999999698e-02 4.911793250000000000e-01
8.122082500000000760e-01 -2.900074999999999181e-02 4.901359499999999869e-01
8.349412500000000792e-01 -3.304224999999998136e-02 4.871397749999999971e-01
8.248202500000000326e-01 -3.492900000000000171e-02 4.866680499999999632e-01
8.144537500000000874e-01 -3.766399999999998915e-02 4.856914249999999544e-01
8.367905000000001037e-01 -4.227199999999997626e-02 4.834070999999999785e-01
8.270915000000000905e-01 -4.491699999999999859e-02 4.820717499999999656e-01
8.172395000000000076e-01 -4.791149999999999576e-02 4.806232500000000019e-01
8.397232500000000321e-01 -5.098574999999998247e-02 4.804075499999999610e-01
8.306670000000000442e-01 -5.510850000000000470e-02 4.782108999999999943e-01
8.214297500000000696e-01 -5.913399999999999213e-02 4.760565499999999672e-01
8.440530000000000532e-01 -5.926249999999999574e-02 4.785357249999999674e-01
8.359772500000000051e-01 -6.499274999999998803e-02 4.755479999999999707e-01
8.277267500000000666e-01 -7.024299999999999988e-02 4.726381674999999838e-01
8.510737500000000733e-01 -7.000524999999999110e-02 4.772789499999999796e-01
8.431779999999999831e-01 -7.547924999999999773e-02 4.737768824999999961e-01
8.354795000000000416e-01 -8.099624999999999186e-02 4.702782274999999790e-01
8.583377500000000104e-01 -8.063549999999999884e-02 4.768531749999999625e-01
8.509602499999999736e-01 -8.631900000000000683e-02 4.728122874999999836e-01
8.437170000000000503e-01 -9.190049999999999608e-02 4.688175499999999718e-01
8.653877500000000111e-01 -9.132175000000000709e-02 4.770546249999999544e-01
8.585510000000000641e-01 -9.730249999999998622e-02 4.726327274999999606e-01
8.517580000000000151e-01 -1.027700000000000002e-01 4.682899999999999840e-01
8.723957500000000254e-01 -1.038287499999999974e-01 4.779656499999999641e-01
8.655060000000001086e-01 -1.088822499999999860e-01 4.728772199999999870e-01
8.587765000000000537e-01 -1.139182499999999987e-01 4.678425999999999974e-01
8.781940000000000301e-01 -1.172969999999999846e-01 4.792126249999999477e-01
8.711957500000000465e-01 -1.211019999999999874e-01 4.734474924999999557e-01
8.643677499999999903e-01 -1.249879999999999880e-01 4.677450749999999546e-01
8.822769999999999779e-01 -1.310447499999999876e-01 4.799123499999999876e-01
8.753045000000000408e-01 -1.335830000000000073e-01 4.737282399999999671e-01
8.684650000000000425e-01 -1.363000000000000045e-01 4.676274749999999591e-01
8.851757500000000389e-01 -1.445737500000000009e-01 4.801391499999999590e-01
8.781175000000001063e-01 -1.459262500000000073e-01 4.737328749999999977e-01
8.711634999999999796e-01 -1.473937499999999901e-01 4.676080249999999827e-01
8.863702500000001372e-01 -1.560850000000000015e-01 4.796627499999999711e-01
8.793215000000000892e-01 -1.555287499999999934e-01 4.733040649999999960e-01
8.722072500000001005e-01 -1.551162499999999833e-01 4.672361250000000021e-01
8.838292500000000107e-01 -1.671114999999999962e-01 4.795357999999999565e-01
8.773477500000000928e-01 -1.643999999999999906e-01 4.732803199999999766e-01
8.706222500000000419e-01 -1.619559999999999889e-01 4.672602499999999881e-01
8.776662500000000922e-01 -1.767394999999999938e-01 4.794636249999999489e-01
8.722855000000000469e-01 -1.719590000000000007e-01 4.733956574999999556e-01
8.665067500000001033e-01 -1.677307499999999840e-01 4.672967749999999976e-01
8.698742500000000710e-01 -1.857944999999999736e-01 4.763240999999999725e-01
8.651230000000000864e-01 -1.794270000000000032e-01 4.706788049999999779e-01
8.599482500000000806e-01 -1.737225000000000019e-01 4.648417749999999571e-01
8.602342500000000891e-01 -1.925195000000000101e-01 4.747916999999999832e-01
8.562520000000000131e-01 -1.849044999999999717e-01 4.692261499999999530e-01
8.514277500000000387e-01 -1.780944999999999889e-01 4.635306999999999622e-01
8.485260000000001135e-01 -1.965819999999999790e-01 4.757367499999999860e-01
8.452017500000000849e-01 -1.881019999999999914e-01 4.701638125000000001e-01
8.410947500000001131e-01 -1.801245000000000207e-01 4.644073749999999556e-01
8.373495000000000799e-01 -2.019194999999999740e-01 4.752741749999999654e-01
8.348027500000000378e-01 -1.921720000000000095e-01 4.694233499999999615e-01
8.317382500000000123e-01 -1.816419999999999702e-01 4.636030749999999756e-01
8.277282500000000542e-01 -2.046270000000000033e-01 4.784882749999999629e-01
8.237165000000000736e-01 -1.960494999999999877e-01 4.707726250000000001e-01
8.191732500000000750e-01 -1.878969999999999807e-01 4.635335999999999901e-01
8.160817500000000502e-01 -2.072820000000000218e-01 4.815628999999999604e-01
8.133812500000000556e-01 -1.998094999999999732e-01 4.741714599999999891e-01
8.107790000000000274e-01 -1.920545000000000169e-01 4.667042249999999726e-01
8.031342500000000495e-01 -2.096770000000000023e-01 4.809153749999999783e-01
8.017197500000000643e-01 -2.029394999999999949e-01 4.737511199999999700e-01
8.007835000000000925e-01 -1.965144999999999809e-01 4.662708749999999736e-01
7.919262500000000538e-01 -2.110319999999999974e-01 4.791394499999999668e-01
7.925857500000000888e-01 -2.047669999999999768e-01 4.724066624999999631e-01
7.929805000000000881e-01 -1.987145000000000161e-01 4.655097249999999853e-01
7.813280000000000225e-01 -2.078844999999999721e-01 4.784229749999999726e-01
7.830697500000000089e-01 -2.022295000000000065e-01 4.717718797499999561e-01
7.846575000000000077e-01 -1.967619999999999925e-01 4.650733249999999819e-01
7.708895000000000053e-01 -2.037220000000000142e-01 4.786996749999999912e-01
7.734135000000000870e-01 -1.986919999999999797e-01 4.720688097499999847e-01
7.759855000000001057e-01 -1.938170000000000170e-01 4.654442999999999775e-01
7.597195000000001031e-01 -1.969819999999999904e-01 4.781765749999999926e-01
7.628770000000000273e-01 -1.925394999999999746e-01 4.715801674999999804e-01
7.659762500000000252e-01 -1.881869999999999932e-01 4.650148249999999650e-01
7.499717500000000481e-01 -1.883845000000000103e-01 4.783579499999999762e-01
7.536142500000000410e-01 -1.846495000000000219e-01 4.718474564999999843e-01
7.570557500000000273e-01 -1.807644999999999946e-01 4.653832249999999560e-01
7.424610000000000376e-01 -1.780694999999999917e-01 4.793131749999999802e-01
7.463347500000000467e-01 -1.749377500000000030e-01 4.728735550000000010e-01
7.500147500000000633e-01 -1.715384999999999827e-01 4.665307999999999677e-01
7.376443250000001006e-01 -1.674984999999999946e-01 4.796909749999999639e-01
7.418777500000000025e-01 -1.652637499999999871e-01 4.732305549999999972e-01
7.461155000000000426e-01 -1.629940000000000000e-01 4.668499499999999580e-01
7.344237750000000009e-01 -1.572187499999999905e-01 4.796410499999999577e-01
7.389096500000000844e-01 -1.558567499999999884e-01 4.731643624999999909e-01
7.432982500000000492e-01 -1.546047499999999852e-01 4.667431749999999546e-01
7.316061250000001071e-01 -1.468244999999999967e-01 4.784187249999999891e-01
7.362477750000000487e-01 -1.463437499999999947e-01 4.719622362500000001e-01
7.409340000000000925e-01 -1.460069999999999979e-01 4.654113249999999868e-01
7.281050000000000022e-01 -1.364407499999999995e-01 4.770535750000000075e-01
7.331149500000000430e-01 -1.361172499999999952e-01 4.710237374999999838e-01
7.381489250000000668e-01 -1.359539999999999915e-01 4.649351749999999783e-01
7.251735750000000147e-01 -1.252607500000000040e-01 4.758755000000000068e-01
7.305729000000000806e-01 -1.248152499999999887e-01 4.703556050000000099e-01
7.359246750000000281e-01 -1.243937499999999974e-01 4.648541999999999952e-01
7.232615000000000016e-01 -1.131962499999999983e-01 4.754321499999999978e-01
7.290169750000000670e-01 -1.130730000000000068e-01 4.704807225000000037e-01
7.347855250000000504e-01 -1.129290000000000016e-01 4.655671749999999998e-01
7.230075500000000543e-01 -1.004954999999999876e-01 4.752231249999999685e-01
7.290661000000000502e-01 -1.009337499999999888e-01 4.708296849999999978e-01
7.351602750000000297e-01 -1.013939999999999841e-01 4.664764999999999606e-01
7.240790500000000574e-01 -8.790624999999999134e-02 4.751049749999999849e-01
7.302862000000001075e-01 -8.878900000000000681e-02 4.712233974999999742e-01
7.364787000000000416e-01 -8.942900000000000849e-02 4.673134250000000045e-01
7.256208000000000657e-01 -7.406650000000000733e-02 4.740202949999999804e-01
7.319604250000000256e-01 -7.555924999999999447e-02 4.705385149999999905e-01
7.383638750000000028e-01 -7.690949999999999176e-02 4.669969749999999808e-01
7.271063750000000825e-01 -6.271974999999999079e-02 4.718811135000000045e-01
7.336924750000000106e-01 -6.352249999999998176e-02 4.689415499999999848e-01
7.402985000000000815e-01 -6.428799999999998405e-02 4.659739749999999847e-01
7.271926000000000778e-01 -5.152199999999998448e-02 4.699737874999999621e-01
7.338395250000000480e-01 -5.132275000000000031e-02 4.674261999999999584e-01
7.405362500000000070e-01 -5.111874999999999059e-02 4.649209999999999732e-01
7.258696000000000037e-01 -4.038024999999999254e-02 4.697434500000000068e-01
7.323005500000000501e-01 -3.915475000000000205e-02 4.669749999999999734e-01
7.387998000000000065e-01 -3.782824999999999382e-02 4.643235749999999884e-01
7.230076750000000718e-01 -2.929999999999999272e-02 4.704171524999999909e-01
7.289647750000000093e-01 -2.727525000000000088e-02 4.672466249999999710e-01
7.353507250000000939e-01 -2.529649999999999954e-02 4.650779749999999768e-01
7.185920749999999968e-01 -1.826224999999999377e-02 4.706099199999999594e-01
7.244543250000000656e-01 -1.573324999999999030e-02 4.677906249999999599e-01
7.304139500000000895e-01 -1.321050000000000002e-02 4.652269249999999579e-01
7.138969350000000658e-01 -7.145249999999991886e-03 4.713883524999999963e-01
7.195809750000000671e-01 -4.308750000000000080e-03 4.685970999999999886e-01
7.252706500000000167e-01 -1.443249999999993149e-03 4.659080499999999625e-01
7.096458500000000225e-01 3.435250000000000803e-03 4.746252749999999576e-01
7.151555950000000328e-01 6.748250000000011184e-03 4.719352354999999943e-01
7.208053750000000814e-01 9.782250000000006218e-03 4.692827749999999853e-01
7.055915500000000673e-01 1.495225000000000720e-02 4.761453999999999964e-01
7.112793500000000879e-01 1.773925000000000501e-02 4.732399199999999806e-01
7.170261500000000288e-01 2.050375000000000114e-02 4.705264174999999605e-01
7.004105500000000761e-01 2.524875000000000730e-02 4.760171749999999591e-01
7.067476750000000196e-01 2.840550000000000713e-02 4.724537424999999957e-01
7.131663675000000646e-01 3.101625000000000215e-02 4.691886499999999849e-01
6.974914750000000829e-01 3.822950000000000653e-02 4.778656000000000015e-01
7.047732750000000879e-01 4.126075000000000575e-02 4.737100224999999942e-01
7.120447175000000906e-01 4.340225000000000333e-02 4.699197699999999589e-01
6.947302750000000637e-01 4.985280000000000267e-02 4.782880499999999646e-01
7.034726000000000035e-01 5.328512500000000263e-02 4.731489274999999828e-01
7.124400200000000627e-01 5.649002500000000621e-02 4.684363249999999868e-01
6.919516250000000701e-01 6.414462499999999678e-02 4.762558000000000069e-01
7.029335750000000882e-01 6.545785000000001186e-02 4.738555199999999745e-01
7.169863000000000763e-01 6.490339999999999998e-02 4.706786474999999914e-01
6.950287750000000431e-01 7.607857249999999683e-02 4.764893249999999636e-01
7.041228750000000369e-01 7.679575000000000984e-02 4.744770274999999815e-01
7.136234525000000328e-01 7.686525000000000996e-02 4.710531924999999953e-01
6.978267250000000921e-01 8.894007500000000732e-02 4.757669250000000072e-01
7.055036749999999968e-01 8.949680000000000135e-02 4.737773349999999661e-01
7.127416175000000909e-01 9.003217500000000595e-02 4.712359325000000099e-01
7.002699250000000708e-01 1.032162500000000094e-01 4.751272749999999601e-01
7.068547250000000171e-01 1.033087500000000047e-01 4.732286674999999776e-01
7.133871450000000003e-01 1.034742500000000037e-01 4.710524549999999810e-01
7.032206000000000845e-01 1.180085000000000023e-01 4.743593949999999615e-01
7.094582500000000680e-01 1.176917500000000116e-01 4.724219399999999847e-01
7.156946400000000486e-01 1.174420000000000047e-01 4.704036024999999621e-01
7.069026750000000359e-01 1.331404999999999950e-01 4.733929450000000094e-01
7.128713100000000358e-01 1.322715000000000141e-01 4.714380400000000026e-01
7.188698250000000733e-01 1.314727499999999993e-01 4.694725999999999622e-01
7.110384250000000295e-01 1.476709999999999967e-01 4.724827099999999724e-01
7.167140950000000510e-01 1.464810000000000001e-01 4.703579424999999592e-01
7.224143000000000647e-01 1.453297500000000075e-01 4.681990249999999909e-01
7.156509349999999881e-01 1.619220000000000104e-01 4.718654142500000037e-01
7.209229249999999922e-01 1.605245000000000144e-01 4.694799000000000055e-01
7.262685500000000127e-01 1.591052500000000036e-01 4.670701499999999617e-01
7.182576000000000516e-01 1.746767499999999917e-01 4.716789224999999863e-01
7.237357250000000519e-01 1.740619999999999945e-01 4.692336249999999875e-01
7.292376500000000705e-01 1.734417500000000056e-01 4.667763999999999802e-01
7.189398000000000177e-01 1.875447500000000101e-01 4.725269024999999568e-01
7.244985000000000452e-01 1.876674999999999871e-01 4.700182974999999597e-01
7.300353750000000419e-01 1.878597499999999920e-01 4.675287750000000075e-01
7.182629000000000374e-01 2.001114999999999977e-01 4.744364099999999751e-01
7.236875750000000274e-01 2.006692499999999935e-01 4.717777292499999997e-01
7.290541750000000265e-01 2.013260000000000050e-01 4.690489250000000054e-01
7.169923500000000560e-01 2.130287500000000167e-01 4.769372499999999793e-01
7.220983499999999999e-01 2.135002500000000025e-01 4.744368099999999866e-01
7.271123250000000038e-01 2.142654999999999976e-01 4.711866925000000039e-01
7.167367525000000184e-01 2.259164999999999923e-01 4.802051749999999841e-01
7.213775000000000048e-01 2.262962500000000043e-01 4.766738500000000101e-01
7.260151500000000535e-01 2.267450000000000021e-01 4.729411024999999880e-01
7.163415874999999877e-01 2.397704999999999975e-01 4.831360999999999573e-01
7.206026500000000112e-01 2.397107500000000002e-01 4.788674749999999869e-01
7.248816000000000148e-01 2.399062500000000153e-01 4.746105499999999644e-01
7.172294249999999760e-01 2.551750000000000407e-01 4.840553249999999808e-01
7.210889249999999917e-01 2.548845000000000138e-01 4.794451249999999720e-01
7.249564250000000154e-01 2.546617500000000200e-01 4.748380749999999706e-01
7.176074250000000765e-01 2.707727500000000065e-01 4.855164249999999737e-01
7.210799500000000251e-01 2.703579999999999872e-01 4.805899499999999880e-01
7.245905249999999853e-01 2.699167500000000386e-01 4.756623999999999852e-01
7.178997750000000178e-01 2.846987500000000004e-01 4.863743499999999553e-01
7.213373000000000701e-01 2.844342499999999996e-01 4.813445749999999967e-01
7.247483250000000821e-01 2.841042500000000026e-01 4.762933249999999896e-01
7.177163500000000029e-01 2.962327500000000446e-01 4.877898749999999839e-01
7.210903250000000320e-01 2.962369999999999726e-01 4.826495249999999682e-01
7.244611250000000391e-01 2.962272499999999975e-01 4.775067000000000061e-01
7.162908650000000543e-01 3.068692499999999823e-01 4.888143249999999940e-01
7.196126750000000349e-01 3.073252499999999943e-01 4.835597249999999958e-01
7.228942999999999897e-01 3.078687500000000243e-01 4.783040000000000069e-01
7.128871700000000144e-01 3.176410000000000067e-01 4.903650250000000099e-01
7.161446424999999838e-01 3.185282500000000128e-01 4.849899249999999884e-01
7.193257499999999860e-01 3.195682499999999981e-01 4.796698249999999941e-01
7.080338250000000055e-01 3.293480000000000296e-01 4.915632749999999662e-01
7.111853000000000202e-01 3.306204999999999838e-01 4.860812749999999793e-01
7.142321305000000065e-01 3.320980000000000043e-01 4.806865750000000048e-01
7.020486999999999700e-01 3.431954999999999867e-01 4.946899750000000040e-01
7.049457000000000084e-01 3.447204999999999853e-01 4.890946499999999642e-01
7.076858999999999789e-01 3.465480000000000227e-01 4.834919249999999891e-01
6.931624750000000557e-01 3.569530000000000203e-01 4.960999999999999854e-01
6.957744750000000034e-01 3.588355000000000294e-01 4.903399499999999689e-01
6.981670749999999703e-01 3.609155000000000002e-01 4.845253250000000067e-01
6.812862499999999821e-01 3.652004999999999835e-01 4.955328999999999984e-01
6.831884999999999764e-01 3.676880000000000148e-01 4.894787999999999917e-01
6.849979999999999958e-01 3.699855000000000227e-01 4.833588500000000066e-01
6.692332500000000017e-01 3.670430000000000081e-01 4.944412249999999842e-01
6.704180000000000694e-01 3.697604999999999920e-01 4.879756249999999684e-01
6.714567500000000466e-01 3.722130000000000161e-01 4.814884999999999859e-01
6.588052500000000089e-01 3.634680000000000133e-01 4.936249749999999659e-01
6.591267499999999835e-01 3.660979999999999790e-01 4.864256000000000135e-01
6.595972500000000238e-01 3.685630000000000295e-01 4.792560000000000153e-01
6.496312499999999934e-01 3.580654999999999810e-01 4.934550999999999799e-01
6.497224999999999806e-01 3.608430000000000248e-01 4.852507249999999939e-01
6.497232500000000854e-01 3.633855000000000279e-01 4.770782499999999815e-01
6.424499999999999655e-01 3.526380000000000070e-01 4.928689250000000133e-01
6.420322499999999710e-01 3.549930000000000030e-01 4.833813000000000137e-01
6.414177500000000087e-01 3.573755000000000126e-01 4.737036949999999802e-01
6.377737500000000281e-01 3.452554999999999930e-01 4.943671000000000038e-01
6.367530000000000134e-01 3.471805000000000030e-01 4.826543749999999688e-01
6.355600000000000138e-01 3.492155000000000120e-01 4.712725399999999620e-01
6.362887500000000696e-01 3.350230000000000152e-01 4.925224249999999859e-01
6.337617500000000126e-01 3.364380000000000148e-01 4.811959000000000097e-01
6.319277500000000103e-01 3.386529999999999818e-01 4.701812599999999898e-01
6.334435000000000482e-01 3.261855000000000171e-01 4.897336499999999648e-01
6.314310000000000755e-01 3.270029999999999881e-01 4.809525000000000050e-01
6.294837500000000086e-01 3.274080000000000323e-01 4.721798669999999754e-01
6.327599999999999891e-01 3.149684999999999846e-01 4.888676499999999869e-01
6.310355000000000825e-01 3.145092500000000180e-01 4.815815749999999840e-01
6.292842499999999895e-01 3.137302499999999883e-01 4.742483100000000062e-01
6.338307499999999983e-01 3.026417500000000427e-01 4.911187750000000074e-01
6.320395000000000874e-01 3.014377500000000043e-01 4.846983999999999737e-01
6.302737499999999660e-01 2.999650000000000372e-01 4.783699000000000146e-01
6.369212499999999944e-01 2.895127499999999854e-01 4.934596749999999865e-01
6.348892500000000716e-01 2.881445000000000256e-01 4.874431249999999771e-01
6.329337500000000727e-01 2.864780000000000104e-01 4.814813000000000009e-01
6.408930000000000460e-01 2.765172499999999922e-01 4.954402749999999855e-01
6.387909999999999977e-01 2.751177499999999942e-01 4.895795749999999891e-01
6.368162500000000836e-01 2.734087499999999782e-01 4.837662249999999942e-01
6.453055000000000874e-01 2.663622500000000226e-01 4.969298500000000063e-01
6.431702500000000544e-01 2.642867500000000147e-01 4.912663499999999628e-01
6.411975000000000868e-01 2.619887499999999925e-01 4.856822249999999674e-01
6.500535000000000618e-01 2.591482499999999689e-01 4.979314999999999714e-01
6.481072500000000236e-01 2.561052500000000065e-01 4.926674999999999804e-01
6.462300000000000821e-01 2.530384999999999995e-01 4.874159249999999721e-01
6.572284999999999933e-01 2.535180000000000211e-01 4.981052499999999994e-01
6.554032499999999928e-01 2.501305000000000334e-01 4.932675249999999845e-01
6.536912500000000570e-01 2.467580000000000051e-01 4.884234499999999812e-01
6.653912499999999897e-01 2.492235000000000145e-01 4.971539999999999848e-01
6.636874999999999858e-01 2.455377499999999991e-01 4.922393250000000053e-01
6.620002500000000678e-01 2.418502500000000166e-01 4.873640249999999785e-01
6.743605000000000294e-01 2.445812500000000000e-01 4.963130000000000042e-01
6.728112500000000828e-01 2.408214999999999939e-01 4.917132499999999906e-01
6.712467500000000031e-01 2.370302499999999979e-01 4.871260000000000034e-01
6.836142499999999789e-01 2.414825000000000166e-01 4.944896500000000028e-01
6.821217500000000822e-01 2.375470000000000081e-01 4.900180000000000091e-01
6.805870000000000530e-01 2.335982500000000073e-01 4.855587249999999688e-01
6.932709249999999823e-01 2.396682499999999993e-01 4.920993750000000055e-01
6.921117500000000256e-01 2.354857499999999937e-01 4.876989999999999936e-01
6.908351500000000645e-01 2.313332500000000180e-01 4.833330750000000009e-01
7.049390250000000524e-01 2.369175000000000031e-01 4.902245000000000075e-01
7.032031000000000809e-01 2.327042500000000014e-01 4.861735500000000099e-01
7.014238500000000709e-01 2.285004999999999953e-01 4.821253999999999817e-01
7.167329224999999804e-01 2.340320000000000178e-01 4.872991249999999996e-01
7.148804300000000111e-01 2.294339999999999991e-01 4.836412499999999670e-01
7.131304200000000426e-01 2.246022500000000033e-01 4.807565500000000047e-01
7.284629750000000126e-01 2.313092499999999940e-01 4.838405249999999658e-01
7.266011749999999880e-01 2.264167500000000000e-01 4.806431499999999635e-01
7.247735499999999886e-01 2.214109999999999967e-01 4.778359249999999947e-01
7.404067500000000024e-01 2.286272500000000041e-01 4.804223249999999834e-01
7.385416249999999794e-01 2.234155000000000169e-01 4.775609499999999841e-01
7.366888999999999799e-01 2.181962500000000083e-01 4.746897999999999951e-01
7.522595000000000809e-01 2.259612500000000024e-01 4.772385749999999982e-01
7.504342500000000804e-01 2.206245000000000012e-01 4.746945499999999929e-01
7.486814999999999998e-01 2.152632500000000171e-01 4.721233787499999890e-01
7.632467500000000848e-01 2.239892500000000009e-01 4.750680749999999786e-01
7.617145000000000721e-01 2.185202499999999992e-01 4.724542899999999990e-01
7.602392500000000330e-01 2.130497500000000100e-01 4.698331424999999673e-01
7.739202499999999763e-01 2.226655000000000162e-01 4.735848924999999654e-01
7.727315000000000156e-01 2.170615000000000183e-01 4.709616774999999533e-01
7.715827499999999839e-01 2.114792500000000075e-01 4.683498999999999857e-01
7.846560000000000201e-01 2.216117499999999962e-01 4.725839175000000059e-01
7.837150000000000505e-01 2.158035000000000092e-01 4.699826474999999615e-01
7.828122499999999873e-01 2.100220000000000142e-01 4.674020499999999578e-01
7.955550000000000122e-01 2.205227500000000174e-01 4.723919349999999850e-01
7.946815000000000406e-01 2.145724999999999993e-01 4.697724924999999718e-01
7.938709999999999933e-01 2.086500000000000021e-01 4.671863499999999725e-01
8.066202500000000386e-01 2.191132500000000094e-01 4.729060599999999615e-01
8.057077500000000558e-01 2.130485000000000018e-01 4.702553274999999866e-01
8.049175000000000635e-01 2.070102500000000068e-01 4.676423999999999581e-01
8.187467500000000786e-01 2.174345000000000028e-01 4.728566524999999743e-01
8.177482500000000654e-01 2.111929999999999918e-01 4.701644299999999665e-01
8.168927500000000563e-01 2.049255000000000104e-01 4.674473749999999983e-01
8.308797500000000280e-01 2.155934999999999935e-01 4.734096949999999637e-01
8.298470000000000013e-01 2.090457500000000024e-01 4.706308374999999544e-01
8.289332500000000659e-01 2.024437500000000056e-01 4.678182499999999910e-01
8.423845000000000915e-01 2.140777500000000111e-01 4.748080999999999552e-01
8.413457500000000033e-01 2.069920000000000093e-01 4.718005089999999790e-01
8.404517500000000529e-01 1.997935000000000128e-01 4.687265999999999933e-01
8.523445000000000604e-01 2.143217500000000053e-01 4.767921249999999556e-01
8.512085000000000345e-01 2.062120000000000064e-01 4.733407674999999815e-01
8.498127500000000056e-01 1.981027500000000219e-01 4.698432224999999907e-01
8.622512500000000246e-01 2.144245000000000179e-01 4.781294749999999705e-01
8.614312500000000927e-01 2.053522500000000139e-01 4.743044324999999839e-01
8.602085000000000425e-01 1.963605000000000211e-01 4.704941599999999946e-01
8.720287500000000191e-01 2.163920000000000010e-01 4.793942249999999516e-01
8.710714999999999986e-01 2.056412499999999977e-01 4.748316249999999794e-01
8.696265000000000800e-01 1.953742500000000271e-01 4.705012524999999668e-01
8.787597500000000617e-01 2.171922500000000034e-01 4.802718749999999592e-01
8.799004999999999743e-01 2.063669999999999949e-01 4.757975749999999726e-01
8.804195000000000215e-01 1.959420000000000051e-01 4.715689199999999470e-01
8.896607500000000002e-01 2.166547500000000070e-01 4.795568749999999936e-01
8.904777500000000678e-01 2.077627499999999960e-01 4.758953999999999684e-01
8.912425000000000486e-01 1.989490000000000147e-01 4.723209649999999815e-01
9.012435000000000862e-01 2.170354999999999923e-01 4.791839499999999696e-01
9.019822500000000964e-01 2.090817500000000106e-01 4.759182249999999725e-01
9.026797500000000030e-01 2.011300000000000032e-01 4.726871699999999898e-01
9.242605000000000404e-01 2.115609999999999991e-01 4.759055499999999550e-01
