5.606252500000000749e-01 -1.693650000000000710e-02 4.757843499999999670e-01
6.071095000000000796e-01 -1.575725000000000042e-02 4.778557499999999680e-01
6.041199999999999903e-01 -2.758800000000000141e-02 4.762154000000000109e-01
6.011602500000000626e-01 -3.949599999999998945e-02 4.745717999999999881e-01
6.182667500000000871e-01 -1.826250000000000095e-02 4.779074500000000114e-01
6.152285000000000670e-01 -3.015774999999999706e-02 4.762596249999999642e-01
6.121865000000000778e-01 -4.215949999999998865e-02 4.745988999999999902e-01
6.281670000000000309e-01 -2.056399999999999895e-02 4.779257249999999679e-01
6.257797500000000790e-01 -3.241149999999999587e-02 4.763052249999999987e-01
6.234285000000000521e-01 -4.505874999999999464e-02 4.745731999999999728e-01
6.391352500000000436e-01 -2.270899999999999308e-02 4.779187999999999770e-01
6.368135000000000323e-01 -3.408449999999998981e-02 4.763596499999999678e-01
6.344252500000000516e-01 -4.591749999999999998e-02 4.747282250000000037e-01
6.497397500000000603e-01 -2.542524999999999646e-02 4.782809749999999971e-01
6.470732500000000442e-01 -3.634524999999999562e-02 4.767473999999999879e-01
6.446240000000000858e-01 -4.740999999999999381e-02 4.751989999999999825e-01
6.610535000000000716e-01 -2.863575000000000148e-02 4.780152249999999881e-01
6.577935000000000310e-01 -3.911275000000000168e-02 4.765262499999999846e-01
6.550882500000000386e-01 -4.984324999999999173e-02 4.750155749999999677e-01
6.733155000000000667e-01 -3.151999999999999247e-02 4.779035999999999840e-01
6.698232500000000922e-01 -4.212024999999999797e-02 4.763851499999999795e-01
6.675040000000000973e-01 -5.299774999999998237e-02 4.748514749999999673e-01
6.869147500000000184e-01 -3.443974999999999120e-02 4.776963750000000064e-01
6.823440000000000616e-01 -4.474099999999998911e-02 4.762007500000000060e-01
6.788562500000000499e-01 -5.553724999999998246e-02 4.746441000000000132e-01
6.988271750000000226e-01 -3.615849999999999620e-02 4.775760000000000005e-01
6.942939000000000194e-01 -4.661499999999998978e-02 4.760567749999999876e-01
6.912368500000000138e-01 -5.719174999999998565e-02 4.745236749999999781e-01
7.116319750000000832e-01 -3.536349999999999216e-02 4.776728499999999822e-01
7.074396750000000456e-01 -4.631199999999999206e-02 4.760643250000000104e-01
7.039917500000000272e-01 -5.700674999999999493e-02 4.744828224999999566e-01
7.223957250000000441e-01 -3.444824999999999970e-02 4.773875499999999938e-01
7.188157750000000457e-01 -4.537449999999999817e-02 4.757469249999999872e-01
7.157844675000000212e-01 -5.576924999999999244e-02 4.741763250000000096e-01
7.342969000000000301e-01 -3.372124999999999428e-02 4.767077249999999711e-01
7.306201250000000647e-01 -4.456024999999999570e-02 4.748987000000000069e-01
7.274931250000000738e-01 -5.477999999999999536e-02 4.733571574999999587e-01
7.457885000000000764e-01 -3.420049999999999479e-02 4.759061499999999723e-01
7.424855000000000205e-01 -4.443574999999999608e-02 4.754796000000000022e-01
7.402985000000000815e-01 -5.388924999999999965e-02 4.764488749999999939e-01
7.582530000000000658e-01 -3.504699999999999482e-02 4.739389450000000004e-01
7.538310000000000288e-01 -4.497199999999999809e-02 4.724833374999999891e-01
7.511945000000000983e-01 -5.495074999999999266e-02 4.726984124999999981e-01
7.691800000000000859e-01 -3.708274999999999766e-02 4.724525175000000021e-01
7.654192500000001065e-01 -4.684950000000000225e-02 4.709506049999999666e-01
7.619982500000000991e-01 -5.664325000000000609e-02 4.693643249999999711e-01
7.789957499999999868e-01 -3.893824999999999370e-02 4.705514224999999828e-01
7.770972500000000727e-01 -4.889999999999999902e-02 4.687312249999999736e-01
7.752372500000000999e-01 -5.885650000000000603e-02 4.668961749999999689e-01
7.894392500000000368e-01 -4.013074999999999282e-02 4.694651999999999714e-01
7.889845000000000885e-01 -5.027024999999998855e-02 4.674443749999999675e-01
7.880810000000000315e-01 -6.008874999999999633e-02 4.654076500000000061e-01
8.041815000000001046e-01 -4.225574999999999470e-02 4.690726499999999799e-01
8.022895000000000998e-01 -5.189225000000000088e-02 4.668529499999999888e-01
8.005977500000001079e-01 -6.128800000000000914e-02 4.647526499999999894e-01
8.172942499999999999e-01 -4.615699999999998970e-02 4.687064999999999704e-01
8.141080000000000538e-01 -5.537624999999998798e-02 4.665549749999999829e-01
8.110045000000000170e-01 -6.442950000000000066e-02 4.644977499999999870e-01
8.284027500000000765e-01 -5.280524999999999802e-02 4.686356499999999592e-01
8.245400000000000507e-01 -6.151724999999999555e-02 4.665328749999999580e-01
8.207055000000000877e-01 -6.982099999999999418e-02 4.645668000000000020e-01
8.384735000000000937e-01 -6.308574999999999600e-02 4.697918224999999559e-01
8.330387500000000500e-01 -7.004299999999999415e-02 4.675777249999999996e-01
8.275945000000000107e-01 -7.729400000000000159e-02 4.653166749999999574e-01
8.459944999999999826e-01 -7.441799999999998416e-02 4.709102024999999858e-01
8.397030000000000882e-01 -7.988875000000000837e-02 4.686035749999999944e-01
8.332287500000000735e-01 -8.542924999999998437e-02 4.662668749999999696e-01
8.522020000000000151e-01 -8.303949999999998832e-02 4.724160249999999617e-01
8.452535000000001020e-01 -8.785899999999999266e-02 4.699448599999999643e-01
8.382620000000000626e-01 -9.248049999999999327e-02 4.675188499999999858e-01
8.577987500000000542e-01 -9.181200000000000472e-02 4.749305999999999806e-01
8.502085000000000337e-01 -9.546974999999999212e-02 4.721614077499999840e-01
8.427930000000000144e-01 -9.905249999999998778e-02 4.695750674999999985e-01
8.621205000000000673e-01 -1.003407500000000063e-01 4.773968499999999837e-01
8.537652500000000311e-01 -1.021884999999999877e-01 4.741762749999999804e-01
8.455470000000000486e-01 -1.039222499999999938e-01 4.712896624999999839e-01
8.613972500000000032e-01 -1.100462499999999844e-01 4.813087749999999665e-01
8.532085000000000363e-01 -1.094817499999999888e-01 4.771564499999999542e-01
8.449442500000000633e-01 -1.086807499999999926e-01 4.734027149999999740e-01
8.565562500000000190e-01 -1.191962500000000036e-01 4.855861499999999942e-01
8.491845000000000088e-01 -1.164890000000000092e-01 4.804507999999999557e-01
8.414945000000000341e-01 -1.137547499999999878e-01 4.757375499999999535e-01
8.489652500000000046e-01 -1.284514999999999962e-01 4.877634999999999610e-01
8.422490000000000254e-01 -1.244197499999999956e-01 4.822117499999999946e-01
8.350330000000000252e-01 -1.208779999999999855e-01 4.771138499999999505e-01
8.420652500000000984e-01 -1.371904999999999930e-01 4.881207749999999512e-01
8.361860000000000959e-01 -1.314312499999999995e-01 4.822529999999999872e-01
8.297820000000000196e-01 -1.261347499999999899e-01 4.767328750000000004e-01
8.320120000000000848e-01 -1.426827499999999971e-01 4.896018500000000051e-01
8.271487500000000992e-01 -1.358614999999999962e-01 4.832706749999999829e-01
8.218075000000000241e-01 -1.293052499999999827e-01 4.771243749999999895e-01
8.225007500000001137e-01 -1.491154999999999842e-01 4.888043249999999840e-01
8.183782500000000848e-01 -1.408727499999999910e-01 4.820322999999999691e-01
8.141117500000000229e-01 -1.319512499999999922e-01 4.750850499999999532e-01
8.147502500000000092e-01 -1.551347499999999879e-01 4.890046999999999588e-01
8.098812500000001080e-01 -1.475229999999999875e-01 4.804794000000000009e-01
8.055332500000000895e-01 -1.399444999999999995e-01 4.721851824999999669e-01
8.058535000000000004e-01 -1.615942499999999948e-01 4.884898249999999886e-01
8.021957500000000962e-01 -1.546442499999999831e-01 4.806481999999999699e-01
7.991247500000000503e-01 -1.472719999999999863e-01 4.728777624999999651e-01
7.980547500000000349e-01 -1.678774999999999851e-01 4.846334499999999657e-01
7.958030000000000381e-01 -1.612147499999999900e-01 4.777160249999999886e-01
7.939520000000001021e-01 -1.549587500000000062e-01 4.705884575000000014e-01
7.912150000000000016e-01 -1.722984999999999933e-01 4.808908999999999545e-01
7.906475000000000586e-01 -1.653997499999999843e-01 4.746483249999999821e-01
7.895042500000000185e-01 -1.588297499999999918e-01 4.684359999999999635e-01
7.822600000000000664e-01 -1.722684999999999911e-01 4.794606750000000028e-01
7.832110000000001016e-01 -1.656434999999999991e-01 4.736713799999999752e-01
7.834765000000000201e-01 -1.593525000000000080e-01 4.679284499999999958e-01
7.719540000000000290e-01 -1.719090000000000062e-01 4.790905500000000039e-01
7.742892500000000400e-01 -1.657267500000000060e-01 4.736515199999999925e-01
7.761322500000000790e-01 -1.595727499999999854e-01 4.681399749999999860e-01
7.615092500000000264e-01 -1.677710000000000035e-01 4.775044999999999984e-01
7.651455000000000339e-01 -1.622752499999999820e-01 4.723718174999999575e-01
7.683325000000000848e-01 -1.566467500000000013e-01 4.671826249999999625e-01
7.535860000000000891e-01 -1.612872499999999931e-01 4.770614749999999571e-01
7.581770000000001009e-01 -1.567307500000000020e-01 4.720540262499999806e-01
7.625310000000000699e-01 -1.518364999999999854e-01 4.668827249999999984e-01
7.451990000000000558e-01 -1.547667500000000085e-01 4.768207749999999745e-01
7.497950000000001003e-01 -1.505322500000000063e-01 4.720194672499999911e-01
7.539705000000000990e-01 -1.460342500000000043e-01 4.672981250000000086e-01
7.389653000000000471e-01 -1.472154999999999991e-01 4.776403999999999650e-01
7.439567500000000555e-01 -1.438969999999999971e-01 4.730083474999999815e-01
7.485680000000000112e-01 -1.404854999999999854e-01 4.684698250000000064e-01
7.336753500000000594e-01 -1.400522499999999892e-01 4.771352749999999698e-01
7.393285500000000843e-01 -1.378152500000000003e-01 4.726978199999999908e-01
7.443450000000000344e-01 -1.353624999999999967e-01 4.684163249999999667e-01
7.313907000000000602e-01 -1.329417499999999974e-01 4.752892749999999555e-01
7.375389500000000265e-01 -1.318864999999999899e-01 4.710981874999999874e-01
7.436835000000000528e-01 -1.309052500000000008e-01 4.667875999999999692e-01
7.310989500000000252e-01 -1.254559999999999842e-01 4.732238299999999565e-01
7.373514750000000895e-01 -1.251867499999999855e-01 4.692194499999999824e-01
7.436892500000000794e-01 -1.248377499999999973e-01 4.650050249999999608e-01
7.316854750000000296e-01 -1.180282500000000012e-01 4.719754486499999624e-01
7.380017750000000820e-01 -1.178279999999999883e-01 4.680651999999999591e-01
7.444692500000000823e-01 -1.175927499999999959e-01 4.640519750000000054e-01
7.331008500000000261e-01 -1.109397500000000036e-01 4.718531424999999890e-01
7.392438000000000065e-01 -1.105694999999999872e-01 4.682634749999999846e-01
7.454132500000000272e-01 -1.106432499999999985e-01 4.646027749999999679e-01
7.339963500000000751e-01 -1.032302499999999956e-01 4.734626624999999644e-01
7.400797500000000362e-01 -1.030117499999999853e-01 4.698474024999999554e-01
7.461427500000000768e-01 -1.031465000000000021e-01 4.662415249999999900e-01
7.351562500000000666e-01 -9.330449999999998467e-02 4.757916499999999549e-01
7.411417500000000436e-01 -9.395649999999999835e-02 4.719745565249999775e-01
7.470927500000000832e-01 -9.454650000000000554e-02 4.683074999999999877e-01
7.379486750000000539e-01 -8.211474999999998636e-02 4.779883749999999654e-01
7.437847500000001055e-01 -8.362975000000000270e-02 4.739647174999999657e-01
7.496502500000000735e-01 -8.523775000000000102e-02 4.699931450000000011e-01
7.415840000000000209e-01 -7.178974999999998552e-02 4.783574749999999765e-01
7.472747500000000986e-01 -7.354425000000000545e-02 4.743730975000000072e-01
7.530012500000000664e-01 -7.553175000000000860e-02 4.703842049999999997e-01
7.435040000000000537e-01 -6.078949999999999632e-02 4.760141249999999546e-01
7.496790000000000953e-01 -6.156924999999999204e-02 4.739828024999999667e-01
7.556985000000000507e-01 -6.224124999999999797e-02 4.704654424999999973e-01
7.439262500000000111e-01 -4.889599999999999502e-02 4.745687249999999691e-01
7.497925000000000839e-01 -4.898749999999998939e-02 4.724084174999999552e-01
7.561600000000000543e-01 -4.857499999999999318e-02 4.697882774999999622e-01
7.433027500000000121e-01 -3.651549999999999241e-02 4.759035249999999939e-01
7.488922500000000371e-01 -3.613449999999999995e-02 4.732433600000000018e-01
7.547905000000000308e-01 -3.553399999999999614e-02 4.694445999999999897e-01
7.411260000000000625e-01 -2.421899999999999054e-02 4.766814249999999920e-01
7.466117500000000184e-01 -2.330449999999999189e-02 4.725564425000000068e-01
7.522262500000000962e-01 -2.248674999999999979e-02 4.685202499999999715e-01
7.384197750000000005e-01 -1.105524999999998870e-02 4.759485999999999994e-01
7.437577499999999953e-01 -9.663999999999992041e-03 4.717647197500000056e-01
7.491967500000000779e-01 -8.279749999999988508e-03 4.677256249999999782e-01
7.359052500000000663e-01 1.904000000000002912e-03 4.773690499999999615e-01
7.411080000000001000e-01 4.043000000000004923e-03 4.732375024999999624e-01
7.464800000000000324e-01 5.855250000000006283e-03 4.692093749999999841e-01
7.330958750000000634e-01 1.520175000000000692e-02 4.772387249999999748e-01
7.383573500000000234e-01 1.703000000000000347e-02 4.730969224999999612e-01
7.437167500000000375e-01 1.886925000000000407e-02 4.690688999999999553e-01
7.283189500000000205e-01 2.656700000000000728e-02 4.764945749999999758e-01
7.340339500000000461e-01 2.931950000000000528e-02 4.717141575000000087e-01
7.398675000000000113e-01 3.160850000000000465e-02 4.672497999999999929e-01
7.251631750000000487e-01 4.069975000000000676e-02 4.773536999999999919e-01
7.316311250000000488e-01 4.358750000000000124e-02 4.719305314999999723e-01
7.381693750000000165e-01 4.579325000000000756e-02 4.669636999999999816e-01
7.215249000000000246e-01 5.286390000000000533e-02 4.771374999999999922e-01
7.291610500000000883e-01 5.656330000000000385e-02 4.706314824999999757e-01
7.369501250000000114e-01 6.045482500000000370e-02 4.644281999999999577e-01
7.166402550000000593e-01 6.664512499999999950e-02 4.746786749999999944e-01
7.267962250000000735e-01 6.956165000000000265e-02 4.705161075000000026e-01
7.401882499999999920e-01 7.079440000000000732e-02 4.653436249999999830e-01
7.174320000000000697e-01 7.966154999999999764e-02 4.738701424999999801e-01
7.258426500000000336e-01 8.181589999999999696e-02 4.703874574999999947e-01
7.346861500000000378e-01 8.327437500000001158e-02 4.657573749999999735e-01
7.173188750000000224e-01 9.343285000000001173e-02 4.725829125000000075e-01
7.243398000000000891e-01 9.564462500000001088e-02 4.694873250000000109e-01
7.309499500000000705e-01 9.737490000000000034e-02 4.660247499999999876e-01
7.166043324999999964e-01 1.077767500000000045e-01 4.720070349249999575e-01
7.225845750000000622e-01 1.093435000000000101e-01 4.692767999999999939e-01
7.285063750000000393e-01 1.108330000000000148e-01 4.662985000000000047e-01
7.156182125000000172e-01 1.220704999999999985e-01 4.722446549999999577e-01
7.213777250000000807e-01 1.232054999999999956e-01 4.695169674999999931e-01
7.271034000000000663e-01 1.243342500000000073e-01 4.667035250000000079e-01
7.157617099999999954e-01 1.357847500000000096e-01 4.726043249999999918e-01
7.213970000000000660e-01 1.362872499999999987e-01 4.698501824999999910e-01
7.270158250000000599e-01 1.368110000000000159e-01 4.670548250000000068e-01
7.168655900000000525e-01 1.494814999999999894e-01 4.727739924999999621e-01
7.223563000000000622e-01 1.491907500000000109e-01 4.699924074999999868e-01
7.278752500000000847e-01 1.488977499999999954e-01 4.671865249999999636e-01
7.187483000000000066e-01 1.624094999999999844e-01 4.718378972499999713e-01
7.240104750000000422e-01 1.618535000000000112e-01 4.691418499999999714e-01
7.293076750000000441e-01 1.611787500000000095e-01 4.664238499999999732e-01
7.202899750000000267e-01 1.756870000000000098e-01 4.711930024999999578e-01
7.256230750000000063e-01 1.755444999999999922e-01 4.684394749999999941e-01
7.309761500000000467e-01 1.753417500000000184e-01 4.656732499999999830e-01
7.209925000000000361e-01 1.901774999999999993e-01 4.716011999999999982e-01
7.263668500000000083e-01 1.904662500000000036e-01 4.688168749999999663e-01
7.317410500000000040e-01 1.908810000000000229e-01 4.660475000000000034e-01
7.209586749999999933e-01 2.039124999999999965e-01 4.736014774999999788e-01
7.262576499999999768e-01 2.044827499999999909e-01 4.708762125000000021e-01
7.315661250000000670e-01 2.054030000000000022e-01 4.682001000000000079e-01
7.195908750000000742e-01 2.154952499999999993e-01 4.762871999999999661e-01
7.245788499999999965e-01 2.162017499999999981e-01 4.737123649999999686e-01
7.294726500000000557e-01 2.174112500000000003e-01 4.705699024999999702e-01
7.191053000000000583e-01 2.265860000000000096e-01 4.803838749999999602e-01
7.235012750000000548e-01 2.275017500000000026e-01 4.772417999999999938e-01
7.279127250000000382e-01 2.286740000000000161e-01 4.735385274999999727e-01
7.181315000000000337e-01 2.386452500000000032e-01 4.852086999999999928e-01
7.221388499999999988e-01 2.393767499999999993e-01 4.810582499999999651e-01
7.261667250000000129e-01 2.403782500000000155e-01 4.767739500000000019e-01
7.180055000000000742e-01 2.541412499999999852e-01 4.874862999999999835e-01
7.217555749999999826e-01 2.543187500000000378e-01 4.827342499999999759e-01
7.254845500000000058e-01 2.545169999999999932e-01 4.780159499999999673e-01
7.178772500000000223e-01 2.710430000000000339e-01 4.881608499999999795e-01
7.212494750000000288e-01 2.704090000000000105e-01 4.832166499999999698e-01
7.246446250000000422e-01 2.698652500000000010e-01 4.782318499999999584e-01
7.177523749999999980e-01 2.858930000000000082e-01 4.870422999999999836e-01
7.211285750000000494e-01 2.850964999999999749e-01 4.820646999999999571e-01
7.245265499999999914e-01 2.842735000000000123e-01 4.770529499999999756e-01
7.178735250000000123e-01 2.985125000000000139e-01 4.871649000000000118e-01
7.213075749999999786e-01 2.976752500000000023e-01 4.820504749999999783e-01
7.247058250000000257e-01 2.970030000000000170e-01 4.769776000000000016e-01
7.162653199999999831e-01 3.109914999999999763e-01 4.872776500000000066e-01
7.197103500000000542e-01 3.105407500000000320e-01 4.820249749999999667e-01
7.231117249999999830e-01 3.103917499999999663e-01 4.767913500000000027e-01
7.139139975000000637e-01 3.209942500000000365e-01 4.886520749999999635e-01
7.172384250000000128e-01 3.215552500000000147e-01 4.832833249999999858e-01
7.204786499999999982e-01 3.222855000000000025e-01 4.779659249999999582e-01
7.091624250000000407e-01 3.311605000000000243e-01 4.903217999999999743e-01
7.122631649999999759e-01 3.324380000000000113e-01 4.848409499999999928e-01
7.152568799999999838e-01 3.339079999999999826e-01 4.794532999999999712e-01
7.029492999999999991e-01 3.431480000000000086e-01 4.946165750000000028e-01
7.058520999999999823e-01 3.447655000000000025e-01 4.891442749999999617e-01
7.087080000000000046e-01 3.467580000000000107e-01 4.837033249999999618e-01
6.978316749999999846e-01 3.567354999999999832e-01 4.975235000000000074e-01
7.005299000000000387e-01 3.587405000000000177e-01 4.918929999999999692e-01
7.030469750000000184e-01 3.609080000000000066e-01 4.862043749999999664e-01
6.871055000000000357e-01 3.631730000000000236e-01 4.972820000000000018e-01
6.888800000000000479e-01 3.658255000000000257e-01 4.913063500000000028e-01
6.905980000000000452e-01 3.685880000000000267e-01 4.853273249999999761e-01
6.745127499999999943e-01 3.638029999999999875e-01 4.969029500000000099e-01
6.750040000000000484e-01 3.666880000000000139e-01 4.905038250000000044e-01
6.753467499999999957e-01 3.695829999999999949e-01 4.841603999999999908e-01
6.639212500000000183e-01 3.592354999999999854e-01 4.975397500000000028e-01
6.630850000000000355e-01 3.618330000000000157e-01 4.905104249999999722e-01
6.623649999999999816e-01 3.645455000000000223e-01 4.835402999999999785e-01
6.547180000000000222e-01 3.534355000000000135e-01 4.990324999999999900e-01
6.532642499999999908e-01 3.560030000000000139e-01 4.911414249999999648e-01
6.516357500000000691e-01 3.586130000000000151e-01 4.832790999999999615e-01
6.477637499999999715e-01 3.479479999999999795e-01 5.011309999999999931e-01
6.448572500000000485e-01 3.499404999999999877e-01 4.921262499999999873e-01
6.420867500000000394e-01 3.524729999999999808e-01 4.829368250000000140e-01
6.436922499999999658e-01 3.413280000000000203e-01 5.043750000000000178e-01
6.396055000000000490e-01 3.429605000000000015e-01 4.933187249999999580e-01
6.356617500000000254e-01 3.452780000000000293e-01 4.827405249999999759e-01
6.417482500000000201e-01 3.321505000000000152e-01 5.027942499999999981e-01
6.366914999999999658e-01 3.340704999999999925e-01 4.926209249999999873e-01
6.321227500000000665e-01 3.361930000000000196e-01 4.824695999999999985e-01
6.386089999999999822e-01 3.243754999999999833e-01 5.003090000000000037e-01
6.346340000000000314e-01 3.256030000000000313e-01 4.923816749999999631e-01
6.306985000000000507e-01 3.261129999999999862e-01 4.843495250000000030e-01
6.384577500000000461e-01 3.143012499999999765e-01 4.985594999999999888e-01
6.351725000000000287e-01 3.143547500000000161e-01 4.918588999999999878e-01
6.318915000000000504e-01 3.138110000000000066e-01 4.851133249999999841e-01
6.390317500000000095e-01 3.013467499999999966e-01 4.996984999999999899e-01
6.360667500000000141e-01 3.007607500000000211e-01 4.937119749999999696e-01
6.331430000000000113e-01 2.997492499999999671e-01 4.877480249999999740e-01
6.405252500000000460e-01 2.875557499999999989e-01 5.005972499999999936e-01
6.376512500000000028e-01 2.868610000000000326e-01 4.948316749999999709e-01
6.348102500000000203e-01 2.859337499999999865e-01 4.890756749999999875e-01
6.442170000000000396e-01 2.752674999999999983e-01 5.003462499999999924e-01
6.413722500000000881e-01 2.745865000000000111e-01 4.946901750000000098e-01
6.386742499999999989e-01 2.734149999999999636e-01 4.890660249999999598e-01
6.491275000000000794e-01 2.650817500000000049e-01 5.002539999999999765e-01
6.466367499999999824e-01 2.633972500000000272e-01 4.945714250000000090e-01
6.443122500000000308e-01 2.614529999999999910e-01 4.889964749999999860e-01
6.546957500000000207e-01 2.580010000000000359e-01 4.997084999999999999e-01
6.529070000000000151e-01 2.553030000000000022e-01 4.942104749999999824e-01
6.512130000000000418e-01 2.525370000000000115e-01 4.887191999999999648e-01
6.629504999999999981e-01 2.532739999999999991e-01 4.982522500000000076e-01
6.615472500000000311e-01 2.503549999999999942e-01 4.931772999999999851e-01
6.601932500000000648e-01 2.474385000000000057e-01 4.880210999999999855e-01
6.725970000000000004e-01 2.491325000000000067e-01 4.971027499999999821e-01
6.714505000000000612e-01 2.459137500000000143e-01 4.918258749999999679e-01
6.703067500000000623e-01 2.427515000000000089e-01 4.865309499999999621e-01
6.834235000000000726e-01 2.456860000000000155e-01 4.958752249999999751e-01
6.824474999999999847e-01 2.424115000000000020e-01 4.908337749999999722e-01
6.813332500000000014e-01 2.392035000000000133e-01 4.858320499999999598e-01
6.935520000000000573e-01 2.438567500000000110e-01 4.940120499999999804e-01
6.925424000000000024e-01 2.405865000000000087e-01 4.890687249999999819e-01
6.913875750000000320e-01 2.373635000000000050e-01 4.841655999999999738e-01
7.043109750000000613e-01 2.416860000000000119e-01 4.924214749999999974e-01
7.037945750000000888e-01 2.380237500000000062e-01 4.874348000000000014e-01
7.031183000000000849e-01 2.344117500000000021e-01 4.824843749999999654e-01
7.160278199999999815e-01 2.393379999999999952e-01 4.911017249999999890e-01
7.147179125000000521e-01 2.356640000000000124e-01 4.864167999999999825e-01
7.133395675000000491e-01 2.318880000000000108e-01 4.821203499999999753e-01
7.275187250000000327e-01 2.365247500000000058e-01 4.888877999999999835e-01
7.258760250000000358e-01 2.324575000000000113e-01 4.846216999999999886e-01
7.241852000000000844e-01 2.279587500000000155e-01 4.813806749999999801e-01
7.390032000000000822e-01 2.336697500000000094e-01 4.861139250000000023e-01
7.370907749999999758e-01 2.292997499999999966e-01 4.823123999999999745e-01
7.351862750000000002e-01 2.247570000000000123e-01 4.788614749999999809e-01
7.503400000000000070e-01 2.304777500000000090e-01 4.831981750000000075e-01
7.483205000000000551e-01 2.257097500000000145e-01 4.797235749999999577e-01
7.463362500000000344e-01 2.209312499999999957e-01 4.762499499999999775e-01
7.613475000000000659e-01 2.270034999999999969e-01 4.805201000000000056e-01
7.592435000000000711e-01 2.221792499999999948e-01 4.773305250000000055e-01
7.571517500000000123e-01 2.173052500000000054e-01 4.741253024999999566e-01
7.702070000000000860e-01 2.245925000000000005e-01 4.788504249999999685e-01
7.682554999999999801e-01 2.196097499999999925e-01 4.756237749999999709e-01
7.663860000000000117e-01 2.146092500000000014e-01 4.723956424999999903e-01
7.789310000000000400e-01 2.230377500000000068e-01 4.774665750000000042e-01
7.771645000000000358e-01 2.179679999999999951e-01 4.742045400000000077e-01
7.754330000000000389e-01 2.129222500000000073e-01 4.709469099999999964e-01
7.877977500000000743e-01 2.214119999999999977e-01 4.768676249999999617e-01
7.861569999999999947e-01 2.162067500000000031e-01 4.735480174999999736e-01
7.844919999999999671e-01 2.110665000000000180e-01 4.702505449999999643e-01
7.971934999999999993e-01 2.196460000000000079e-01 4.759237499999999788e-01
7.955035000000000300e-01 2.143790000000000140e-01 4.725473699999999666e-01
7.937222500000000736e-01 2.091947500000000126e-01 4.692084249999999845e-01
8.069334999999999702e-01 2.176017500000000104e-01 4.746999999999999553e-01
8.052165000000000017e-01 2.121967500000000173e-01 4.712347724999999543e-01
8.035177500000000306e-01 2.068497499999999989e-01 4.678012749999999609e-01
8.185130000000000461e-01 2.149195000000000133e-01 4.733935724999999706e-01
8.168422499999999919e-01 2.093377500000000169e-01 4.698246349999999905e-01
8.152665000000000051e-01 2.037202499999999916e-01 4.662504999999999566e-01
8.303512499999999852e-01 2.124725000000000086e-01 4.733233324999999714e-01
8.287957500000000532e-01 2.065937499999999927e-01 4.696010099999999854e-01
8.273252500000000120e-01 2.006362500000000160e-01 4.658627749999999512e-01
8.422817500000000512e-01 2.108012499999999956e-01 4.740796899999999980e-01
8.409555000000000780e-01 2.044242500000000018e-01 4.701029874999999580e-01
8.398802499999999949e-01 1.978942500000000215e-01 4.661070999999999964e-01
8.520042500000000185e-01 2.112630000000000063e-01 4.758261749999999624e-01
8.507930000000000215e-01 2.038647500000000112e-01 4.712540399999999852e-01
8.492767500000000247e-01 1.965200000000000280e-01 4.666950749999999593e-01
8.617062500000000069e-01 2.114550000000000041e-01 4.775900999999999619e-01
8.610030000000000738e-01 2.030814999999999981e-01 4.725384799999999830e-01
8.599062500000000941e-01 1.948065000000000213e-01 4.675126000000000004e-01
8.712779999999999969e-01 2.134870000000000101e-01 4.796685249999999567e-01
8.706627500000000408e-01 2.034942500000000154e-01 4.736566999999999861e-01
8.695080000000000586e-01 1.939902500000000307e-01 4.679035999999999751e-01
8.778970000000000384e-01 2.143550000000000177e-01 4.810810499999999545e-01
8.794892500000000002e-01 2.042925000000000157e-01 4.753014749999999733e-01
8.804262500000000768e-01 1.946442500000000186e-01 4.697557349999999521e-01
8.887880000000000225e-01 2.142642500000000172e-01 4.810464999999999880e-01
8.900287500000000351e-01 2.060067500000000162e-01 4.763064999999999660e-01
8.912252500000000799e-01 1.978860000000000063e-01 4.716502499999999931e-01
9.003407500000000230e-01 2.149785000000000168e-01 4.814734499999999695e-01
9.014907500000000073e-01 2.075774999999999981e-01 4.772267499999999774e-01
9.025717500000000060e-01 2.002082500000000043e-01 4.730000874999999994e-01
9.236530000000000573e-01 2.104607500000000020e-01 4.789050249999999842e-01
