4.859840000000000826e-01 -6.258325000000003469e-02 4.731567050000000108e-01
5.288992500000000430e-01 -4.516425000000000300e-02 4.711845149999999705e-01
5.303477500000000067e-01 -5.744074999999998488e-02 4.697285075000000032e-01
5.315175000000000871e-01 -6.959124999999999339e-02 4.679952000000000001e-01
5.400190000000000268e-01 -4.392075000000000840e-02 4.701624749999999686e-01
5.420107499999999856e-01 -5.635149999999999881e-02 4.686725749999999802e-01
5.427210000000000090e-01 -6.881375000000000686e-02 4.668949499999999753e-01
5.489512500000000017e-01 -4.325800000000000478e-02 4.690498499999999904e-01
5.528902500000000275e-01 -5.562649999999999539e-02 4.673758000000000079e-01
5.561350000000000460e-01 -6.719300000000000272e-02 4.659099250000000025e-01
5.612397500000000372e-01 -4.222450000000001202e-02 4.679984999999999840e-01
5.647040000000000948e-01 -5.377024999999999166e-02 4.665203499999999726e-01
5.678830000000000267e-01 -6.474825000000000719e-02 4.651054499999999758e-01
5.715132499999999727e-01 -3.984200000000000241e-02 4.690831750000000189e-01
5.747947500000000209e-01 -5.098850000000000604e-02 4.677493500000000082e-01
5.782552499999999984e-01 -6.161349999999998772e-02 4.663675749999999787e-01
5.821125000000000327e-01 -3.647800000000001042e-02 4.673309749999999818e-01
5.848132500000000622e-01 -4.750675000000001424e-02 4.660361499999999824e-01
5.879024999999999945e-01 -5.821699999999999098e-02 4.647078250000000188e-01
5.925322500000000936e-01 -3.192450000000000843e-02 4.670583500000000110e-01
5.958037500000000763e-01 -4.262550000000001060e-02 4.657729999999999926e-01
5.995400000000000729e-01 -5.319725000000000148e-02 4.644193749999999676e-01
6.043357500000000604e-01 -2.629899999999998905e-02 4.687072999999999934e-01
6.073815000000000186e-01 -3.672575000000000145e-02 4.674225999999999659e-01
6.116365000000000274e-01 -4.677275000000000182e-02 4.661511999999999878e-01
6.150210000000000399e-01 -1.955925000000000025e-02 4.709837424999999689e-01
6.186732500000000634e-01 -2.988949999999999940e-02 4.697854274999999635e-01
6.231150000000000855e-01 -3.975750000000000117e-02 4.685262249999999629e-01
6.255317500000000530e-01 -1.301125000000000198e-02 4.724711799999999906e-01
6.291205000000000824e-01 -2.349474999999999481e-02 4.711186649999999920e-01
6.315217500000001039e-01 -3.109624999999999195e-02 4.709571249999999765e-01
6.360135000000000094e-01 -7.137999999999991574e-03 4.727359749999999750e-01
6.398220000000000018e-01 -1.738349999999999618e-02 4.713753350000000064e-01
6.424720000000000431e-01 -2.590924999999999478e-02 4.710997574999999937e-01
6.463557500000000067e-01 -2.202749999999989439e-03 4.737283875000000144e-01
6.503652500000000058e-01 -1.209699999999999664e-02 4.725574699999999795e-01
6.533767500000000616e-01 -2.219824999999998882e-02 4.714786624999999787e-01
6.579222500000000418e-01 2.344750000000006551e-03 4.770739999999999981e-01
6.611357500000000220e-01 -7.209750000000000880e-03 4.741204199999999869e-01
6.642017500000000352e-01 -1.634224999999998873e-02 4.731683474999999750e-01
6.686192499999999983e-01 7.515750000000001596e-03 4.744878750000000034e-01
6.718585000000000251e-01 -2.155999999999991257e-03 4.720601389999999897e-01
6.749822500000000058e-01 -1.180375000000000174e-02 4.707835174999999706e-01
6.808130000000000015e-01 1.150750000000000384e-02 4.745498999999999690e-01
6.837752500000000566e-01 2.373000000000000109e-03 4.734326724999999847e-01
6.872392500000000792e-01 -7.148000000000001575e-03 4.733496949999999592e-01
6.927459000000000255e-01 1.601825000000000471e-02 4.742251699999999737e-01
6.962582500000000785e-01 6.520499999999998519e-03 4.738689775000000104e-01
6.997030750000000632e-01 -3.027499999999988534e-03 4.737687449999999911e-01
7.058042500000000219e-01 2.110025000000000789e-02 4.741497199999999967e-01
7.088281750000000603e-01 1.116425000000000056e-02 4.752404499999999810e-01
7.124587625000000646e-01 1.492250000000000520e-03 4.747699249999999815e-01
7.198664250000000875e-01 2.603725000000000483e-02 4.745589249999999648e-01
7.208637250000000662e-01 1.551200000000000495e-02 4.777144749999999718e-01
7.243176749999999942e-01 6.023250000000007764e-03 4.796566999999999914e-01
7.303865500000000788e-01 2.976975000000000454e-02 4.817311499999999969e-01
7.333939250000000021e-01 1.966375000000000761e-02 4.823266749999999825e-01
7.362023750000000755e-01 1.024825000000000041e-02 4.841638999999999804e-01
7.415607500000001018e-01 3.248325000000000518e-02 4.876767750000000068e-01
7.438385000000000691e-01 2.370450000000000335e-02 4.897455000000000003e-01
7.467592500000000966e-01 1.439975000000000283e-02 4.909561999999999538e-01
7.536660000000000581e-01 3.502175000000000427e-02 4.947318749999999876e-01
7.536072500000000618e-01 2.750150000000000511e-02 4.980982499999999646e-01
7.563000000000000833e-01 1.801500000000000323e-02 4.994569999999999843e-01
7.624064999999999870e-01 3.945700000000000596e-02 5.045527499999999943e-01
7.620740000000000292e-01 3.112175000000000358e-02 5.068872500000000114e-01
7.650090000000000501e-01 2.198700000000000654e-02 5.088529999999999998e-01
7.685047500000000698e-01 4.360550000000000537e-02 5.143827499999999997e-01
7.712990000000000679e-01 3.417025000000001311e-02 5.154507499999999576e-01
7.716087500000000654e-01 2.619925000000001419e-02 5.190922499999999218e-01
7.806882500000000835e-01 4.514100000000000751e-02 5.250349999999999184e-01
7.803697500000000842e-01 3.652600000000000985e-02 5.260894999999999877e-01
7.816777500000000600e-01 3.204875000000001473e-02 5.266404999999999559e-01
7.828487500000000932e-01 4.481550000000000811e-02 5.362344999999999473e-01
7.826560000000000183e-01 3.847800000000001219e-02 5.382862499999999661e-01
7.809087500000000404e-01 2.962025000000001462e-02 5.412622499999999448e-01
7.795412500000000744e-01 4.837175000000000502e-02 5.521812499999999568e-01
7.796910000000000229e-01 3.886050000000001309e-02 5.515327500000000160e-01
7.792587500000000000e-01 2.938075000000001102e-02 5.517459999999999587e-01
7.753025000000000055e-01 4.783200000000000646e-02 5.616044999999999510e-01
7.754970000000001029e-01 3.849075000000001107e-02 5.604912499999999964e-01
7.752122500000000471e-01 2.909100000000001268e-02 5.599404999999999522e-01
7.664700000000000957e-01 4.771550000000000791e-02 5.665767499999999623e-01
7.672547500000000964e-01 3.842350000000000626e-02 5.650852499999999834e-01
7.673897500000000926e-01 2.914100000000000718e-02 5.641764999999999697e-01
7.590365000000000029e-01 4.577600000000001113e-02 5.728907500000000041e-01
7.601657500000000844e-01 3.652500000000000191e-02 5.711082499999999840e-01
7.609872500000000040e-01 2.743100000000000399e-02 5.694107499999999655e-01
7.490397500000000042e-01 4.409475000000000894e-02 5.719597499999999890e-01
7.515085000000000237e-01 3.468475000000000724e-02 5.702172500000000088e-01
7.539277500000000076e-01 2.602775000000000227e-02 5.697852500000000209e-01
7.379536250000000575e-01 3.733025000000000232e-02 5.688130000000000130e-01
7.418140000000000844e-01 2.936800000000000521e-02 5.703452500000000258e-01
7.458627500000000188e-01 2.088625000000000204e-02 5.723279999999999479e-01
7.324485750000000461e-01 3.346475000000000144e-02 5.663912500000000128e-01
7.325280500000000972e-01 2.312600000000000766e-02 5.664017500000000371e-01
7.294961500000000099e-01 1.587975000000000497e-02 5.650282500000000097e-01
7.242290250000000817e-01 2.090925000000000422e-02 5.666387499999999688e-01
7.281577500000000480e-01 1.299225000000000380e-02 5.636544999999999472e-01
7.323800500000000602e-01 6.325999999999998291e-03 5.589862500000000178e-01
7.160628200000000998e-01 8.695000000000008278e-03 5.669702500000000089e-01
7.220005250000000041e-01 2.247499999999999498e-03 5.632789999999999742e-01
7.282142250000001038e-01 -3.653749999999997278e-03 5.596900000000000208e-01
7.081497000000001041e-01 -3.337750000000000439e-03 5.643239999999999368e-01
7.152468950000000492e-01 -8.025749999999998163e-03 5.610574999999999868e-01
7.221591000000000538e-01 -1.296975000000000211e-02 5.576959999999999695e-01
7.019731500000000457e-01 -1.323774999999999258e-02 5.566337500000000382e-01
7.092628250000000412e-01 -1.711349999999998983e-02 5.541414999999999536e-01
7.163206600000000535e-01 -2.139099999999999335e-02 5.513282499999999642e-01
6.974261000000000488e-01 -1.919849999999999335e-02 5.468999999999999417e-01
7.043917250000000241e-01 -2.345124999999999293e-02 5.442917499999999631e-01
7.110801000000001038e-01 -2.814524999999999666e-02 5.413599999999999524e-01
6.902387750000000821e-01 -2.616124999999999701e-02 5.383012499999999534e-01
6.969012500000000276e-01 -3.109874999999999445e-02 5.351565000000000349e-01
7.042017500000000707e-01 -3.495700000000000196e-02 5.309652499999999442e-01
6.826850000000000973e-01 -3.157825000000000215e-02 5.307880000000000376e-01
6.887910000000000421e-01 -3.561599999999999488e-02 5.263845000000000329e-01
6.947777750000000418e-01 -3.956749999999999157e-02 5.219992500000000257e-01
6.733649999999999913e-01 -3.365499999999999048e-02 5.220637499999999376e-01
6.790122500000000949e-01 -3.775474999999998971e-02 5.174819999999999975e-01
6.847507500000000746e-01 -4.176699999999999857e-02 5.130607499999999543e-01
6.629610000000000225e-01 -3.414324999999999999e-02 5.115545000000000231e-01
6.685345000000000315e-01 -3.817824999999999691e-02 5.071932500000000399e-01
6.740525000000000544e-01 -4.224499999999999089e-02 5.026602500000000306e-01
6.515447500000000058e-01 -3.333925000000000083e-02 5.020000000000000018e-01
6.571087500000000192e-01 -3.740749999999999631e-02 4.977334999999999954e-01
6.624012500000000525e-01 -4.150299999999999823e-02 4.932704749999999860e-01
6.407517500000000643e-01 -3.082574999999999898e-02 4.909354499999999955e-01
6.467602500000000365e-01 -3.500099999999999045e-02 4.875605749999999960e-01
6.520715000000000261e-01 -3.919475000000000042e-02 4.835552249999999774e-01
6.351052500000000656e-01 -3.252449999999999786e-02 4.845216999999999996e-01
6.408255000000000479e-01 -3.650824999999999210e-02 4.815232749999999728e-01
6.463912500000000838e-01 -4.055549999999999433e-02 4.784485499999999725e-01
6.358030000000000070e-01 -3.342249999999999388e-02 4.731961599999999768e-01
6.394180000000000419e-01 -3.397424999999999751e-02 4.726207974999999673e-01
6.450695000000000734e-01 -3.832274999999998877e-02 4.703256974999999729e-01
6.383262499999999839e-01 -2.350399999999999712e-02 4.688339999999999730e-01
6.436735000000000095e-01 -2.783674999999999344e-02 4.673131500000000105e-01
6.492942500000000727e-01 -3.232625000000000082e-02 4.651324249999999605e-01
6.452900000000000302e-01 -1.686499999999999111e-02 4.706141799999999931e-01
6.509107499999999824e-01 -2.130449999999999011e-02 4.686324749999999928e-01
6.565757500000000135e-01 -2.568249999999999700e-02 4.665472749999999835e-01
6.515767500000000378e-01 -8.908499999999999752e-03 4.690776500000000127e-01
6.572682499999999983e-01 -1.311500000000000166e-02 4.671051499999999690e-01
6.630595000000000239e-01 -1.708874999999999977e-02 4.650063999999999864e-01
6.601302500000000295e-01 7.975000000000065370e-04 4.688436749999999598e-01
6.653430000000000177e-01 -3.581500000000001349e-03 4.670152249999999783e-01
6.709962500000000718e-01 -7.416749999999999732e-03 4.649522999999999850e-01
6.688110000000000444e-01 1.232175000000000631e-02 4.670890999999999793e-01
6.741217500000000751e-01 9.406250000000004885e-03 4.665227750000000007e-01
6.800382500000000663e-01 6.391750000000001597e-03 4.641819249999999952e-01
6.764115000000000544e-01 2.557825000000000376e-02 4.666208749999999905e-01
6.811372500000000274e-01 2.369275000000000547e-02 4.676826749999999921e-01
6.868635000000000712e-01 2.145175000000000554e-02 4.653400749999999642e-01
6.830332500000000362e-01 4.077450000000000518e-02 4.709504525000000053e-01
6.873120000000000340e-01 3.832400000000000390e-02 4.718795117499999803e-01
6.929448750000000157e-01 3.556825000000000264e-02 4.693642000000000092e-01
6.892757500000000759e-01 5.433482500000000326e-02 4.769449499999999786e-01
6.943717000000000361e-01 5.127657500000000479e-02 4.744716924999999863e-01
7.000381750000000958e-01 4.809225000000000305e-02 4.718047094999999747e-01
6.973466999999999860e-01 6.618160000000000709e-02 4.797389499999999973e-01
7.027079000000000519e-01 6.276035000000000641e-02 4.772315500000000044e-01
7.082334000000000129e-01 5.944712500000000344e-02 4.745473249999999643e-01
7.031212000000000018e-01 7.460689500000000640e-02 4.838769749999999870e-01
7.083430250000000150e-01 7.097225000000000061e-02 4.818159750000000074e-01
7.136516375000000467e-01 6.772842500000000876e-02 4.785805499999999935e-01
7.106328500000000936e-01 8.181867500000000737e-02 4.894150749999999772e-01
7.149230575000000698e-01 7.791900000000000215e-02 4.866564749999999773e-01
7.196794750000000684e-01 7.413130950000000607e-02 4.837942249999999667e-01
7.206014750000000468e-01 8.695912499999999823e-02 4.966828500000000091e-01
7.235711000000000226e-01 8.241350000000000064e-02 4.931302750000000068e-01
7.267595500000000319e-01 8.304067500000000823e-02 4.938813999999999704e-01
7.317910750000000686e-01 9.164240000000001274e-02 4.984957499999999597e-01
7.337580750000000096e-01 8.642432500000001017e-02 4.947119999999999851e-01
7.361322500000000435e-01 8.152265000000000206e-02 4.907469499999999596e-01
7.441182500000000921e-01 9.444982500000001502e-02 4.953327999999999620e-01
7.448950000000000848e-01 8.897087500000000482e-02 4.918858999999999870e-01
7.459850000000000092e-01 8.336307500000000870e-02 4.879801999999999751e-01
7.550620000000000109e-01 9.088040000000000007e-02 4.973299999999999943e-01
7.553582500000000088e-01 8.714405000000000068e-02 4.948819250000000003e-01
7.560177500000000439e-01 8.247030000000001027e-02 4.915310749999999840e-01
7.555687500000000112e-01 8.605220000000000924e-02 5.016702499999999842e-01
7.618055000000000243e-01 8.612710000000001198e-02 4.980512500000000009e-01
7.681522500000000919e-01 8.627067500000000499e-02 4.939339749999999696e-01
7.615577500000000333e-01 8.343127500000001306e-02 5.089647499999999658e-01
7.669799999999999951e-01 8.361415000000001208e-02 5.051452499999999901e-01
7.741017500000000329e-01 8.315967500000000234e-02 5.006684999999999608e-01
7.666427500000000395e-01 7.770072500000001214e-02 5.156425000000000036e-01
7.722605000000000164e-01 7.748950000000000282e-02 5.123524999999999885e-01
7.782757500000000439e-01 7.724315000000001041e-02 5.101534999999999265e-01
7.704302499999999831e-01 6.876505000000000811e-02 5.209642500000000176e-01
7.758437500000000542e-01 6.824352500000001320e-02 5.180519999999999570e-01
7.803135000000001043e-01 6.799247500000001054e-02 5.156969999999999610e-01
7.718995000000000717e-01 5.742627500000001273e-02 5.239562500000000123e-01
7.771402500000000879e-01 5.656842500000000551e-02 5.212452499999999933e-01
7.778987500000000832e-01 5.654322500000000945e-02 5.201892499999999364e-01
7.741057500000000369e-01 4.930870000000001085e-02 5.290707500000000341e-01
7.773302500000000004e-01 4.731700000000001183e-02 5.265117499999999451e-01
7.769665000000000044e-01 4.446875000000000827e-02 5.242377499999999468e-01
7.728115000000000956e-01 3.871900000000001035e-02 5.289125000000000076e-01
7.749787500000000495e-01 3.596775000000001360e-02 5.270787499999999293e-01
7.756887500000000379e-01 3.321925000000001266e-02 5.253434999999999633e-01
7.725942500000000379e-01 3.083750000000001074e-02 5.221175000000000122e-01
7.728310000000000457e-01 2.858575000000001393e-02 5.214047499999999724e-01
7.724935000000000551e-01 2.530025000000001023e-02 5.202587499999999920e-01
7.654092500000000410e-01 2.601250000000000784e-02 5.139127500000000293e-01
7.666737500000000427e-01 2.417425000000000129e-02 5.142832499999999696e-01
7.667512499999999953e-01 1.857475000000000792e-02 5.141847499999999682e-01
7.548030000000000017e-01 2.555500000000000133e-02 5.093337500000000295e-01
7.569277500000000103e-01 2.074000000000000149e-02 5.070257499999999418e-01
7.580102500000001076e-01 1.646350000000000591e-02 5.057555000000000245e-01
7.496085000000000109e-01 2.823675000000000490e-02 5.009867500000000362e-01
7.511432500000000401e-01 2.362125000000000336e-02 4.975792499999999730e-01
7.505027499999999963e-01 1.989800000000000596e-02 4.963950749999999634e-01
7.434125000000000316e-01 3.267200000000000659e-02 4.942319499999999755e-01
7.440880000000000827e-01 2.867700000000000804e-02 4.900034749999999661e-01
7.428432500000000660e-01 2.584875000000000367e-02 4.890559749999999761e-01
7.371747500000001008e-01 3.828950000000000409e-02 4.894743500000000025e-01
7.370201500000000960e-01 3.478625000000000467e-02 4.850898499999999891e-01
7.354337000000000790e-01 3.089975000000000360e-02 4.845220749999999965e-01
7.303980500000000209e-01 4.448400000000000964e-02 4.866829749999999621e-01
7.289059750000000948e-01 4.190125000000000793e-02 4.832009499999999624e-01
7.273257250000000340e-01 3.791400000000000325e-02 4.818854249999999784e-01
7.235191499999999998e-01 5.029905000000000487e-02 4.853911499999999934e-01
7.211475500000000816e-01 4.883225000000000759e-02 4.821643250000000047e-01
7.182649500000000131e-01 4.537550000000000611e-02 4.802051250000000104e-01
7.179784250000000867e-01 5.678112500000000173e-02 4.907152499999999917e-01
7.143840559999999895e-01 5.482420000000000349e-02 4.865074749999999670e-01
7.114406250000000487e-01 5.242470000000000463e-02 4.835244750000000091e-01
7.127879375000000239e-01 5.984122500000000483e-02 4.972132499999999955e-01
7.084837000000000495e-01 5.803615000000000856e-02 4.935091999999999812e-01
7.041221000000000840e-01 5.634582500000000216e-02 4.901067249999999653e-01
7.096403000000000016e-01 5.983410000000000117e-02 5.052655000000000340e-01
7.047083500000000944e-01 5.792830000000000201e-02 5.023087499999999705e-01
6.997629250000000356e-01 5.610335000000000322e-02 4.992349999999999843e-01
7.093572750000000093e-01 5.692305000000000281e-02 5.133532499999999832e-01
7.040949499999999972e-01 5.460152500000000492e-02 5.111645000000000216e-01
6.988061750000000849e-01 5.227857500000000768e-02 5.090464999999999574e-01
7.120305000000000106e-01 5.197692500000000715e-02 5.204427499999999540e-01
7.067069750000000150e-01 4.908805000000000807e-02 5.188064999999999483e-01
7.013850249999999953e-01 4.628200000000000369e-02 5.171987499999999294e-01
7.170684999999999976e-01 4.572875000000000550e-02 5.261780000000000346e-01
7.117557000000001022e-01 4.258100000000000773e-02 5.246912499999999424e-01
7.064732750000000117e-01 3.942550000000000221e-02 5.233284999999999743e-01
7.213861500000000593e-01 3.989750000000000241e-02 5.327797499999999964e-01
7.159598850000000736e-01 3.638750000000000318e-02 5.314982499999999499e-01
7.107019750000000968e-01 3.290475000000000344e-02 5.303952499999999848e-01
7.256866500000000997e-01 3.315725000000000616e-02 5.372112500000000290e-01
7.204330000000001011e-01 2.917575000000000723e-02 5.362652500000000266e-01
7.152656625000000101e-01 2.526575000000000348e-02 5.354164999999999619e-01
7.293983750000000432e-01 2.684625000000000206e-02 5.433382500000000226e-01
7.243531750000000713e-01 2.284125000000000738e-02 5.426052500000000389e-01
7.193936499999999956e-01 1.855850000000000555e-02 5.421667500000000306e-01
7.329307000000000460e-01 2.422800000000000648e-02 5.495207500000000023e-01
7.280228499999999991e-01 1.937975000000000114e-02 5.493457499999999660e-01
7.229205250000000360e-01 1.511525000000000368e-02 5.487867499999999898e-01
7.377449500000000659e-01 2.115275000000000488e-02 5.523657499999999887e-01
7.327239500000000127e-01 1.663700000000000595e-02 5.523867499999999264e-01
7.271741500000000746e-01 1.241025000000000461e-02 5.518597499999999823e-01
7.429750000000000520e-01 1.710950000000000665e-02 5.558889999999999665e-01
7.372010750000000945e-01 1.395675000000000388e-02 5.561249999999999805e-01
7.332050500000000248e-01 9.420750000000005508e-03 5.550964999999999927e-01
7.487245000000000150e-01 1.188800000000000273e-02 5.610709999999999864e-01
7.401432500000000303e-01 8.140000000000008340e-03 5.609007499999999480e-01
7.318178750000000621e-01 5.424499999999998767e-03 5.614787500000000264e-01
7.552907500000000107e-01 4.943250000000010136e-03 5.648662500000000142e-01
7.432987500000000081e-01 2.417000000000002480e-03 5.654759999999999787e-01
7.332328750000000062e-01 5.477499999999996261e-04 5.651167499999999455e-01
7.575040000000000662e-01 -3.931249999999997247e-03 5.686074999999999324e-01
7.459577500000000860e-01 -4.935250000000002135e-03 5.678462499999999968e-01
7.353329000000000670e-01 -6.198499999999995680e-03 5.669419999999999460e-01
7.575530000000000319e-01 -1.113725000000000132e-02 5.699560000000000182e-01
7.493630000000000013e-01 -1.374774999999998915e-02 5.696894999999999598e-01
7.416200000000000570e-01 -1.690649999999999098e-02 5.693730000000000180e-01
7.612937500000001023e-01 -1.819824999999999915e-02 5.692592499999999944e-01
7.554357500000000725e-01 -2.206799999999999040e-02 5.690902500000000197e-01
7.493755000000000832e-01 -2.519499999999999518e-02 5.688949999999999285e-01
7.668882500000000491e-01 -2.474674999999999792e-02 5.662264999999999660e-01
7.634625000000000439e-01 -2.951224999999998988e-02 5.661374999999999602e-01
7.605642500000000528e-01 -3.423074999999999035e-02 5.653187499999999810e-01
7.735425000000000217e-01 -2.729774999999999563e-02 5.610202499999999981e-01
7.733367500000000172e-01 -3.241399999999999837e-02 5.589672500000000266e-01
7.734837500000000254e-01 -3.737249999999998906e-02 5.563827500000000370e-01
7.786885000000000057e-01 -2.379624999999999102e-02 5.543244999999999978e-01
7.803302500000000030e-01 -2.746849999999999292e-02 5.501939999999999609e-01
7.820400000000000684e-01 -3.139749999999999486e-02 5.457582500000000003e-01
7.794012500000000454e-01 -1.754000000000000004e-02 5.464999999999999858e-01
7.812212500000000892e-01 -1.963424999999999199e-02 5.407517499999999755e-01
7.829917500000000974e-01 -2.162599999999999245e-02 5.348787499999999584e-01
7.742052500000000670e-01 -1.061224999999998975e-02 5.390882499999999355e-01
7.755787500000000945e-01 -1.204574999999999396e-02 5.332252499999999840e-01
7.767907500000000853e-01 -1.327599999999999614e-02 5.270164999999999988e-01
7.668182500000000346e-01 -4.271749999999990832e-03 5.325929999999999831e-01
7.679755000000000331e-01 -5.519249999999989442e-03 5.267292500000000377e-01
7.692237500000000949e-01 -6.691499999999989123e-03 5.207657500000000272e-01
7.560680000000000733e-01 -1.649999999998874589e-05 5.262967499999999799e-01
7.589995000000000491e-01 -4.262499999999891376e-04 5.218534999999999702e-01
7.603602500000000708e-01 -1.178999999999999493e-03 5.214727500000000404e-01
7.484727500000000200e-01 6.543250000000000455e-03 5.182269999999999932e-01
7.490525000000000100e-01 5.848749999999999782e-03 5.180985000000000174e-01
7.494615000000000027e-01 3.602500000000008473e-03 5.175112499999999782e-01
7.453520000000000145e-01 1.815550000000000497e-02 5.108595000000000219e-01
7.436060000000001002e-01 1.612750000000000294e-02 5.075479999999999992e-01
7.433020000000000183e-01 1.618500000000000494e-02 5.072087499999999860e-01
7.341609250000000753e-01 2.581050000000000705e-02 5.076064999999999605e-01
7.346225750000000554e-01 2.534225000000000366e-02 5.016392499999999810e-01
7.345861750000000079e-01 2.491850000000000315e-02 4.965546750000000009e-01
7.262220750000000224e-01 3.556225000000000358e-02 5.035594999999999377e-01
7.273034250000000034e-01 3.441675000000000290e-02 4.981232499999999619e-01
7.274227500000000068e-01 3.371175000000000560e-02 4.935837999999999615e-01
7.231896750000000873e-01 4.777675000000000671e-02 4.982882499999999881e-01
7.245377000000000622e-01 4.542850000000000360e-02 4.936729999999999730e-01
7.241392250000000530e-01 4.363075000000000286e-02 4.897207499999999825e-01
7.233987000000000611e-01 5.852632500000000404e-02 4.909112749999999803e-01
7.248210750000000369e-01 5.490175000000000610e-02 4.866434249999999628e-01
7.268626000000000253e-01 5.197325000000000556e-02 4.829477749999999681e-01
7.317061000000000259e-01 6.454305000000000458e-02 4.827312749999999597e-01
7.313687750000000820e-01 6.291587500000000999e-02 4.808994249999999915e-01
7.324878750000000105e-01 5.866570000000000812e-02 4.765496249999999767e-01
7.345772000000000412e-01 7.376980925000001243e-02 4.755963249999999864e-01
7.344706500000000027e-01 7.112482500000000263e-02 4.732652124999999765e-01
7.354436250000000452e-01 6.658080000000000942e-02 4.692806250000000068e-01
7.435800000000000187e-01 8.083740000000000370e-02 4.725361074999999689e-01
7.436265000000000791e-01 7.600307250000000459e-02 4.688026999999999611e-01
7.438192500000000429e-01 7.115435000000000509e-02 4.651110749999999849e-01
7.561842500000000022e-01 8.011687500000000406e-02 4.724693349999999903e-01
7.552477499999999955e-01 7.542210000000000580e-02 4.686124249999999991e-01
7.543960000000000665e-01 7.066335000000001365e-02 4.647758499999999904e-01
7.665617500000000417e-01 7.481259750000000819e-02 4.765611750000000035e-01
7.652362500000000622e-01 7.029855000000000131e-02 4.723291524999999602e-01
7.639515000000000056e-01 6.574550000000001226e-02 4.681409249999999855e-01
7.735227500000000367e-01 6.728952500000000281e-02 4.829291249999999591e-01
7.720862500000000850e-01 6.297267500000000573e-02 4.784180499999999836e-01
7.707222500000000531e-01 5.857012500000000760e-02 4.740260649999999965e-01
7.774659999999999904e-01 5.845810000000000589e-02 4.905386250000000059e-01
7.759872500000000173e-01 5.421325000000000449e-02 4.857058999999999682e-01
7.745467500000000616e-01 4.991817500000000907e-02 4.809683249999999743e-01
7.800822500000000881e-01 5.035657500000000758e-02 4.988789999999999614e-01
7.786129999999999995e-01 4.620075000000001264e-02 4.937892499999999574e-01
7.771485000000000198e-01 4.201375000000000942e-02 4.887967249999999875e-01
7.803030000000000799e-01 4.139325000000001337e-02 5.088242499999999779e-01
7.788452500000000445e-01 3.739975000000000938e-02 5.032862499999999351e-01
7.773730000000000917e-01 3.332800000000001039e-02 4.979397499999999588e-01
7.779377499999999834e-01 3.296900000000001218e-02 5.166514999999999302e-01
7.761685000000000390e-01 2.996800000000000852e-02 5.104079999999999728e-01
7.748900000000000787e-01 2.637800000000001255e-02 5.040192500000000297e-01
7.723212500000000702e-01 2.492375000000000840e-02 5.235210000000000141e-01
7.706572500000000714e-01 2.265850000000000503e-02 5.161437500000000123e-01
7.697500000000000453e-01 1.955250000000000737e-02 5.082809999999999828e-01
7.644290000000000251e-01 1.937325000000000158e-02 5.290067499999999701e-01
7.640867500000000367e-01 1.625875000000000237e-02 5.201295000000000224e-01
7.639207500000000373e-01 1.337300000000000294e-02 5.109302500000000302e-01
7.570162500000000572e-01 1.341225000000000750e-02 5.343369999999999509e-01
7.576387500000000275e-01 1.067550000000000443e-02 5.235429999999999806e-01
7.582342499999999985e-01 8.067249999999998034e-03 5.127417499999999961e-01
7.529447500000000515e-01 7.003500000000009718e-03 5.390264999999999640e-01
7.507622500000000754e-01 5.317000000000002280e-03 5.286619999999999653e-01
7.495964999999999989e-01 5.720250000000010049e-03 5.192692500000000155e-01
7.443655000000000133e-01 2.900750000000007489e-03 5.425887499999999530e-01
7.425432500000000990e-01 1.461500000000004462e-03 5.339087499999999320e-01
7.407970000000000388e-01 -5.749999999998811617e-06 5.246784999999999366e-01
7.346028250000000703e-01 -1.947999999999991405e-03 5.458662499999999973e-01
7.328826999999999980e-01 -3.318000000000001504e-03 5.378920000000000368e-01
7.311568000000000511e-01 -4.720000000000001972e-03 5.296370000000000244e-01
7.136797325000000525e-01 -1.306675000000000197e-02 5.445977499999999916e-01
