4.850017500000000092e-01 -5.563775000000001358e-02 4.646389750000000096e-01
5.296549999999999869e-01 -4.323875000000000635e-02 4.653573500000000029e-01
5.297707500000000680e-01 -5.566474999999998508e-02 4.660971749999999747e-01
5.296365000000000656e-01 -6.799625000000000807e-02 4.665058750000000143e-01
5.408757500000000995e-01 -4.329100000000001003e-02 4.658550249999999782e-01
5.414982500000000698e-01 -5.593375000000000430e-02 4.666043249999999865e-01
5.409695000000001031e-01 -6.851350000000000495e-02 4.668802999999999703e-01
5.498697500000000460e-01 -4.368725000000001080e-02 4.663692249999999984e-01
5.524335000000000218e-01 -5.648649999999999505e-02 4.672754499999999811e-01
5.544537500000000785e-01 -6.837825000000000153e-02 4.682057000000000024e-01
5.622025000000000494e-01 -4.399825000000000264e-02 4.676207749999999885e-01
5.643945000000000212e-01 -5.590875000000000705e-02 4.685033249999999705e-01
5.664007500000000084e-01 -6.721099999999999297e-02 4.693966250000000118e-01
5.723632499999999901e-01 -4.244300000000000850e-02 4.703740699999999775e-01
5.744022500000000031e-01 -5.391874999999998752e-02 4.713021000000000016e-01
5.767052500000000581e-01 -6.489500000000000823e-02 4.722314842499999998e-01
5.834909999999999819e-01 -4.044475000000001541e-02 4.701341499999999729e-01
5.849610000000000642e-01 -5.173424999999998164e-02 4.711347650000000109e-01
5.868537500000000628e-01 -6.276299999999998547e-02 4.720349864999999756e-01
5.943185000000000828e-01 -3.727150000000001295e-02 4.683151749999999724e-01
5.963770000000000460e-01 -4.830525000000000790e-02 4.692333249999999789e-01
5.989037500000000680e-01 -5.928724999999998579e-02 4.700254899999999902e-01
6.067775000000000807e-01 -3.282474999999999976e-02 4.679449499999999706e-01
6.086417500000000924e-01 -4.356625000000000081e-02 4.688261499999999971e-01
6.117352500000000637e-01 -5.408174999999998400e-02 4.696072099999999971e-01
6.182747500000000951e-01 -2.703724999999999878e-02 4.678884249999999967e-01
6.207845000000000724e-01 -3.774099999999999677e-02 4.687683500000000003e-01
6.240817500000001017e-01 -4.810824999999999130e-02 4.695672699999999811e-01
6.294395000000000406e-01 -2.150175000000000003e-02 4.685159500000000143e-01
6.318770000000000220e-01 -3.236324999999999619e-02 4.693971749999999998e-01
6.338720000000001020e-01 -4.140175000000000105e-02 4.704533324999999877e-01
6.401505000000000667e-01 -1.660049999999999026e-02 4.708836275000000127e-01
6.428405000000000369e-01 -2.723749999999999782e-02 4.718429867499999708e-01
6.447472499999999940e-01 -3.656974999999999809e-02 4.729138849999999783e-01
6.504942500000000516e-01 -1.251974999999999616e-02 4.738702674999999975e-01
6.533700000000000063e-01 -2.279624999999999013e-02 4.750314749999999808e-01
6.552552500000000668e-01 -3.316600000000000104e-02 4.760801000000000061e-01
6.615202500000000319e-01 -8.558499999999996666e-03 4.792495250000000095e-01
6.640335000000000543e-01 -1.872799999999999465e-02 4.784641499999999770e-01
6.660537500000000000e-01 -2.813399999999999235e-02 4.795252749999999731e-01
6.731277500000000247e-01 -4.928000000000001823e-03 4.783188749999999767e-01
6.754992500000001066e-01 -1.513524999999998899e-02 4.780835250000000092e-01
6.775484999999999980e-01 -2.510924999999999963e-02 4.789218749999999969e-01
6.855545000000000666e-01 -2.189249999999989815e-03 4.801148249999999673e-01
6.874850000000000128e-01 -1.162074999999999914e-02 4.810346249999999935e-01
6.896782500000000482e-01 -2.129624999999998880e-02 4.830847500000000072e-01
6.978905250000000393e-01 9.745000000000031415e-04 4.810315749999999890e-01
7.001889250000000731e-01 -8.720249999999998836e-03 4.828681750000000106e-01
7.023691250000000386e-01 -1.841374999999999262e-02 4.849441999999999919e-01
7.113941250000000993e-01 4.566750000000008303e-03 4.819162499999999905e-01
7.129994575000000445e-01 -5.208749999999998104e-03 4.852013749999999903e-01
7.153951725000000650e-01 -1.510399999999999243e-02 4.869666749999999600e-01
7.258164500000000574e-01 7.935750000000005300e-03 4.830307500000000087e-01
7.252184500000000700e-01 -1.765749999999996489e-03 4.882645499999999639e-01
7.272778000000000853e-01 -1.097374999999999046e-02 4.923454499999999623e-01
7.358255000000000212e-01 1.201325000000000309e-02 4.907843499999999803e-01
7.378113000000000588e-01 1.907000000000005913e-03 4.931557249999999892e-01
7.392996000000000567e-01 -7.172999999999998821e-03 4.970717499999999789e-01
7.459379999999999900e-01 1.581900000000000667e-02 4.981392499999999779e-01
7.479232500000000394e-01 6.417749999999999844e-03 5.007675000000000320e-01
7.500177500000000386e-01 -2.852999999999994429e-03 5.035907499999999759e-01
7.585325000000000539e-01 1.821500000000000202e-02 5.043487500000000123e-01
7.581877500000000492e-01 1.064525000000000887e-02 5.081774999999999487e-01
7.596822500000000034e-01 1.440999999999997838e-03 5.116722499999999396e-01
7.682364999999999888e-01 2.265300000000000646e-02 5.122284999999999755e-01
7.668092499999999978e-01 1.515250000000000624e-02 5.163459999999999717e-01
7.685447499999999987e-01 6.438750000000006968e-03 5.204550000000000010e-01
7.744429999999999925e-01 2.822950000000001153e-02 5.211982499999999741e-01
7.755517499999999842e-01 1.918975000000001235e-02 5.248522500000000202e-01
7.759280000000000621e-01 1.094350000000000878e-02 5.298457500000000042e-01
7.861620000000000275e-01 3.089825000000000904e-02 5.320705000000000018e-01
7.846060000000000256e-01 2.284275000000000888e-02 5.350739999999999386e-01
7.858355000000000201e-01 1.799975000000000880e-02 5.365449999999999386e-01
7.871485000000000287e-01 3.297250000000000875e-02 5.431237500000000162e-01
7.860217500000000745e-01 2.730800000000001282e-02 5.464234999999999509e-01
7.829615000000000880e-01 1.954600000000001475e-02 5.509560000000000013e-01
7.821382500000000348e-01 4.031600000000001155e-02 5.571582499999999660e-01
7.813727500000000603e-01 3.091650000000001342e-02 5.585660000000000069e-01
7.798780000000000712e-01 2.180425000000001112e-02 5.607427499999999565e-01
7.763782500000000475e-01 4.222450000000001202e-02 5.654449999999999754e-01
7.757770000000000499e-01 3.287975000000001313e-02 5.663752499999999968e-01
7.745632500000000364e-01 2.364075000000000898e-02 5.677652499999999991e-01
7.668045000000000000e-01 4.377725000000000366e-02 5.682859999999999578e-01
7.668827500000000574e-01 3.435850000000000709e-02 5.689507499999999496e-01
7.661817500000001058e-01 2.512100000000000444e-02 5.700277499999999442e-01
7.580255000000000187e-01 4.373350000000000848e-02 5.729082500000000078e-01
7.585450000000000248e-01 3.427400000000000585e-02 5.733924999999999716e-01
7.587270000000000403e-01 2.499375000000000208e-02 5.738077499999999498e-01
7.484210000000000029e-01 4.243325000000000569e-02 5.698889999999999789e-01
7.502012500000000417e-01 3.275325000000000458e-02 5.707685000000000120e-01
7.516987500000000821e-01 2.409975000000000311e-02 5.726949999999999541e-01
7.376969000000000998e-01 3.578650000000000581e-02 5.654967499999999925e-01
7.402105000000001045e-01 2.814925000000000760e-02 5.695230000000000015e-01
7.427847500000001046e-01 2.011825000000000419e-02 5.741319999999999757e-01
7.323204250000000526e-01 3.183850000000000569e-02 5.628672500000000412e-01
7.313494000000000383e-01 2.174550000000000788e-02 5.648014999999999564e-01
7.279795500000000308e-01 1.456775000000000431e-02 5.643492500000000245e-01
7.230991250000000647e-01 2.006350000000000494e-02 5.641540000000000443e-01
7.266420500000000393e-01 1.148250000000000659e-02 5.633595000000000130e-01
7.310904250000000992e-01 3.807500000000005325e-03 5.608170000000000099e-01
7.139175750000000820e-01 8.715000000000000524e-03 5.658514999999999517e-01
7.196566000000000907e-01 1.294000000000003481e-03 5.643067499999999681e-01
7.256970750000000248e-01 -5.597499999999991371e-03 5.627820000000000045e-01
7.053324499999999997e-01 -3.091499999999997028e-03 5.647962499999999997e-01
7.123154525000000570e-01 -8.773749999999996829e-03 5.634000000000000119e-01
7.190957500000000335e-01 -1.472824999999999829e-02 5.619482499999999270e-01
6.991690750000000287e-01 -1.393049999999999844e-02 5.585959999999999814e-01
7.063168000000000779e-01 -1.868349999999999178e-02 5.577797500000000186e-01
7.132339625000000405e-01 -2.388599999999999057e-02 5.567067500000000280e-01
6.951457000000000885e-01 -2.133625000000000105e-02 5.497630000000000017e-01
7.019316250000000590e-01 -2.648525000000000185e-02 5.488147500000000178e-01
7.084263250000000234e-01 -3.211124999999999396e-02 5.475937499999999902e-01
6.882727500000000997e-01 -2.922500000000000098e-02 5.417907499999999876e-01
6.947343000000000268e-01 -3.512250000000000094e-02 5.403682499999999944e-01
7.020276750000000732e-01 -4.020649999999999225e-02 5.377925000000000066e-01
6.810677500000000828e-01 -3.525574999999998849e-02 5.344584999999999475e-01
6.871892500000000847e-01 -4.044899999999999884e-02 5.315462499999999979e-01
6.931958000000000286e-01 -4.554324999999999346e-02 5.286049999999999915e-01
6.726052500000000434e-01 -3.795824999999999894e-02 5.250897500000000218e-01
6.782885000000000719e-01 -4.318799999999999029e-02 5.219197500000000156e-01
6.840497500000000120e-01 -4.830899999999999084e-02 5.188929999999999376e-01
6.634967500000000795e-01 -3.912899999999999712e-02 5.135022499999999379e-01
6.690917500000000961e-01 -4.423524999999998986e-02 5.105012500000000175e-01
6.746485000000000953e-01 -4.938424999999999065e-02 5.073134999999999728e-01
6.534892500000000215e-01 -3.860674999999999524e-02 5.024689999999999435e-01
6.590632500000001004e-01 -4.370949999999999835e-02 4.995307499999999679e-01
6.643930000000000113e-01 -4.883549999999999003e-02 4.963544999999999763e-01
6.445577500000000404e-01 -3.645699999999998941e-02 4.897921499999999817e-01
6.504452500000000859e-01 -4.157774999999999666e-02 4.877692249999999730e-01
6.557142500000000540e-01 -4.672374999999999445e-02 4.850024499999999739e-01
6.396632500000000165e-01 -3.825974999999999515e-02 4.828180249999999840e-01
6.452340000000000853e-01 -4.312974999999999448e-02 4.811036499999999938e-01
6.506542500000001006e-01 -4.804299999999998849e-02 4.792383499999999796e-01
6.411872499999999864e-01 -3.878025000000000222e-02 4.723631999999999831e-01
6.453792500000000709e-01 -4.134299999999999087e-02 4.719683314500000004e-01
6.507535000000000958e-01 -4.645349999999999480e-02 4.708345150000000090e-01
6.458485000000000475e-01 -3.085224999999999773e-02 4.680785499999999821e-01
6.510552500000000853e-01 -3.615124999999999589e-02 4.670695750000000146e-01
6.564397500000000996e-01 -4.130649999999999600e-02 4.660257499999999609e-01
6.533092500000000635e-01 -2.521974999999999911e-02 4.701589075000000006e-01
6.586730000000000640e-01 -3.029324999999999379e-02 4.693086249999999793e-01
6.641190000000000149e-01 -3.530224999999999336e-02 4.683761999999999648e-01
6.605585000000000484e-01 -1.799924999999999442e-02 4.694839000000000095e-01
6.660507500000000247e-01 -2.280874999999998876e-02 4.686523999999999690e-01
6.716925000000000257e-01 -2.740149999999999531e-02 4.677311000000000107e-01
6.699110000000000342e-01 -9.146749999999995162e-03 4.705197474999999740e-01
6.749340000000000339e-01 -1.403349999999999043e-02 4.697491575000000141e-01
6.804942500000000782e-01 -1.841399999999999981e-02 4.688128500000000032e-01
6.796480000000000299e-01 1.544500000000004203e-03 4.700236074999999958e-01
6.847597500000000004e-01 -1.746249999999990865e-03 4.704652474999999612e-01
6.907654750000000732e-01 -5.234249999999995850e-03 4.692760999999999738e-01
6.880010000000000847e-01 1.424400000000000666e-02 4.704790674999999589e-01
6.923932000000000420e-01 1.220475000000000726e-02 4.723896049999999902e-01
6.983220250000000684e-01 9.647250000000009984e-03 4.711365849999999966e-01
6.945233250000000247e-01 2.936750000000000471e-02 4.751974250000000066e-01
6.984788750000000546e-01 2.683000000000000662e-02 4.769311999999999996e-01
7.043361250000000906e-01 2.378350000000000602e-02 4.755099250000000000e-01
7.001473750000000162e-01 4.310724999999999973e-02 4.812542999999999682e-01
7.054772000000000265e-01 3.982050000000000173e-02 4.798223500000000086e-01
7.113966500000000748e-01 3.636875000000000524e-02 4.782813999999999677e-01
7.078112750000000730e-01 5.505517500000000480e-02 4.842600999999999711e-01
7.135184650000000461e-01 5.151092500000000601e-02 4.829476749999999652e-01
7.193437000000000303e-01 4.796424999999999994e-02 4.814185500000000006e-01
7.123992024999999950e-01 6.493895000000000917e-02 4.841994000000000020e-01
7.180690500000000975e-01 6.149222500000000452e-02 4.833818749999999609e-01
7.237437750000000891e-01 5.793485000000000301e-02 4.813057749999999912e-01
7.186107500000000758e-01 7.465953250000000041e-02 4.857167249999999603e-01
7.235110000000000152e-01 7.070602500000000568e-02 4.844289250000000102e-01
7.288373500000000504e-01 6.687117500000000492e-02 4.829719499999999832e-01
7.274558000000000968e-01 8.388120000000000298e-02 4.893578249999999685e-01
7.312370000000000259e-01 7.884962500000000651e-02 4.877215249999999891e-01
7.354911750000000525e-01 7.419777750000000616e-02 4.859608499999999998e-01
7.373937999999999882e-01 9.081102500000000355e-02 4.881377249999999668e-01
7.404052500000000148e-01 8.496070000000000011e-02 4.866306999999999716e-01
7.438115000000000698e-01 7.937792500000000195e-02 4.849310749999999892e-01
7.500517500000000171e-01 9.353717500000000018e-02 4.886923999999999713e-01
7.519055000000000044e-01 8.747365000000001389e-02 4.872172249999999760e-01
7.541232500000000227e-01 8.118235000000001422e-02 4.853444249999999682e-01
7.596310000000000562e-01 9.136847500000000455e-02 4.950331499999999774e-01
7.607110000000000261e-01 8.719770000000000298e-02 4.938855249999999919e-01
7.623887500000000594e-01 8.191197500000001186e-02 4.922095999999999694e-01
7.601072500000000121e-01 8.816110000000000613e-02 5.006537500000000085e-01
7.667194999999999983e-01 8.826095000000000468e-02 4.978437499999999738e-01
7.735312500000000036e-01 8.831632500000000108e-02 4.945619749999999870e-01
7.652122500000000382e-01 8.883645000000001124e-02 5.090027499999999483e-01
7.710710000000000619e-01 8.884617500000001333e-02 5.058934999999999960e-01
7.787822500000000092e-01 8.839632500000001170e-02 5.025372499999999354e-01
7.700190000000000090e-01 8.621550000000000047e-02 5.176864999999999384e-01
7.760290000000000799e-01 8.613975000000001492e-02 5.151727499999999571e-01
7.822822500000000678e-01 8.638105000000001477e-02 5.137872500000000286e-01
7.743065000000000087e-01 8.000515000000001098e-02 5.259072499999999373e-01
7.801075000000000648e-01 7.975975000000000426e-02 5.238134999999999319e-01
7.848640000000000061e-01 7.971135000000001414e-02 5.220867499999999328e-01
7.771595000000000031e-01 7.045465000000000755e-02 5.323987500000000317e-01
7.828152500000000735e-01 6.994452500000000739e-02 5.305642499999999595e-01
7.837135000000000629e-01 6.978657500000000347e-02 5.296309999999999629e-01
7.800875000000000448e-01 6.455080000000000540e-02 5.399214999999999431e-01
7.839580000000000437e-01 6.270410000000001260e-02 5.382617499999999833e-01
7.844655000000000378e-01 5.937357500000001176e-02 5.367994999999999850e-01
7.808807500000000124e-01 5.418590000000000906e-02 5.423810000000000020e-01
7.837777500000000508e-01 5.166310000000000346e-02 5.415360000000000174e-01
7.852500000000000036e-01 4.886900000000000965e-02 5.406265000000000098e-01
7.833860000000000268e-01 4.525675000000001225e-02 5.377522500000000427e-01
7.841500000000000137e-01 4.299775000000000819e-02 5.376017499999999893e-01
7.854885000000000339e-01 3.936375000000000984e-02 5.370227499999999932e-01
7.788377499999999953e-01 3.776850000000001040e-02 5.299402500000000016e-01
7.802792499999999798e-01 3.628175000000000844e-02 5.308674999999999367e-01
7.815104999999999968e-01 3.070625000000001131e-02 5.316094999999999571e-01
7.695877500000000149e-01 3.537875000000000741e-02 5.241342500000000237e-01
7.724965000000000304e-01 3.061800000000001326e-02 5.227922499999999584e-01
7.741910000000000736e-01 2.635425000000000961e-02 5.222797499999999316e-01
7.658967500000000150e-01 3.676900000000000307e-02 5.148857500000000309e-01
7.684087500000000848e-01 3.206450000000000272e-02 5.123345000000000260e-01
7.688905000000000323e-01 2.779375000000000595e-02 5.107315000000000049e-01
7.613317500000000848e-01 4.053200000000000552e-02 5.068079999999999252e-01
7.633870000000000378e-01 3.644325000000000342e-02 5.028574999999999573e-01
7.645110000000000516e-01 3.238650000000000556e-02 4.998449999999999838e-01
7.563572500000000920e-01 4.578200000000000325e-02 5.006834999999999480e-01
7.574782500000000196e-01 4.220425000000000565e-02 4.962669499999999845e-01
7.565437500000000703e-01 3.841625000000000595e-02 4.948502249999999769e-01
7.505687500000000068e-01 5.230582500000000717e-02 4.970574999999999855e-01
7.498465000000000824e-01 4.929490000000000954e-02 4.926249500000000059e-01
7.486635000000000373e-01 4.528750000000000830e-02 4.909735249999999662e-01
7.443525000000000835e-01 5.862382500000000440e-02 4.949683249999999868e-01
7.426762500000000378e-01 5.631165000000000476e-02 4.898273499999999947e-01
7.403195000000000192e-01 5.295267500000000460e-02 4.871533249999999704e-01
7.374302000000000357e-01 6.422782500000000228e-02 4.974754999999999594e-01
7.350965750000000298e-01 6.237350000000000533e-02 4.923971749999999648e-01
7.330237500000000850e-01 6.007255000000000233e-02 4.887276749999999725e-01
7.305109000000000741e-01 6.737992500000000717e-02 5.023824999999999541e-01
7.274851250000000658e-01 6.562060000000000115e-02 4.975379999999999803e-01
7.243496750000000262e-01 6.399612500000000093e-02 4.929393249999999838e-01
7.249583250000000145e-01 6.743395000000000639e-02 5.091717500000000340e-01
7.211859250000000054e-01 6.556922500000000875e-02 5.047887500000000083e-01
7.174394000000000604e-01 6.380030000000000423e-02 5.002894999999999426e-01
7.219539249999999964e-01 6.457825000000000371e-02 5.168399999999999661e-01
7.176648500000000208e-01 6.232260000000000577e-02 5.130237500000000006e-01
7.133545150000000223e-01 6.005077500000000068e-02 5.092455000000000176e-01
7.218806750000000827e-01 5.964427500000000354e-02 5.245567500000000161e-01
7.173657250000000651e-01 5.685270000000000601e-02 5.211934999999999762e-01
7.129199750000000391e-01 5.410457500000000197e-02 5.177889999999999437e-01
7.243293500000000940e-01 5.334365000000000634e-02 5.318647499999999972e-01
7.197759500000000532e-01 5.032655000000000461e-02 5.286077499999999318e-01
7.153386100000000969e-01 4.725100000000000133e-02 5.253442499999999571e-01
7.274821750000000087e-01 4.635400000000000631e-02 5.381782499999999692e-01
7.228487749999999989e-01 4.298625000000000362e-02 5.349087500000000439e-01
7.184609000000000689e-01 3.959050000000000763e-02 5.316904999999999548e-01
7.310821250000000271e-01 3.893675000000000608e-02 5.422907500000000436e-01
7.266208250000000257e-01 3.507175000000000570e-02 5.391890000000000294e-01
7.222760750000000174e-01 3.126500000000000112e-02 5.361164999999999958e-01
7.334100750000001057e-01 3.154700000000000559e-02 5.480207499999999454e-01
7.291533750000001035e-01 2.765850000000000253e-02 5.450304999999999733e-01
7.249397500000001049e-01 2.343575000000000519e-02 5.422737499999999988e-01
7.350746750000000107e-01 2.760875000000000135e-02 5.545249999999999346e-01
7.308564250000000317e-01 2.288950000000000706e-02 5.517664999999999376e-01
7.265934750000000442e-01 1.874175000000000146e-02 5.487414999999999932e-01
7.389880250000000483e-01 2.391550000000000620e-02 5.582160000000000455e-01
7.345405249999999997e-01 1.955025000000000512e-02 5.555822499999999442e-01
7.297926250000000836e-01 1.554475000000000301e-02 5.523939999999999406e-01
7.429567500000000546e-01 1.888100000000000195e-02 5.625344999999999374e-01
7.376093250000000934e-01 1.602350000000000302e-02 5.599680000000000213e-01
7.343535750000000917e-01 1.190400000000000486e-02 5.566164999999999585e-01
7.466497500000000009e-01 1.229925000000000462e-02 5.682657500000000139e-01
7.388830750000000558e-01 9.102999999999999980e-03 5.641062500000000313e-01
7.308417500000000677e-01 6.772250000000007431e-03 5.607922499999999921e-01
7.515685000000000837e-01 4.224500000000006028e-03 5.725632499999999681e-01
7.403112500000000873e-01 2.325000000000007616e-03 5.680355000000000265e-01
7.311583500000000679e-01 1.137499999999999623e-03 5.635762500000000008e-01
7.525475000000000358e-01 -5.449499999999996014e-03 5.746822499999999501e-01
7.421417500000000445e-01 -5.525000000000002132e-03 5.693952500000000194e-01
7.326636499999999996e-01 -5.936749999999990646e-03 5.643690000000000095e-01
7.523792500000000549e-01 -1.282400000000000206e-02 5.742074999999999818e-01
7.449462500000000320e-01 -1.461524999999999630e-02 5.701490000000000169e-01
7.380283000000000815e-01 -1.718324999999999714e-02 5.662482500000000085e-01
7.562780000000000058e-01 -1.986449999999999327e-02 5.734930000000000305e-01
7.510527500000000467e-01 -2.282249999999999557e-02 5.697729999999999739e-01
7.456857500000000361e-01 -2.546774999999999733e-02 5.666192500000000187e-01
7.628502500000000630e-01 -2.595899999999999597e-02 5.712832500000000202e-01
7.597242500000001009e-01 -3.001474999999999282e-02 5.683412500000000200e-01
7.573290000000000299e-01 -3.381724999999999315e-02 5.649562499999999376e-01
7.710912500000000058e-01 -2.782124999999999182e-02 5.686554999999999804e-01
7.716430000000000788e-01 -3.197424999999999573e-02 5.650247499999999645e-01
7.727027500000001048e-01 -3.582099999999999174e-02 5.611289999999999889e-01
7.789692500000000575e-01 -2.347249999999999337e-02 5.664917499999999606e-01
7.820517500000000455e-01 -2.590599999999999847e-02 5.622772499999999507e-01
7.853145000000000264e-01 -2.845874999999999100e-02 5.577292499999999542e-01
7.838497500000000118e-01 -1.529200000000000004e-02 5.630212500000000286e-01
7.879007500000000386e-01 -1.575849999999999473e-02 5.581422499999999509e-01
7.919477500000000614e-01 -1.607349999999999057e-02 5.531439999999999690e-01
7.836987499999999995e-01 -4.934999999999994946e-03 5.582169999999999632e-01
7.874165000000000747e-01 -4.615750000000001796e-03 5.533209999999999518e-01
7.911179999999999879e-01 -3.994999999999998552e-03 5.481237500000000207e-01
7.812640000000000695e-01 5.359500000000003150e-03 5.532822499999999755e-01
7.847657500000000397e-01 5.936500000000011212e-03 5.484142499999999920e-01
7.883280000000000287e-01 6.507750000000006585e-03 5.434157499999999752e-01
7.771692500000000337e-01 1.641525000000001316e-02 5.489505000000000079e-01
7.795817500000000733e-01 1.546050000000000896e-02 5.439527499999999849e-01
7.807605000000000794e-01 1.432025000000001352e-02 5.436372499999999608e-01
7.733875000000000055e-01 2.785075000000001438e-02 5.445900000000000185e-01
7.727715000000000556e-01 2.581275000000000930e-02 5.428324999999999401e-01
7.720820000000000460e-01 2.414475000000001342e-02 5.418772499999999770e-01
7.696782500000000082e-01 4.060175000000000589e-02 5.400359999999999605e-01
7.694822500000000343e-01 3.945000000000000590e-02 5.358697500000000336e-01
7.694992500000000790e-01 3.960400000000000725e-02 5.354292499999999677e-01
7.672427500000000844e-01 5.224850000000000327e-02 5.324579999999999869e-01
7.707947500000000840e-01 5.075927500000000647e-02 5.278475000000000250e-01
7.735545000000000337e-01 4.975155000000000549e-02 5.236459999999999448e-01
7.679949999999999832e-01 6.389920000000000322e-02 5.257942500000000186e-01
7.713320000000000176e-01 6.153492500000000420e-02 5.218935000000000102e-01
7.735692499999999860e-01 5.995752500000001151e-02 5.182299999999999685e-01
7.730285000000000073e-01 7.553338250000000975e-02 5.197177499999999783e-01
7.756502499999999856e-01 7.201291750000000935e-02 5.166939999999999866e-01
7.765960000000000640e-01 6.884012500000000201e-02 5.124457499999999222e-01
7.801617499999999872e-01 8.425077500000001385e-02 5.121059999999999501e-01
7.821987500000000537e-01 7.948370000000000435e-02 5.096220000000000194e-01
7.845090000000000119e-01 7.442147500000001470e-02 5.069457499999999728e-01
7.907239999999999824e-01 9.033420000000000338e-02 5.080552499999999583e-01
7.921375000000000499e-01 8.485557500000001641e-02 5.056672500000000126e-01
7.936275000000000412e-01 7.935015000000000818e-02 5.032969999999999944e-01
8.029370000000000118e-01 9.267435000000001644e-02 5.089967499999999978e-01
8.037432500000000202e-01 8.711592500000001071e-02 5.065317499999999473e-01
8.046067500000000372e-01 8.155177500000000690e-02 5.041592499999999477e-01
8.144312500000000510e-01 9.108850000000001668e-02 5.145272499999999916e-01
8.142795000000000449e-01 8.568820000000000603e-02 5.116782500000000011e-01
8.142032500000000450e-01 8.025255000000000583e-02 5.089102500000000084e-01
8.222457499999999975e-01 8.556642500000001539e-02 5.233487500000000292e-01
8.214855000000000906e-01 8.056612500000001620e-02 5.198344999999999771e-01
8.207422500000000065e-01 7.550162750000001533e-02 5.163517499999999982e-01
8.252357500000000456e-01 7.855052500000000992e-02 5.332642499999999952e-01
8.243292500000000134e-01 7.366507000000001304e-02 5.293222499999999942e-01
8.234365000000000157e-01 6.875932500000001002e-02 5.254059999999999286e-01
8.246747500000000120e-01 7.151716750000000622e-02 5.431027499999999675e-01
8.237797500000000328e-01 6.670160000000001366e-02 5.389517499999999517e-01
8.228765000000000107e-01 6.183270000000001126e-02 5.349217499999999736e-01
8.216755000000000031e-01 6.453762500000001512e-02 5.527404999999999680e-01
8.207997500000000501e-01 5.965342500000000991e-02 5.483667500000000139e-01
8.199145000000001016e-01 5.474400000000001487e-02 5.440877499999999811e-01
8.194300000000001027e-01 5.840435000000000765e-02 5.626470000000000082e-01
8.185769999999999991e-01 5.346972500000000961e-02 5.581242499999999884e-01
8.177180000000000559e-01 4.853525000000001588e-02 5.536827500000000013e-01
8.188247500000001011e-01 5.128382500000001204e-02 5.739274999999999238e-01
8.179512500000000186e-01 4.636100000000001331e-02 5.690322500000000172e-01
8.170755000000000656e-01 4.141600000000000836e-02 5.643015000000000114e-01
8.159297500000000092e-01 4.481850000000001111e-02 5.830444999999999656e-01
8.152240000000000597e-01 4.012325000000001307e-02 5.772322500000000023e-01
8.145474999999999799e-01 3.541550000000000947e-02 5.714682500000000109e-01
8.154397500000000187e-01 3.687825000000000825e-02 5.917915000000000258e-01
8.147780000000000022e-01 3.230625000000000857e-02 5.846437500000000176e-01
8.141365000000000407e-01 2.775775000000001158e-02 5.774190000000000156e-01
8.138222500000000803e-01 2.908925000000001093e-02 5.988759999999999639e-01
8.132287500000000557e-01 2.452450000000001157e-02 5.906474999999999920e-01
8.127037500000000581e-01 2.016500000000000931e-02 5.820192499999999880e-01
8.115882500000000110e-01 2.175525000000001069e-02 6.064247499999999569e-01
8.112730000000000219e-01 1.744850000000001261e-02 5.961309999999999665e-01
8.109190000000000564e-01 1.329750000000001070e-02 5.857639999999999514e-01
8.124557500000000321e-01 1.546375000000001221e-02 6.125072499999999476e-01
8.092887500000001122e-01 1.075375000000000636e-02 6.034104999999999608e-01
8.065472500000000489e-01 6.463250000000003714e-03 5.938837500000000436e-01
8.081980000000000830e-01 8.813500000000001888e-03 6.187637499999999458e-01
8.055507500000000931e-01 4.763500000000003842e-03 6.111815000000000442e-01
8.029377500000001167e-01 6.295000000000050555e-04 6.030162500000000314e-01
8.032280000000000530e-01 9.750000000000036415e-04 6.252305000000000224e-01
8.007700000000000928e-01 -2.821749999999997871e-03 6.182992499999999669e-01
7.983130000000000503e-01 -6.692499999999990123e-03 6.110837499999999256e-01
7.910480000000000844e-01 -1.817874999999999353e-02 6.313877500000000254e-01
