4.774320000000000785e-01 -6.536275000000002500e-02 4.688211749999999789e-01
5.215465000000000240e-01 -5.122224999999999695e-02 4.672971249999999799e-01
5.222430000000000128e-01 -6.345299999999998164e-02 4.695593275000000122e-01
5.224917500000000325e-01 -7.574899999999998301e-02 4.714566599999999719e-01
5.328850000000000531e-01 -5.051425000000001053e-02 4.674560999999999855e-01
5.341550000000000464e-01 -6.299325000000000063e-02 4.698444649999999889e-01
5.339282499999999931e-01 -7.568300000000000027e-02 4.717221649999999711e-01
5.423232500000000345e-01 -5.021425000000001582e-02 4.675983499999999959e-01
5.459050000000000846e-01 -6.263499999999999623e-02 4.700512924999999953e-01
5.488640000000000185e-01 -7.417799999999999394e-02 4.721009407499999755e-01
5.553537500000000904e-01 -4.892575000000000396e-02 4.684157749999999787e-01
5.587975000000000581e-01 -6.046574999999998479e-02 4.707278400000000085e-01
5.618572500000000858e-01 -7.138325000000000919e-02 4.726657274999999658e-01
5.667012500000000452e-01 -4.577125000000001331e-02 4.708035749999999742e-01
5.698087499999999750e-01 -5.683625000000000482e-02 4.729947124999999697e-01
5.731282500000000057e-01 -6.735874999999999502e-02 4.749782000000000171e-01
5.788415000000000088e-01 -4.233425000000000382e-02 4.707342174999999962e-01
5.813777500000000265e-01 -5.315049999999998942e-02 4.728555299999999684e-01
5.842330000000000023e-01 -6.372274999999999467e-02 4.748830250000000142e-01
5.900022500000000614e-01 -3.873525000000001273e-02 4.691017499999999840e-01
5.931005000000000305e-01 -4.925075000000000980e-02 4.711376849999999727e-01
5.965175000000000338e-01 -5.975949999999999318e-02 4.731973674999999657e-01
6.023717500000000946e-01 -3.385449999999999571e-02 4.685066250000000099e-01
6.055562500000000181e-01 -4.395299999999999208e-02 4.705147124999999875e-01
6.093962500000000837e-01 -5.407399999999998319e-02 4.725414350000000097e-01
6.125427500000000247e-01 -2.808049999999999435e-02 4.677179249999999788e-01
6.167050000000000587e-01 -3.794699999999999462e-02 4.698525599999999747e-01
6.209547500000001108e-01 -4.782499999999999252e-02 4.718661112499999977e-01
6.223317500000000724e-01 -2.223499999999999088e-02 4.670885000000000176e-01
6.267252500000000115e-01 -3.203849999999999754e-02 4.692276750000000107e-01
6.311845000000000372e-01 -4.165549999999999808e-02 4.712263899999999950e-01
6.319792500000001034e-01 -1.595749999999999946e-02 4.676516499999999743e-01
6.368679999999999897e-01 -2.551174999999999971e-02 4.699132999999999782e-01
6.411610000000000920e-01 -3.518549999999999456e-02 4.721258004999999702e-01
6.420065000000000355e-01 -9.546999999999999931e-03 4.693817000000000128e-01
6.467515000000000347e-01 -1.887099999999999889e-02 4.716457149999999654e-01
6.511510000000000353e-01 -2.815499999999999947e-02 4.739046299999999934e-01
6.534524999999999917e-01 -2.208749999999995439e-03 4.732739125000000047e-01
6.580855000000001009e-01 -1.164824999999999888e-02 4.734916100000000072e-01
6.627617500000000383e-01 -1.977099999999999691e-02 4.756513250000000137e-01
6.644907500000000189e-01 4.280249999999999333e-03 4.711765649999999916e-01
6.692537500000000916e-01 -5.232000000000000539e-03 4.720218995000000084e-01
6.740730000000000333e-01 -1.408874999999999711e-02 4.737681324999999943e-01
6.765952500000000924e-01 1.015775000000000705e-02 4.716266524999999654e-01
6.804027500000000561e-01 1.130500000000006500e-03 4.737005850000000073e-01
6.846015000000000850e-01 -7.685499999999997889e-03 4.764902500000000041e-01
6.888925000000000187e-01 1.558950000000000613e-02 4.718015594999999673e-01
6.925933250000000374e-01 6.262750000000011363e-03 4.743334124999999957e-01
6.962829000000000379e-01 -2.885499999999999177e-03 4.768286999999999942e-01
7.023404000000000869e-01 2.051950000000000301e-02 4.719878934887499766e-01
7.050403000000000642e-01 1.108125000000000082e-02 4.755980750000000090e-01
7.084918000000000049e-01 1.521250000000001767e-03 4.775231249999999927e-01
7.167395425000000486e-01 2.490475000000000327e-02 4.720609322500000093e-01
7.171276250000000463e-01 1.536500000000000365e-02 4.775936249999999661e-01
7.201070250000000117e-01 6.370750000000008351e-03 4.816418499999999825e-01
7.272397750000000327e-01 2.953825000000000200e-02 4.790304499999999965e-01
7.298302750000000838e-01 1.955225000000000712e-02 4.812759249999999933e-01
7.320653249999999890e-01 1.049700000000000633e-02 4.849333499999999852e-01
7.378303750000000383e-01 3.356500000000000455e-02 4.859143750000000095e-01
7.404390000000000693e-01 2.414675000000000155e-02 4.877044749999999707e-01
7.432235000000000369e-01 1.490975000000000633e-02 4.900050749999999566e-01
7.503635000000000721e-01 3.600225000000000647e-02 4.912496999999999558e-01
7.509692500000000326e-01 2.828400000000000358e-02 4.943662999999999808e-01
7.534640000000000226e-01 1.895075000000000232e-02 4.970122499999999888e-01
7.590265000000000484e-01 4.107725000000000265e-02 4.992897499999999766e-01
7.600710000000000521e-01 3.253675000000000317e-02 5.019102500000000022e-01
7.628715000000000357e-01 2.368525000000000491e-02 5.050764999999999283e-01
7.663800000000000612e-01 4.573575000000000557e-02 5.076085000000000180e-01
7.679662500000000724e-01 3.659250000000000697e-02 5.109407499999999436e-01
7.702729999999999855e-01 2.780950000000000782e-02 5.144414999999999960e-01
7.784677500000000139e-01 4.867175000000000668e-02 5.173052499999999387e-01
7.762212500000000848e-01 4.037000000000001004e-02 5.200622499999999482e-01
7.748847500000000110e-01 3.228000000000001007e-02 5.246349999999999625e-01
7.789572500000000455e-01 5.000417500000001181e-02 5.282312499999999300e-01
7.771175000000000166e-01 4.417175000000000962e-02 5.313265000000000349e-01
7.766000000000000680e-01 3.534400000000001429e-02 5.351675000000000182e-01
7.715665000000000440e-01 5.543330000000000479e-02 5.418199999999999683e-01
7.726327500000000903e-01 4.589400000000000424e-02 5.429534999999999778e-01
7.730807500000000942e-01 3.650925000000001391e-02 5.447094999999999576e-01
7.642647500000000482e-01 5.471327500000000565e-02 5.502312499999999496e-01
7.659792500000000004e-01 4.540675000000000960e-02 5.508374999999999799e-01
7.670582500000000525e-01 3.614175000000000720e-02 5.518152499999999794e-01
7.540677500000000366e-01 5.227780000000001315e-02 5.537847499999999368e-01
7.566015000000000379e-01 4.328300000000000897e-02 5.541365000000000318e-01
7.585365000000000579e-01 3.423550000000000204e-02 5.547860000000000014e-01
7.462975000000000581e-01 5.024370000000000919e-02 5.601844999999999741e-01
7.493272500000000003e-01 4.144025000000000486e-02 5.602187499999999876e-01
7.521402500000000657e-01 3.254775000000000723e-02 5.602872500000000144e-01
7.365901250000000955e-01 4.598375000000000379e-02 5.602682500000000232e-01
7.409197500000000991e-01 3.740225000000000494e-02 5.602334999999999399e-01
7.455030000000000268e-01 2.983300000000000535e-02 5.614192499999999253e-01
7.275207750000000084e-01 3.727150000000000601e-02 5.597987500000000116e-01
7.330483000000000970e-01 3.091850000000000154e-02 5.625532500000000047e-01
7.390461500000000683e-01 2.413650000000000517e-02 5.659294999999999742e-01
7.230314750000000901e-01 3.211425000000000390e-02 5.591019999999999879e-01
7.250727750000000027e-01 2.195575000000000304e-02 5.608932500000000099e-01
7.251010250000000656e-01 1.455350000000000393e-02 5.608047499999999630e-01
7.178431250000000263e-01 1.886750000000000232e-02 5.635539999999999994e-01
7.225191750000000690e-01 1.072200000000000930e-02 5.605387499999999745e-01
7.270652000000000781e-01 3.962250000000000494e-03 5.569554999999999367e-01
7.114948750000000821e-01 6.234250000000010616e-03 5.674492500000000161e-01
7.173105250000000321e-01 -4.585000000000005738e-04 5.637232500000000091e-01
7.232817000000000274e-01 -6.525499999999989642e-03 5.599414999999999809e-01
7.037050250000000950e-01 -4.595749999999995672e-03 5.658369999999999234e-01
7.105940750000000472e-01 -9.688000000000002165e-03 5.624187499999999673e-01
7.172290750000001047e-01 -1.495549999999999657e-02 5.588827499999999837e-01
6.971047500000000507e-01 -1.259174999999999878e-02 5.584590000000000387e-01
7.042343750000000790e-01 -1.702649999999999997e-02 5.559049999999999825e-01
7.108669499999999974e-01 -2.182099999999999318e-02 5.529435000000000322e-01
6.918471000000000481e-01 -1.706574999999999065e-02 5.483537499999999731e-01
6.985852750000000055e-01 -2.193824999999999248e-02 5.462354999999999849e-01
7.048440750000000143e-01 -2.726649999999999907e-02 5.434867500000000184e-01
6.834105000000000318e-01 -2.387399999999999245e-02 5.397797500000000026e-01
6.900320750000000780e-01 -2.912949999999998874e-02 5.374394999999999589e-01
6.974095750000000038e-01 -3.337524999999999520e-02 5.336732499999999879e-01
6.752085000000001003e-01 -3.149724999999999053e-02 5.313780000000000170e-01
6.819225000000000980e-01 -3.567274999999998919e-02 5.282272500000000370e-01
6.883392500000000691e-01 -3.986999999999998878e-02 5.246947499999999875e-01
6.659472500000001016e-01 -3.692924999999999680e-02 5.213185000000000180e-01
6.723947500000000410e-01 -4.112024999999999708e-02 5.182434999999999681e-01
6.786060000000000425e-01 -4.532724999999999949e-02 5.149209999999999621e-01
6.569152500000000616e-01 -4.329600000000000115e-02 5.120175000000000143e-01
6.635477499999999917e-01 -4.722674999999999790e-02 5.095709999999999962e-01
6.700737500000000235e-01 -5.126300000000000301e-02 5.068667500000000325e-01
6.491070000000001006e-01 -4.768999999999999628e-02 5.005092500000000166e-01
6.560072500000000417e-01 -5.145949999999999136e-02 4.987674999999999748e-01
6.627967500000000456e-01 -5.532699999999998730e-02 4.966121000000000008e-01
6.433720000000000550e-01 -4.947825000000000140e-02 4.871379750000000008e-01
6.504620000000000957e-01 -5.318100000000000604e-02 4.862805499999999781e-01
6.573312500000000336e-01 -5.697800000000000087e-02 4.846842000000000095e-01
6.414475000000000593e-01 -4.932174999999999754e-02 4.776389999999999803e-01
6.481385000000000618e-01 -5.300925000000000775e-02 4.763247250000000044e-01
6.549504999999999910e-01 -5.647525000000000461e-02 4.747216499999999950e-01
6.426785000000000414e-01 -4.294499999999999706e-02 4.704181249999999648e-01
6.492295000000000149e-01 -4.653949999999999754e-02 4.689186750000000070e-01
6.559872500000000217e-01 -4.985774999999999235e-02 4.675714249999999850e-01
6.467072500000000668e-01 -3.359224999999999017e-02 4.680695249999999863e-01
6.533275000000000610e-01 -3.683824999999998906e-02 4.664519749999999632e-01
6.601190000000000113e-01 -3.985524999999999485e-02 4.649655500000000052e-01
6.515432500000000182e-01 -2.415499999999999592e-02 4.708530449999999701e-01
6.582695000000000629e-01 -2.693524999999999392e-02 4.690336250000000096e-01
6.650225000000000719e-01 -2.957674999999999887e-02 4.672321749999999718e-01
6.549887500000000085e-01 -1.304199999999999804e-02 4.694015249999999861e-01
6.616752500000000481e-01 -1.575150000000000161e-02 4.676252499999999923e-01
6.683840000000000892e-01 -1.819474999999999565e-02 4.658673999999999871e-01
6.601622500000000615e-01 -2.069999999999988516e-04 4.685192499999999982e-01
6.665285000000000792e-01 -3.294999999999992379e-03 4.668590249999999831e-01
6.730262500000000481e-01 -5.971249999999997393e-03 4.651179249999999876e-01
6.673030000000000905e-01 1.266250000000000708e-02 4.679516499999999968e-01
6.730107499999999909e-01 1.006900000000000850e-02 4.678322749999999641e-01
6.791722500000000329e-01 7.191000000000002945e-03 4.655417749999999910e-01
6.760475000000000234e-01 2.543500000000000622e-02 4.680358499999999755e-01
6.805437500000000028e-01 2.301500000000000767e-02 4.691783499999999663e-01
6.860710000000000974e-01 2.023200000000000692e-02 4.667820999999999776e-01
6.849410000000000220e-01 3.894925000000000470e-02 4.714109699999999847e-01
6.888239999999999919e-01 3.599450000000000566e-02 4.723335375000000114e-01
6.940339250000000515e-01 3.261850000000000166e-02 4.696157974999999873e-01
6.930617000000000028e-01 5.154620000000000035e-02 4.777794249999999798e-01
6.977907750000000853e-01 4.800475000000000575e-02 4.752267499999999756e-01
7.030746750000000933e-01 4.438300000000000578e-02 4.723093824999999857e-01
7.022066500000000433e-01 6.273667500000000563e-02 4.812212249999999747e-01
7.073698500000000777e-01 5.915667500000000578e-02 4.782902499999999724e-01
7.125161875000000089e-01 5.551999999999999991e-02 4.753122499999999917e-01
7.083448750000000960e-01 7.250080250000000281e-02 4.833204249999999980e-01
7.136252075000000250e-01 6.925305000000001043e-02 4.803957500000000103e-01
7.187348000000000070e-01 6.577752500000000335e-02 4.774200999999999584e-01
7.154845950000000565e-01 8.295494999999999952e-02 4.840048249999999719e-01
7.199733249999999973e-01 7.928365000000001106e-02 4.812213499999999922e-01
7.248004250000000814e-01 7.572034500000000834e-02 4.782211249999999692e-01
7.252732250000000214e-01 9.202542500000000791e-02 4.867685999999999957e-01
7.285798500000000288e-01 8.729607500000000075e-02 4.837234749999999583e-01
7.323331750000000584e-01 8.300775000000000514e-02 4.804669249999999892e-01
7.349565250000000827e-01 9.961800000000001210e-02 4.846514749999999982e-01
7.375828250000000530e-01 9.413625000000000465e-02 4.816359749999999940e-01
7.404927500000000329e-01 8.901217499999999894e-02 4.783829749999999881e-01
7.477770000000000250e-01 1.030945000000000056e-01 4.830655749999999693e-01
7.491362500000000590e-01 9.736152500000000432e-02 4.801889500000000033e-01
7.507775000000000976e-01 9.165407500000000152e-02 4.767967499999999914e-01
7.588592499999999852e-01 1.002187500000000092e-01 4.867143749999999769e-01
7.595077500000000370e-01 9.628530000000000422e-02 4.845621749999999839e-01
7.605332500000000495e-01 9.151405000000001344e-02 4.814703499999999914e-01
7.590302500000000174e-01 9.538262500000001254e-02 4.911479499999999998e-01
7.658177500000000748e-01 9.503447500000000714e-02 4.883752749999999976e-01
7.727037500000000225e-01 9.481165000000001120e-02 4.850226249999999850e-01
7.638227499999999948e-01 9.269942500000000196e-02 4.991764999999999675e-01
7.697580000000000533e-01 9.241485000000000671e-02 4.961648999999999643e-01
7.774752500000000621e-01 9.118192500000001088e-02 4.927669749999999960e-01
7.673039999999999861e-01 8.685240000000001015e-02 5.066537500000000138e-01
7.733385000000000398e-01 8.605017500000000652e-02 5.042419999999999680e-01
7.796374999999999833e-01 8.463850000000000540e-02 5.021740000000000093e-01
7.693885000000000307e-01 7.773377500000000495e-02 5.125772499999999843e-01
7.751160000000000272e-01 7.665775000000001060e-02 5.105212499999999265e-01
7.798175000000000523e-01 7.585086500000000342e-02 5.087702499999999795e-01
7.686962500000000809e-01 6.665842500000000725e-02 5.156819999999999737e-01
7.741999999999999993e-01 6.528012500000000828e-02 5.137807500000000083e-01
7.750832500000000014e-01 6.513250000000000983e-02 5.128669999999999618e-01
7.699485000000000356e-01 5.825390000000001123e-02 5.213512499999999328e-01
7.733547500000000907e-01 5.623825000000000351e-02 5.190344999999999542e-01
7.731447500000000472e-01 5.332305000000001072e-02 5.168067499999999814e-01
7.671102499999999935e-01 4.761900000000000854e-02 5.220144999999999369e-01
7.707522500000000276e-01 4.494100000000000872e-02 5.200462499999999322e-01
7.723705000000000709e-01 4.202500000000001373e-02 5.183562499999999629e-01
7.636065000000000769e-01 3.911100000000000687e-02 5.190582499999999433e-01
7.661737500000000978e-01 3.562400000000000289e-02 5.178317500000000351e-01
7.707247500000000695e-01 3.177500000000000463e-02 5.157509999999999595e-01
7.597022500000000234e-01 3.380600000000000271e-02 5.094589999999999952e-01
7.615600000000000147e-01 3.157100000000000184e-02 5.098437499999999289e-01
7.630800000000000916e-01 2.546150000000000496e-02 5.089252499999999957e-01
7.495435000000000292e-01 3.222025000000000583e-02 5.058755000000000335e-01
7.516347500000000181e-01 2.739000000000000462e-02 5.035872500000000418e-01
7.541039999999999965e-01 2.266125000000000778e-02 5.009287500000000337e-01
7.429282500000000677e-01 3.395475000000000576e-02 4.984669999999999934e-01
7.442450000000000454e-01 2.920250000000000623e-02 4.951950249999999554e-01
7.454782500000000089e-01 2.448225000000000401e-02 4.918125999999999887e-01
7.353539000000000048e-01 3.783975000000000533e-02 4.926271249999999990e-01
7.360597500000000126e-01 3.366350000000000592e-02 4.883717999999999670e-01
7.363688750000000338e-01 2.950225000000000763e-02 4.850338999999999623e-01
7.288524500000000961e-01 4.316500000000000892e-02 4.878489999999999771e-01
7.284761000000000708e-01 3.929825000000000679e-02 4.834998749999999679e-01
7.272915000000000907e-01 3.537300000000000166e-02 4.827651499999999762e-01
7.216795750000000176e-01 4.964150000000000507e-02 4.858452999999999800e-01
7.199119250000000081e-01 4.598150000000000848e-02 4.821860499999999772e-01
7.184722749999999936e-01 4.179200000000000276e-02 4.813385249999999616e-01
7.139458600000000432e-01 5.499847500000000500e-02 4.857759499999999564e-01
7.113758500000000318e-01 5.181317500000000298e-02 4.815175999999999901e-01
7.090418000000000553e-01 4.779650000000000565e-02 4.798735249999999675e-01
7.066972750000000136e-01 5.931257500000000626e-02 4.899609249999999916e-01
7.035506750000000142e-01 5.640180000000000193e-02 4.858533749999999762e-01
7.002992500000000398e-01 5.351162500000000710e-02 4.818627749999999654e-01
7.006510000000000238e-01 6.113725000000000409e-02 4.964959250000000046e-01
6.968730250000000348e-01 5.829807500000000475e-02 4.927927500000000016e-01
6.931201250000000869e-01 5.539580000000000892e-02 4.891116999999999826e-01
6.970998999999999945e-01 6.061995000000000577e-02 5.045264999999999889e-01
6.927955500000000377e-01 5.752487500000000309e-02 5.015732499999999705e-01
6.885537500000000755e-01 5.440742500000000925e-02 4.985667500000000030e-01
6.967163000000000661e-01 5.831877500000000325e-02 5.129439999999999555e-01
6.921998000000000317e-01 5.474182500000000784e-02 5.108482500000000037e-01
6.877152500000000002e-01 5.110110000000000346e-02 5.088059999999999805e-01
6.994040500000000549e-01 5.490990000000000454e-02 5.208882499999999416e-01
6.949830000000000174e-01 5.075182500000000041e-02 5.194557499999999939e-01
6.905866250000000095e-01 4.663225000000000009e-02 5.179942499999999894e-01
7.045081250000000406e-01 5.074780000000000957e-02 5.278187500000000032e-01
7.002858250000000284e-01 4.621150000000000257e-02 5.266929999999999668e-01
6.960793250000000265e-01 4.168550000000000727e-02 5.254449999999999399e-01
7.110419500000000337e-01 4.631500000000000894e-02 5.336137499999999978e-01
7.070600750000000101e-01 4.139375000000000693e-02 5.325044999999999362e-01
7.031262500000000637e-01 3.652200000000000585e-02 5.312679999999999625e-01
7.168095750000000876e-01 4.228875000000000689e-02 5.403145000000000309e-01
7.129425974999999971e-01 3.704200000000000548e-02 5.392829999999999568e-01
7.091423250000000733e-01 3.186525000000000468e-02 5.381962499999999316e-01
7.212101000000000761e-01 3.821225000000000316e-02 5.484302500000000080e-01
7.174328750000000809e-01 3.303850000000000536e-02 5.471924999999999706e-01
7.137922475000000322e-01 2.762425000000000297e-02 5.463762500000000077e-01
7.247142000000000861e-01 3.702825000000000560e-02 5.560389999999999500e-01
7.209080000000001043e-01 3.146875000000000366e-02 5.548482500000000428e-01
7.171559000000000683e-01 2.597725000000000728e-02 5.535747500000000043e-01
7.299515250000000455e-01 3.313150000000000123e-02 5.609315000000000273e-01
7.258241500000000013e-01 2.803325000000000261e-02 5.594669999999999366e-01
7.216228000000000087e-01 2.286350000000000188e-02 5.574409999999999643e-01
7.371155000000000346e-01 2.737250000000000794e-02 5.634402499999999758e-01
7.318357500000000071e-01 2.341075000000000794e-02 5.627647499999999248e-01
7.269180250000000232e-01 1.788100000000000800e-02 5.604762500000000092e-01
7.450710000000000388e-01 2.048975000000000796e-02 5.683570000000000011e-01
7.373122000000000842e-01 1.585750000000000354e-02 5.660830000000000028e-01
7.296411000000000424e-01 1.106950000000000989e-02 5.650762499999999466e-01
7.531562500000000826e-01 1.257450000000000234e-02 5.696167500000000050e-01
7.417857500000000215e-01 8.276500000000006074e-03 5.684367499999999351e-01
7.326710500000001014e-01 4.474749999999999561e-03 5.667389999999999928e-01
7.572205000000000741e-01 2.693250000000008137e-03 5.700537500000000257e-01
7.460452500000001042e-01 3.380000000000049631e-04 5.680897499999999489e-01
7.358901000000001025e-01 -2.052249999999991581e-03 5.659602499999999425e-01
7.583945000000000825e-01 -4.878250000000000641e-03 5.683234999999999815e-01
7.505460000000000464e-01 -8.172249999999992021e-03 5.666902499999999510e-01
7.435015000000000374e-01 -1.216325000000000045e-02 5.646287500000000126e-01
7.629380000000000051e-01 -1.125699999999998924e-02 5.654405000000000125e-01
7.574705000000000465e-01 -1.541624999999999246e-02 5.634262500000000173e-01
7.521757500000000318e-01 -1.898849999999999150e-02 5.611469999999999514e-01
7.689567500000000777e-01 -1.546799999999999564e-02 5.608162500000000161e-01
7.659520000000000772e-01 -2.013999999999999124e-02 5.587632499999999336e-01
7.632360000000000255e-01 -2.440849999999999964e-02 5.561180000000000012e-01
7.758502500000000746e-01 -1.656900000000000039e-02 5.564304999999999390e-01
7.761362500000000830e-01 -2.090449999999999253e-02 5.528569999999999318e-01
7.765867500000001034e-01 -2.494724999999999027e-02 5.489684999999999704e-01
7.824902500000000538e-01 -1.234749999999999737e-02 5.533612500000000267e-01
7.850272500000000653e-01 -1.494174999999998976e-02 5.489209999999999923e-01
7.875635000000000829e-01 -1.761699999999999378e-02 5.441059999999999786e-01
7.863517500000000160e-01 -4.682749999999999413e-03 5.503040000000000154e-01
7.896922500000000955e-01 -5.426249999999993578e-03 5.452580000000000204e-01
7.930222500000000396e-01 -6.121500000000001940e-03 5.401362499999999844e-01
7.864517500000000050e-01 5.535499999999998755e-03 5.466864999999999641e-01
7.893382500000000190e-01 5.333249999999997715e-03 5.412862499999999688e-01
7.922347499999999876e-01 5.197750000000000981e-03 5.357969999999999677e-01
7.824722500000000913e-01 1.501875000000001126e-02 5.416617499999999419e-01
7.851687500000000819e-01 1.503775000000000944e-02 5.362637500000000390e-01
7.878932499999999894e-01 1.508675000000000987e-02 5.308467500000000339e-01
7.751162500000000621e-01 2.229675000000001100e-02 5.353065000000000184e-01
7.780852500000000616e-01 2.211350000000000815e-02 5.298419999999999241e-01
7.811062500000000020e-01 2.196450000000001179e-02 5.243339999999999668e-01
7.694762500000000838e-01 3.160825000000000440e-02 5.295735000000000303e-01
7.723530000000000673e-01 3.127600000000001212e-02 5.242759999999999643e-01
7.730447500000000582e-01 2.971875000000000905e-02 5.201654999999999474e-01
7.656697500000000378e-01 4.260525000000000423e-02 5.245259999999999367e-01
7.646090000000000941e-01 4.128975000000000700e-02 5.204349999999999810e-01
7.645152500000000906e-01 4.141175000000000411e-02 5.200077499999999908e-01
7.641192500000000276e-01 5.424495000000000705e-02 5.181442499999999729e-01
7.668167500000000469e-01 5.235020000000000645e-02 5.130780000000000340e-01
7.688702500000000883e-01 5.098920000000001229e-02 5.085457500000000186e-01
7.669650000000000079e-01 6.567320000000001490e-02 5.122837499999999267e-01
7.695047500000000706e-01 6.283502500000000268e-02 5.075604999999999700e-01
7.709130000000000704e-01 6.103260000000000629e-02 5.036282499999999995e-01
7.736022500000000468e-01 7.626105500000000814e-02 5.065119999999999623e-01
7.754585000000000505e-01 7.229689500000001379e-02 5.023087499999999705e-01
7.753590000000000204e-01 6.959122500000000655e-02 4.976824999999999721e-01
7.819057500000000660e-01 8.441447500000000270e-02 4.995874999999999622e-01
7.829077500000000134e-01 7.966710000000000458e-02 4.960709249999999959e-01
7.840972500000000789e-01 7.479916000000000342e-02 4.924249499999999724e-01
7.926642500000000702e-01 8.986017500000001434e-02 4.940712499999999618e-01
7.929697500000000288e-01 8.464490000000000902e-02 4.908118499999999940e-01
7.933655000000000568e-01 7.940690000000000248e-02 4.875435750000000068e-01
8.048965000000000147e-01 9.246372500000001049e-02 4.907224000000000030e-01
8.047502500000000003e-01 8.718202500000001021e-02 4.875834249999999592e-01
8.046412500000000856e-01 8.191592500000001442e-02 4.844737999999999545e-01
8.181519999999999904e-01 9.247950000000002002e-02 4.889757499999999868e-01
8.170997500000000136e-01 8.725730000000000985e-02 4.859584249999999717e-01
8.160772500000000873e-01 8.202970000000001094e-02 4.829641499999999810e-01
8.313942500000000013e-01 8.950062500000001420e-02 4.885888749999999781e-01
8.293795000000000472e-01 8.449125000000001773e-02 4.855948249999999522e-01
8.273700000000000498e-01 7.943722500000001407e-02 4.826014249999999728e-01
8.433987499999999748e-01 8.480145000000001432e-02 4.895317249999999731e-01
8.409410000000000496e-01 7.982030000000001069e-02 4.864529999999999688e-01
8.384952500000000253e-01 7.481739500000000875e-02 4.833970249999999802e-01
8.543802500000000633e-01 7.940240000000001186e-02 4.913372749999999622e-01
8.517350000000000199e-01 7.446060500000001303e-02 4.882053999999999561e-01
8.492167500000000757e-01 6.946557500000001550e-02 4.851293999999999884e-01
8.649170000000000469e-01 7.352970250000001595e-02 4.938716499999999954e-01
8.621852500000000141e-01 6.856755000000001876e-02 4.905261999999999678e-01
8.595470000000000610e-01 6.356167500000001191e-02 4.872597249999999769e-01
8.748595000000000121e-01 6.743222500000001229e-02 4.965119999999999534e-01
8.719875000000000265e-01 6.249490000000001294e-02 4.929646249999999896e-01
8.692102500000000731e-01 5.750145000000001644e-02 4.895147249999999839e-01
8.840627500000000083e-01 6.086760000000001475e-02 5.003449999999999287e-01
8.808457499999999829e-01 5.596215000000001605e-02 4.965638499999999733e-01
8.777000000000000357e-01 5.097437500000001620e-02 4.929158749999999478e-01
8.908460000000000267e-01 5.417392500000001165e-02 5.047317499999999235e-01
8.870017500000000332e-01 4.935277500000001538e-02 5.005404999999999438e-01
8.831232500000000263e-01 4.444325000000001746e-02 4.964275499999999952e-01
8.991782500000000677e-01 4.786975000000001645e-02 5.063885000000000192e-01
8.943622500000000253e-01 4.286500000000001420e-02 5.016992499999999300e-01
8.894482500000000513e-01 3.775050000000002015e-02 4.969519499999999756e-01
9.069907500000000677e-01 4.221125000000001959e-02 5.065132500000000260e-01
9.014550000000000063e-01 3.690850000000001768e-02 5.014632500000000270e-01
8.955812499999999954e-01 3.152275000000001604e-02 4.961392499999999761e-01
9.170087500000000391e-01 3.867700000000001692e-02 5.069162499999999572e-01
9.097797499999999982e-01 3.275425000000001946e-02 5.009405000000000108e-01
9.022725000000000328e-01 2.702975000000001904e-02 4.949360499999999607e-01
9.251897500000000329e-01 3.771100000000001534e-02 5.052864999999999718e-01
9.193817500000001086e-01 2.957650000000001944e-02 5.014210000000000056e-01
9.129035000000000899e-01 2.204325000000002116e-02 4.974424999999999542e-01
9.335080000000000044e-01 3.274525000000001740e-02 5.075167499999999610e-01
9.287472500000000242e-01 2.591950000000001891e-02 5.042757499999999116e-01
9.234085000000000765e-01 1.899450000000001831e-02 5.008662499999999573e-01
9.425152500000000266e-01 2.630300000000002081e-02 5.096312499999999801e-01
9.381805000000000838e-01 1.996950000000001502e-02 5.066729999999999290e-01
9.335649999999999782e-01 1.353325000000001749e-02 5.036344999999999850e-01
9.560680000000000289e-01 7.163500000000017076e-03 5.108829999999999760e-01
