4.786932500000000701e-01 -6.366225000000003131e-02 4.645792000000000255e-01
5.229970000000000452e-01 -5.003075000000001271e-02 4.647153499999999715e-01
5.235297500000000159e-01 -6.246424999999999894e-02 4.652886749999999849e-01
5.236172500000000340e-01 -7.490700000000000136e-02 4.654922750000000109e-01
5.343467500000000925e-01 -4.950125000000001052e-02 4.649202749999999940e-01
5.354425000000000434e-01 -6.220200000000000728e-02 4.655807000000000140e-01
5.350542500000000645e-01 -7.502724999999998978e-02 4.657148749999999726e-01
5.437932500000000058e-01 -4.935200000000000697e-02 4.650791249999999821e-01
5.471925000000000816e-01 -6.202774999999999261e-02 4.658005499999999799e-01
5.500232500000000746e-01 -7.377475000000000005e-02 4.662571749999999682e-01
5.566950000000000509e-01 -4.832150000000000334e-02 4.660781749999999835e-01
5.600140000000000118e-01 -6.009649999999999714e-02 4.667746749999999722e-01
5.630100000000000104e-01 -7.119349999999999290e-02 4.671826250000000180e-01
5.678912500000000696e-01 -4.559775000000000633e-02 4.689222499999999849e-01
5.709677500000001071e-01 -5.686800000000000188e-02 4.695133449999999709e-01
5.742812500000000764e-01 -6.756750000000000256e-02 4.699665799999999671e-01
5.798872500000000763e-01 -4.219075000000001296e-02 4.692660249999999755e-01
5.824507500000000171e-01 -5.319199999999998929e-02 4.698023625000000147e-01
5.853327500000000683e-01 -6.394674999999999665e-02 4.702811100000000022e-01
5.908712500000000700e-01 -3.835350000000001258e-02 4.679402249999999874e-01
5.940607500000000263e-01 -4.902300000000001101e-02 4.684534999999999672e-01
5.975187500000000984e-01 -5.974750000000000894e-02 4.689473000000000114e-01
6.030757500000000215e-01 -3.330474999999999408e-02 4.676676499999999903e-01
6.064180000000000126e-01 -4.352799999999999725e-02 4.682390249999999754e-01
6.102790000000000159e-01 -5.390999999999998571e-02 4.687100499999999892e-01
6.131237500000000784e-01 -2.720324999999999827e-02 4.672566750000000102e-01
6.175130000000000896e-01 -3.723174999999999402e-02 4.679821750000000002e-01
6.217450000000001031e-01 -4.744324999999999237e-02 4.684351250000000078e-01
6.228822500000000817e-01 -2.079849999999999755e-02 4.668216499999999769e-01
6.277470000000000550e-01 -3.063199999999999257e-02 4.676572250000000097e-01
6.325547500000000545e-01 -4.032124999999998904e-02 4.682818999999999732e-01
6.324060000000000237e-01 -1.367324999999999791e-02 4.674421249999999861e-01
6.380255000000000232e-01 -2.305249999999998967e-02 4.685169249999999730e-01
6.430502500000000454e-01 -3.255474999999999342e-02 4.695384025000000072e-01
6.422422500000000145e-01 -6.177749999999995745e-03 4.693850999999999996e-01
6.479067500000000868e-01 -1.522574999999999623e-02 4.703348450000000014e-01
6.532282500000000658e-01 -2.418599999999999917e-02 4.713068300000000099e-01
6.536090000000001066e-01 2.134750000000004699e-03 4.733935575000000062e-01
6.589234999999999953e-01 -6.892999999999996352e-03 4.722514274999999873e-01
6.643822500000000630e-01 -1.471074999999999466e-02 4.732151674999999780e-01
6.643702500000000510e-01 1.005899999999999850e-02 4.716164024999999760e-01
6.696954999999999991e-01 7.725000000000092903e-04 4.710390975000000036e-01
6.751005000000001033e-01 -7.903750000000001052e-03 4.714685299999999968e-01
6.767442500000000472e-01 1.674650000000000444e-02 4.723200499999999913e-01
6.807950000000000390e-01 7.587000000000010402e-03 4.730197124999999669e-01
6.853555000000000064e-01 -1.353750000000000786e-03 4.745085249999999588e-01
6.895707500000000101e-01 2.275450000000000389e-02 4.726443949999999949e-01
6.931355750000000038e-01 1.307000000000000522e-02 4.738307900000000017e-01
6.968746500000000399e-01 3.621750000000006908e-03 4.748710999999999904e-01
7.029498750000000573e-01 2.713225000000000359e-02 4.709650249999999816e-01
7.057217500000000365e-01 1.734125000000000250e-02 4.733492649999999635e-01
7.090028999999999915e-01 7.540749999999998843e-03 4.738752199999999859e-01
7.172660250000000293e-01 3.094000000000000222e-02 4.691362249999999623e-01
7.180024000000000406e-01 2.095450000000000784e-02 4.737611774999999636e-01
7.210836999999999941e-01 1.153300000000000158e-02 4.765481249999999891e-01
7.285372750000000952e-01 3.451375000000000276e-02 4.750918249999999676e-01
7.310395750000000525e-01 2.430875000000000397e-02 4.760739749999999826e-01
7.333040250000000260e-01 1.490525000000000183e-02 4.786452999999999958e-01
7.394317750000000133e-01 3.747450000000000780e-02 4.815584499999999712e-01
7.419557500000000250e-01 2.788725000000000231e-02 4.822619999999999685e-01
7.447675000000000267e-01 1.842525000000000412e-02 4.833948999999999607e-01
7.517687500000000966e-01 3.922350000000000142e-02 4.867479249999999702e-01
7.523825000000000651e-01 3.123550000000000632e-02 4.890728249999999888e-01
7.549622500000000569e-01 2.171075000000000782e-02 4.908393500000000076e-01
7.596477500000000660e-01 4.347125000000000294e-02 4.952786499999999870e-01
7.609182500000000182e-01 3.478575000000000417e-02 4.972104999999999997e-01
7.638504999999999878e-01 2.578675000000000411e-02 4.997829999999999773e-01
7.658867500000000605e-01 4.767125000000001223e-02 5.043367500000000003e-01
7.677340000000000275e-01 3.838000000000000439e-02 5.070072500000000204e-01
7.701907500000000351e-01 2.941300000000000164e-02 5.100405000000000078e-01
7.765064999999999884e-01 5.038505000000000761e-02 5.148587499999999206e-01
7.747477500000000683e-01 4.179900000000000976e-02 5.169814999999999827e-01
7.734985000000000888e-01 3.331150000000001471e-02 5.209562500000000096e-01
7.757100000000000106e-01 5.102210000000000772e-02 5.255862499999999216e-01
7.741090000000000471e-01 4.496300000000000296e-02 5.283065000000000122e-01
7.738637500000000724e-01 3.593725000000001085e-02 5.318069999999999187e-01
7.665955000000000963e-01 5.541367500000000945e-02 5.379469999999999530e-01
7.683817500000000855e-01 4.615275000000000627e-02 5.393674999999999997e-01
7.694950000000000401e-01 3.696125000000000799e-02 5.413985000000000047e-01
7.595492500000000646e-01 5.478310000000000818e-02 5.459732499999999655e-01
7.616622500000000962e-01 4.563025000000001108e-02 5.468750000000000000e-01
7.632375000000000131e-01 3.651675000000000754e-02 5.482209999999999583e-01
7.498687500000000838e-01 5.238970000000001126e-02 5.492254999999999221e-01
7.525972499999999954e-01 4.347525000000000694e-02 5.498502499999999849e-01
7.549045000000000893e-01 3.456450000000000494e-02 5.510027499999999856e-01
7.425035000000000940e-01 5.070827500000000404e-02 5.553077499999999889e-01
7.456012499999999932e-01 4.193400000000000599e-02 5.557560000000000278e-01
7.486170000000000879e-01 3.309875000000000317e-02 5.562652500000000444e-01
7.333600500000000411e-01 4.666100000000000803e-02 5.548012500000000236e-01
7.376226250000000872e-01 3.806400000000000755e-02 5.553375000000000394e-01
7.420452500000001006e-01 3.048700000000000715e-02 5.570154999999999967e-01
7.249148750000000696e-01 3.863225000000000686e-02 5.537539999999999685e-01
7.297246000000000565e-01 3.183625000000000344e-02 5.572457499999999841e-01
7.356898250000000195e-01 2.485975000000000684e-02 5.604692500000000299e-01
7.199699250000000106e-01 3.318725000000000147e-02 5.530672500000000102e-01
7.217661750000000653e-01 2.283550000000000163e-02 5.552452500000000235e-01
7.219012000000000207e-01 1.521925000000000361e-02 5.549487499999999907e-01
7.144949150000000637e-01 1.950975000000000625e-02 5.579140000000000210e-01
7.192224500000000686e-01 1.123775000000000468e-02 5.552182500000000243e-01
7.237231500000000928e-01 4.366500000000009263e-03 5.516744999999999566e-01
7.084423250000000394e-01 6.446250000000000591e-03 5.628672500000000412e-01
7.143079370000000594e-01 -2.874999999999960920e-04 5.592997499999999844e-01
7.203070000000000306e-01 -6.265499999999993297e-03 5.554412499999999975e-01
7.011794000000000082e-01 -5.722749999999998671e-03 5.634964999999999558e-01
7.081195250000000829e-01 -1.057624999999999538e-02 5.598739999999999828e-01
7.149523700000000037e-01 -1.551424999999999332e-02 5.562072499999999309e-01
6.946044250000000808e-01 -1.648999999999999078e-02 5.591792500000000166e-01
7.019090500000000343e-01 -2.033549999999999247e-02 5.561570000000000125e-01
7.088642000000000554e-01 -2.458674999999999056e-02 5.529907499999999754e-01
6.884422500000000333e-01 -2.489524999999999377e-02 5.518680000000000252e-01
6.955898000000000359e-01 -2.900124999999999231e-02 5.496035000000000226e-01
7.024005000000000942e-01 -3.355724999999999680e-02 5.469889999999999475e-01
6.817867500000001080e-01 -3.096625000000000072e-02 5.422137499999999388e-01
6.890057500000000834e-01 -3.537274999999999447e-02 5.398574999999999902e-01
6.971989000000000658e-01 -3.835349999999999870e-02 5.365849999999999786e-01
6.755857500000000959e-01 -3.829499999999999571e-02 5.326079999999999703e-01
6.830597500000000766e-01 -4.122974999999999557e-02 5.297987499999999850e-01
6.903396500000000824e-01 -4.415349999999999830e-02 5.266387499999999333e-01
6.686627500000000834e-01 -4.336849999999999039e-02 5.218015000000000292e-01
6.759107500000000046e-01 -4.628799999999999581e-02 5.190249999999999586e-01
6.830522500000000274e-01 -4.914374999999999993e-02 5.160709999999999464e-01
6.618222500000000563e-01 -4.655824999999999547e-02 5.094492499999999646e-01
6.690995000000000692e-01 -4.935249999999999360e-02 5.072384999999999255e-01
6.763352500000000544e-01 -5.222874999999999046e-02 5.048099999999999810e-01
6.561460000000000070e-01 -4.770175000000000110e-02 4.960412750000000037e-01
6.635817500000000813e-01 -5.043049999999998922e-02 4.944959250000000028e-01
6.709762500000000518e-01 -5.322450000000000792e-02 4.926103000000000010e-01
6.521912500000000001e-01 -4.631649999999999656e-02 4.819495749999999634e-01
6.597332500000000488e-01 -4.907874999999999044e-02 4.812289249999999741e-01
6.671560000000000823e-01 -5.185275000000000301e-02 4.798825749999999779e-01
6.511087500000000139e-01 -4.415974999999999762e-02 4.724883149999999921e-01
6.583280000000000243e-01 -4.672824999999999895e-02 4.712392499999999984e-01
6.656652500000000972e-01 -4.907449999999999313e-02 4.698448825000000051e-01
6.516985000000000694e-01 -3.653424999999999034e-02 4.664724249999999683e-01
6.588870000000000005e-01 -3.871700000000000141e-02 4.651326000000000072e-01
6.661817500000000170e-01 -4.065674999999999151e-02 4.639729999999999688e-01
6.538985000000000491e-01 -2.625874999999999737e-02 4.656169000000000002e-01
6.611107500000000803e-01 -2.800249999999999961e-02 4.642103999999999675e-01
6.684155000000000513e-01 -2.954500000000000182e-02 4.629431499999999700e-01
6.563862500000000599e-01 -1.630724999999999536e-02 4.694724499999999856e-01
6.636282500000000306e-01 -1.751824999999999910e-02 4.679278000000000048e-01
6.708510000000000861e-01 -1.859949999999999104e-02 4.663936499999999929e-01
6.573780000000000179e-01 -4.551749999999993301e-03 4.688452249999999766e-01
6.645352500000000218e-01 -5.747499999999988729e-03 4.672717000000000120e-01
6.716315000000000479e-01 -6.748749999999997806e-03 4.656678249999999797e-01
6.592942500000000816e-01 9.122000000000005104e-03 4.671694499999999861e-01
6.662445000000000173e-01 7.484249999999997849e-03 4.656210499999999808e-01
6.731647500000000894e-01 6.054000000000003823e-03 4.640260749999999823e-01
6.630710000000000770e-01 2.211575000000000346e-02 4.660658999999999774e-01
6.691192500000000543e-01 2.036950000000000566e-02 4.660976000000000008e-01
6.756667500000000937e-01 1.835600000000000426e-02 4.639653249999999840e-01
6.697077500000000461e-01 3.462300000000000794e-02 4.664469250000000122e-01
6.741894999999999971e-01 3.227875000000000189e-02 4.677931249999999763e-01
6.800172500000000175e-01 3.007075000000000720e-02 4.655998000000000081e-01
6.766062500000000757e-01 4.627200000000000063e-02 4.714734924999999799e-01
6.805485000000000007e-01 4.339250000000000052e-02 4.724606574999999919e-01
6.859764999999999890e-01 4.049675000000000497e-02 4.697240724999999784e-01
6.837155000000000316e-01 5.611979999999999746e-02 4.805739749999999866e-01
6.883802500000000268e-01 5.282247500000000762e-02 4.776104999999999934e-01
6.936922000000000921e-01 4.958057500000000173e-02 4.743343674999999648e-01
6.924031999999999965e-01 6.434650000000000092e-02 4.863356749999999673e-01
6.972750000000000892e-01 6.089310000000000556e-02 4.828191000000000010e-01
7.023029000000000632e-01 5.754257500000000553e-02 4.793122750000000099e-01
7.001639750000000495e-01 7.448395500000000446e-02 4.881485999999999881e-01
7.050916999999999879e-01 7.126160000000000827e-02 4.845887999999999862e-01
7.098483750000000869e-01 6.787417500000000881e-02 4.809795499999999779e-01
7.085966500000000501e-01 8.512302500000000494e-02 4.883098499999999897e-01
7.127044600000000951e-01 8.146785000000000831e-02 4.849469249999999731e-01
7.171338000000000434e-01 7.792179999999999940e-02 4.813457999999999903e-01
7.196885750000000526e-01 9.419467500000000548e-02 4.904133749999999847e-01
7.225479250000000908e-01 8.956295000000000228e-02 4.867956749999999833e-01
7.258415249999999874e-01 8.531072500000000391e-02 4.830594999999999750e-01
7.318507750000000645e-01 9.840777500000000289e-02 4.933378999999999959e-01
7.339112000000000968e-01 9.328485000000000249e-02 4.893812750000000045e-01
7.361950000000000438e-01 8.851265000000001215e-02 4.852257249999999966e-01
7.454995000000000926e-01 1.016735000000000000e-01 4.913144499999999582e-01
7.462857500000000810e-01 9.631685000000000940e-02 4.875827749999999683e-01
7.472710000000000186e-01 9.103635000000001587e-02 4.833385000000000042e-01
7.579255000000000297e-01 9.895059999999999967e-02 4.929285749999999799e-01
7.581752500000000783e-01 9.521290000000000309e-02 4.903116499999999878e-01
7.586012500000000047e-01 9.079440000000001121e-02 4.865949999999999998e-01
7.599172499999999886e-01 9.394680000000001086e-02 4.971994999999999609e-01
7.658332500000000209e-01 9.419597500000001511e-02 4.927239499999999661e-01
7.717362500000000125e-01 9.453655000000001085e-02 4.876365749999999610e-01
7.674337500000000256e-01 9.165485000000000992e-02 5.033079999999999776e-01
7.725985000000000769e-01 9.166967500000000602e-02 4.989867499999999789e-01
7.792787500000000200e-01 9.082952500000000817e-02 4.939019999999999522e-01
7.721677500000000416e-01 8.583170000000001076e-02 5.095107500000000122e-01
7.775455000000000005e-01 8.501642500000000657e-02 5.058612499999999290e-01
7.831772500000000470e-01 8.350395000000000734e-02 5.024330000000000185e-01
7.748127500000000500e-01 7.640595250000001282e-02 5.143299999999999539e-01
7.799292500000000183e-01 7.519834000000000240e-02 5.110917499999999558e-01
7.841292499999999999e-01 7.430960750000001336e-02 5.083659999999999846e-01
7.737152500000000765e-01 6.524367500000000097e-02 5.167212500000000208e-01
7.786227500000000301e-01 6.368440000000000212e-02 5.136987499999999818e-01
7.793137500000000273e-01 6.357647500000000729e-02 5.126054999999999362e-01
7.748525000000000551e-01 5.654227500000000295e-02 5.214879999999999516e-01
7.775562500000000599e-01 5.432077500000000864e-02 5.185324999999999518e-01
7.765770000000000728e-01 5.162037500000001000e-02 5.162309999999999954e-01
7.701090000000000435e-01 4.664500000000000590e-02 5.222964999999999414e-01
7.735585000000000377e-01 4.339225000000000720e-02 5.193532499999999885e-01
7.744510000000000005e-01 4.040475000000001010e-02 5.172827500000000134e-01
7.642640000000000544e-01 3.905025000000000163e-02 5.197724999999999707e-01
7.674690000000000678e-01 3.484400000000000691e-02 5.173655000000000337e-01
7.712857499999999922e-01 3.080625000000001418e-02 5.145429999999999726e-01
7.597010000000000707e-01 3.387800000000000533e-02 5.095627499999999532e-01
7.614477500000000898e-01 3.149425000000000141e-02 5.097705000000000153e-01
7.626395000000000257e-01 2.535900000000000654e-02 5.086530000000000218e-01
7.487657500000000077e-01 3.235800000000000481e-02 5.068432499999999674e-01
7.507782500000000914e-01 2.748575000000000323e-02 5.045435000000000336e-01
7.530480000000000507e-01 2.273525000000000545e-02 5.017205000000000137e-01
7.414802500000000629e-01 3.372825000000000129e-02 4.998205000000000009e-01
7.426847500000000046e-01 2.889675000000000576e-02 4.966135250000000001e-01
7.438127500000000225e-01 2.405875000000000374e-02 4.933727499999999710e-01
7.331750750000000094e-01 3.711950000000000666e-02 4.939592499999999609e-01
7.340603750000000982e-01 3.277050000000000796e-02 4.898888750000000014e-01
7.346842000000000095e-01 2.849025000000000168e-02 4.863324499999999717e-01
7.263175500000000895e-01 4.191900000000000487e-02 4.887497749999999974e-01
7.262098000000000164e-01 3.776750000000000246e-02 4.846579249999999894e-01
7.252531250000000540e-01 3.374100000000000710e-02 4.841765000000000096e-01
7.187613500000000766e-01 4.785525000000000195e-02 4.859017999999999948e-01
7.173537250000000531e-01 4.381875000000000353e-02 4.824686249999999843e-01
7.161702175000000947e-01 3.950025000000000758e-02 4.818887249999999622e-01
7.106315500000000007e-01 5.272572500000000106e-02 4.849033999999999844e-01
7.085040750000000109e-01 4.905200000000000532e-02 4.808038249999999625e-01
7.064969250000000534e-01 4.477450000000000874e-02 4.793706500000000092e-01
7.028591000000000699e-01 5.693502500000000022e-02 4.881707999999999603e-01
7.001238250000000329e-01 5.352810000000000901e-02 4.841623499999999636e-01
6.972476750000000667e-01 5.017302500000000304e-02 4.802589999999999915e-01
6.963561000000000334e-01 5.895307500000000062e-02 4.940823999999999772e-01
6.928955500000000267e-01 5.568412500000000098e-02 4.904402999999999957e-01
6.893922500000000397e-01 5.246510000000000062e-02 4.868095249999999652e-01
6.924311499999999953e-01 5.882080000000000641e-02 5.018679999999999808e-01
6.883127500000000287e-01 5.547017500000000351e-02 4.989564999999999695e-01
6.841820000000000679e-01 5.217352499999999837e-02 4.960293499999999800e-01
6.918091250000000247e-01 5.695120000000000737e-02 5.102627499999999872e-01
6.873420000000000085e-01 5.326407500000000794e-02 5.082959999999999701e-01
6.828585000000000349e-01 4.955564999999999970e-02 5.064134999999999609e-01
6.944474750000000363e-01 5.388502500000000306e-02 5.182069999999999732e-01
6.899698250000000366e-01 4.971337500000000409e-02 5.170509999999999273e-01
6.855072500000000124e-01 4.558525000000000077e-02 5.158537499999999998e-01
6.995711500000000305e-01 4.998327500000000756e-02 5.250667500000000265e-01
6.953034250000000860e-01 4.542550000000000754e-02 5.242755000000000054e-01
6.910372500000000473e-01 4.085825000000000568e-02 5.233567500000000372e-01
7.063658000000000436e-01 4.585450000000000637e-02 5.305944999999999689e-01
7.023737250000000598e-01 4.085050000000000486e-02 5.298877499999999907e-01
6.983892250000000024e-01 3.588250000000000467e-02 5.290245000000000086e-01
7.127797225000001013e-01 4.219775000000000609e-02 5.370022500000000143e-01
7.089673250000000371e-01 3.682975000000000138e-02 5.364452499999999846e-01
7.052009000000000194e-01 3.153175000000000422e-02 5.357962499999999739e-01
7.182045750000000117e-01 3.853400000000000575e-02 5.447777499999999495e-01
7.144924085000000646e-01 3.319750000000000478e-02 5.440715000000000412e-01
7.109626500000000293e-01 2.764800000000000590e-02 5.437467499999999454e-01
7.226723750000000335e-01 3.779125000000000539e-02 5.519167499999999560e-01
7.190247250000000312e-01 3.201125000000000498e-02 5.513504999999999656e-01
7.154187650000000120e-01 2.631400000000000405e-02 5.506809999999999761e-01
7.287948750000000642e-01 3.440550000000000552e-02 5.561832500000000179e-01
7.247884750000000986e-01 2.903500000000000525e-02 5.554160000000000208e-01
7.206450500000000092e-01 2.359725000000000711e-02 5.540832500000000271e-01
7.366828250000000411e-01 2.909475000000000255e-02 5.579352499999999937e-01
7.313378750000000261e-01 2.491975000000000440e-02 5.586572499999999941e-01
7.266195250000000438e-01 1.910825000000000717e-02 5.566294999999999993e-01
7.457440000000000735e-01 2.245225000000000692e-02 5.616932500000000328e-01
7.378145750000000280e-01 1.759375000000000522e-02 5.609872499999999373e-01
7.302673000000000636e-01 1.264750000000000596e-02 5.607689999999999619e-01
7.544425000000000159e-01 1.471925000000000316e-02 5.617805000000000160e-01
7.432705000000000561e-01 9.789500000000006530e-03 5.623497499999999816e-01
7.340668000000000193e-01 5.692250000000009802e-03 5.620264999999999844e-01
7.593282500000000379e-01 5.023500000000000187e-03 5.619799999999999240e-01
7.481915000000000093e-01 1.793750000000010614e-03 5.615892499999999288e-01
7.379600750000000486e-01 -1.162999999999997369e-03 5.608472500000000194e-01
7.611930000000000085e-01 -2.906999999999992923e-03 5.604842500000000172e-01
7.535615000000001062e-01 -6.961999999999995969e-03 5.599387499999999296e-01
7.467430000000000456e-01 -1.162724999999999176e-02 5.589752500000000346e-01
7.663820000000000077e-01 -9.500750000000002249e-03 5.577842499999999815e-01
7.613327500000000025e-01 -1.441374999999998907e-02 5.566269999999999829e-01
7.566275000000000084e-01 -1.884374999999999245e-02 5.549469999999999681e-01
7.723030000000000728e-01 -1.355549999999999811e-02 5.532325000000000159e-01
7.700347500000001011e-01 -1.874824999999999409e-02 5.518859999999999877e-01
7.677265000000000894e-01 -2.359424999999999717e-02 5.499410000000000132e-01
7.787457500000000143e-01 -1.413149999999999129e-02 5.483594999999999997e-01
7.795572500000000904e-01 -1.871574999999998934e-02 5.452377499999999655e-01
7.804580000000000961e-01 -2.304149999999999254e-02 5.417697499999999389e-01
7.837372500000000519e-01 -9.157249999999991785e-03 5.441367499999999469e-01
7.862832500000001001e-01 -1.170099999999998919e-02 5.397324999999999484e-01
7.888092500000000173e-01 -1.438074999999999770e-02 5.349524999999999419e-01
7.847830000000000084e-01 -1.535999999999995702e-03 5.397990000000000288e-01
7.875032500000000990e-01 -2.207500000000001128e-03 5.344794999999999963e-01
7.901780000000000470e-01 -2.818000000000001060e-03 5.290377499999999733e-01
7.810350000000000348e-01 7.171250000000004010e-03 5.354155000000000442e-01
7.830515000000000114e-01 6.911000000000000476e-03 5.296627499999999600e-01
7.850242500000000900e-01 6.695750000000000313e-03 5.238110000000000266e-01
7.732722500000001054e-01 1.375950000000001477e-02 5.303449999999999553e-01
7.750642500000000101e-01 1.358275000000001148e-02 5.246162500000000062e-01
7.768460000000000365e-01 1.342625000000001456e-02 5.188650000000000206e-01
7.678227499999999983e-01 2.367575000000000235e-02 5.258082499999999770e-01
7.698240000000000638e-01 2.313900000000000678e-02 5.199460000000000193e-01
7.718340000000000201e-01 2.264200000000000934e-02 5.140307499999999807e-01
7.603522500000000628e-01 3.175025000000000763e-02 5.201689999999999925e-01
7.623872500000000718e-01 3.102925000000000127e-02 5.145012500000000211e-01
7.626352499999999868e-01 2.910175000000000262e-02 5.104465000000000252e-01
7.553307500000000507e-01 4.199600000000000555e-02 5.143687500000000412e-01
7.548382500000000439e-01 3.969650000000000262e-02 5.104094999999999605e-01
7.546292500000000292e-01 3.981375000000000192e-02 5.098734999999999795e-01
7.532400000000000206e-01 5.240815000000000751e-02 5.061707500000000026e-01
7.555825000000000458e-01 4.947762500000001118e-02 5.013759999999999328e-01
7.571895000000000708e-01 4.725925000000000958e-02 4.970792499999999725e-01
7.559077499999999894e-01 6.239002500000000867e-02 4.980574999999999863e-01
7.580467499999999914e-01 5.862885000000001012e-02 4.938066499999999581e-01
7.591337500000000515e-01 5.605135000000000672e-02 4.902128000000000041e-01
7.624672500000000408e-01 7.139830000000001176e-02 4.900392999999999555e-01
7.639542500000000569e-01 6.666165000000000285e-02 4.865476749999999573e-01
7.634910000000000307e-01 6.314665000000001249e-02 4.825255749999999844e-01
7.706107500000000110e-01 7.779372500000000801e-02 4.813951499999999939e-01
7.712895000000000723e-01 7.245434000000000596e-02 4.787540249999999720e-01
7.721805000000000474e-01 6.698017500000000291e-02 4.759934999999999583e-01
7.812335000000000251e-01 8.177772500000000944e-02 4.745669999999999611e-01
7.812505000000000699e-01 7.605476000000001291e-02 4.722840875000000049e-01
7.813805000000000334e-01 7.030712500000001197e-02 4.699939899999999726e-01
7.933490000000000819e-01 8.339427500000000382e-02 4.702956699999999990e-01
7.929557500000000703e-01 7.764257500000000534e-02 4.681575999999999516e-01
7.926152499999999934e-01 7.190634750000000908e-02 4.660451250000000045e-01
8.064000000000000057e-01 8.299552500000001443e-02 4.678419499999999509e-01
8.052500000000000213e-01 7.727980000000000960e-02 4.659617249999999933e-01
8.041402500000000009e-01 7.155873500000001219e-02 4.641062249999999834e-01
8.195972500000000549e-01 8.026550000000001739e-02 4.672256749999999514e-01
8.176085000000000713e-01 7.467999750000001158e-02 4.654911749999999793e-01
8.156290000000000484e-01 6.904955000000001508e-02 4.637666249999999879e-01
8.318195000000000450e-01 7.641311500000001755e-02 4.682452999999999754e-01
8.294797500000000712e-01 7.075567500000001786e-02 4.665539499999999951e-01
8.271680000000000144e-01 6.507780000000001897e-02 4.648955749999999498e-01
8.432725000000000914e-01 7.221794250000000692e-02 4.702102999999999700e-01
8.407982500000000803e-01 6.653127500000001471e-02 4.685595749999999504e-01
8.384332500000000188e-01 6.083925000000001138e-02 4.668938999999999728e-01
8.544460000000000388e-01 6.789550000000001140e-02 4.729318750000000016e-01
8.519527500000000364e-01 6.208960000000001561e-02 4.710822799999999644e-01
8.495695000000000885e-01 5.629877500000000923e-02 4.692198249999999793e-01
8.651592500000000463e-01 6.348472500000001961e-02 4.757201249999999937e-01
8.625860000000000749e-01 5.759120000000001599e-02 4.736751624999999688e-01
8.601027500000000270e-01 5.171210000000001084e-02 4.716261374999999867e-01
8.755215000000000636e-01 5.892435000000001422e-02 4.797311499999999951e-01
8.725972500000001020e-01 5.294360000000001426e-02 4.775132749999999593e-01
8.697192500000000548e-01 4.698050000000001530e-02 4.752419249999999540e-01
8.865760000000000307e-01 5.473460000000001519e-02 4.814346249999999494e-01
8.830615000000000547e-01 4.854500000000001869e-02 4.790325999999999751e-01
8.795132500000000242e-01 4.234825000000001088e-02 4.765521999999999814e-01
8.979915000000000536e-01 5.088865000000001443e-02 4.811527499999999624e-01
8.936115000000000030e-01 4.415200000000001068e-02 4.785212749999999682e-01
8.890710000000000557e-01 3.736075000000001894e-02 4.757675749999999981e-01
9.081152500000000405e-01 4.682650000000001395e-02 4.810661499999999702e-01
9.031322500000000808e-01 3.958475000000001576e-02 4.781908499999999451e-01
8.976462499999999789e-01 3.221100000000001740e-02 4.751084999999999892e-01
9.196925000000000239e-01 4.514500000000001845e-02 4.808928749999999974e-01
9.131587500000000190e-01 3.678050000000002151e-02 4.775070249999999739e-01
9.058987499999999748e-01 2.866325000000001511e-02 4.740649749999999996e-01
9.279647500000000049e-01 4.469350000000001794e-02 4.789679249999999611e-01
9.232412500000000133e-01 3.510475000000001788e-02 4.781019749999999569e-01
9.175602500000000772e-01 2.601150000000002072e-02 4.770787249999999813e-01
9.370180000000000176e-01 4.161900000000001709e-02 4.818169499999999661e-01
9.331127500000000463e-01 3.361450000000001936e-02 4.811580999999999775e-01
9.285472500000000462e-01 2.541175000000001766e-02 4.804421749999999713e-01
9.469027500000000153e-01 3.719025000000002190e-02 4.850244999999999695e-01
9.433280000000000554e-01 2.980250000000001648e-02 4.844651499999999555e-01
9.394642500000000007e-01 2.226250000000001839e-02 4.838823249999999465e-01
9.629250000000000309e-01 2.101875000000001659e-02 4.908442749999999410e-01
