4.847092500000000359e-01 -5.795000000000002927e-02 4.669583500000000220e-01
5.292190000000001060e-01 -4.488725000000000354e-02 4.670126749999999882e-01
5.294972500000000304e-01 -5.733499999999999708e-02 4.668266999999999833e-01
5.295910000000000339e-01 -6.967024999999998913e-02 4.663052750000000191e-01
5.404717500000000285e-01 -4.479200000000001236e-02 4.669334749999999867e-01
5.412084999999999813e-01 -5.743724999999999525e-02 4.667107500000000075e-01
5.409790000000000987e-01 -6.998175000000000923e-02 4.660391749999999722e-01
5.496842500000000964e-01 -4.505825000000000802e-02 4.670699500000000115e-01
5.524865000000001025e-01 -5.782974999999998533e-02 4.669253250000000022e-01
5.546977500000001005e-01 -6.971700000000000119e-02 4.668625000000000136e-01
5.623217500000000646e-01 -4.525775000000001325e-02 4.679010749999999996e-01
5.648075000000000179e-01 -5.716550000000000797e-02 4.678301999999999738e-01
5.669095000000000661e-01 -6.848474999999998314e-02 4.678139749999999930e-01
5.732000000000000428e-01 -4.382975000000001453e-02 4.706135475000000068e-01
5.753179999999999961e-01 -5.531449999999998868e-02 4.706471325000000094e-01
5.775740000000000318e-01 -6.634299999999998532e-02 4.707550300000000187e-01
5.849395000000000566e-01 -4.191500000000000781e-02 4.706949074999999816e-01
5.863985000000000447e-01 -5.317924999999998348e-02 4.708621699999999688e-01
5.881190000000000584e-01 -6.428475000000000161e-02 4.709805375000000183e-01
5.959707499999999936e-01 -3.912200000000000399e-02 4.695090100000000044e-01
5.979955000000000132e-01 -5.013575000000000670e-02 4.696826149999999700e-01
6.003987500000000921e-01 -6.117074999999999596e-02 4.698516199999999698e-01
6.084402500000000158e-01 -3.518824999999999037e-02 4.700640050000000070e-01
6.103832500000000438e-01 -4.585000000000000187e-02 4.702585650000000173e-01
6.134447500000000941e-01 -5.639949999999999131e-02 4.706057574999999993e-01
6.197497499999999881e-01 -2.975300000000000167e-02 4.709025275000000010e-01
6.226037500000000113e-01 -4.027949999999999586e-02 4.712081025000000034e-01
6.260097500000000315e-01 -5.064624999999998989e-02 4.715954175000000026e-01
6.304327499999999862e-01 -2.442899999999999239e-02 4.712850699999999726e-01
6.336980000000000945e-01 -3.484074999999998978e-02 4.717137275000000129e-01
6.362382500000001162e-01 -4.370549999999999435e-02 4.725844074999999700e-01
6.412047499999999900e-01 -1.835900000000000032e-02 4.729898899999999684e-01
6.450040000000000218e-01 -2.864424999999999610e-02 4.736626050000000143e-01
6.476072500000000787e-01 -3.780424999999999758e-02 4.745643999999999973e-01
6.517997500000000111e-01 -1.288399999999999268e-02 4.742578450000000112e-01
6.559107500000000979e-01 -2.276374999999999926e-02 4.750022499999999592e-01
6.591325000000000101e-01 -3.279024999999999301e-02 4.756437499999999763e-01
6.634640000000000537e-01 -7.178249999999997133e-03 4.775070249999999739e-01
6.670665000000000067e-01 -1.699824999999999253e-02 4.763530749999999592e-01
6.705180000000000584e-01 -2.592925000000000091e-02 4.770519500000000024e-01
6.744530000000000802e-01 -2.023999999999998023e-03 4.746758999999999840e-01
6.778867500000000934e-01 -1.192849999999999466e-02 4.740441850000000068e-01
6.811507500000000270e-01 -2.156374999999999265e-02 4.744488974999999664e-01
6.870765000000000899e-01 2.119000000000009765e-03 4.745681499999999664e-01
6.898653250000000847e-01 -7.144749999999991386e-03 4.751332999999999807e-01
6.930246750000000899e-01 -1.666624999999999357e-02 4.767608999999999875e-01
6.997074750000000787e-01 6.362000000000006539e-03 4.740533474999999997e-01
7.025367000000000139e-01 -3.311999999999995503e-03 4.754819499999999866e-01
7.054276250000000026e-01 -1.290774999999999562e-02 4.772222249999999999e-01
7.133829875000000653e-01 1.033375000000000266e-02 4.740854774999999632e-01
7.153596625000000486e-01 4.807500000000020091e-04 4.769388250000000107e-01
7.180996250000000192e-01 -9.399249999999997884e-03 4.782169499999999740e-01
7.280566000000000537e-01 1.381750000000000339e-02 4.745842749999999999e-01
7.276784500000000877e-01 3.906250000000000000e-03 4.794269499999999629e-01
7.299442000000000430e-01 -5.473499999999992260e-03 4.829870749999999879e-01
7.385670250000000436e-01 1.743225000000000330e-02 4.821560249999999881e-01
7.404752500000000293e-01 7.188750000000007634e-03 4.839250749999999823e-01
7.419127500000000097e-01 -2.097999999999988763e-03 4.873571250000000021e-01
7.490187500000000664e-01 2.059450000000000169e-02 4.896334749999999847e-01
7.507540000000000324e-01 1.100000000000000977e-02 4.916212749999999687e-01
7.526155000000001039e-01 1.511750000000006144e-03 4.938337749999999748e-01
7.617115000000000968e-01 2.213150000000000533e-02 4.961057749999999711e-01
7.610855000000000814e-01 1.430725000000000746e-02 4.993412499999999588e-01
7.622200000000000086e-01 4.808500000000007213e-03 5.021322499999999467e-01
7.696675000000000599e-01 2.639850000000000529e-02 5.055512500000000076e-01
7.697172500000000195e-01 1.776275000000000770e-02 5.079197500000000032e-01
7.710525000000000295e-01 8.662750000000010719e-03 5.113057500000000033e-01
7.770600000000000840e-01 3.009775000000001338e-02 5.145112499999999756e-01
7.777610000000000356e-01 2.073175000000001406e-02 5.173535000000000217e-01
7.783955000000000179e-01 1.197325000000001166e-02 5.211025000000000240e-01
7.892720000000000846e-01 3.116825000000000845e-02 5.251237500000000002e-01
7.873175000000000034e-01 2.296725000000000849e-02 5.275099999999999234e-01
7.884255000000000013e-01 1.796025000000001093e-02 5.285299999999999443e-01
7.900482500000000075e-01 3.226275000000001364e-02 5.362087500000000118e-01
7.886352500000000099e-01 2.642875000000001473e-02 5.390987499999999599e-01
7.851762500000000200e-01 1.846900000000001318e-02 5.429834999999999523e-01
7.849325000000000330e-01 3.877450000000001035e-02 5.503835000000000255e-01
7.837670000000001025e-01 2.935775000000000884e-02 5.512664999999999926e-01
7.818862500000000049e-01 2.020000000000000961e-02 5.528757499999999991e-01
7.791535000000000544e-01 4.039600000000000829e-02 5.586105000000000098e-01
7.780905000000000182e-01 3.107450000000001183e-02 5.590887500000000232e-01
7.764425000000000354e-01 2.186025000000001162e-02 5.599712500000000315e-01
7.696380000000000443e-01 4.214725000000000416e-02 5.614725000000000410e-01
7.692317500000001029e-01 3.277125000000000177e-02 5.617442499999999450e-01
7.681102500000001054e-01 2.350250000000000256e-02 5.623099999999999765e-01
7.610590000000000410e-01 4.235300000000000176e-02 5.663072499999999287e-01
7.609800000000001008e-01 3.288075000000000719e-02 5.663589999999999458e-01
7.606075000000001030e-01 2.355650000000000799e-02 5.663177499999999531e-01
7.513200000000000989e-01 4.181175000000000169e-02 5.637337499999999224e-01
7.524185000000001011e-01 3.202950000000000241e-02 5.641172500000000145e-01
7.533840000000000536e-01 2.323100000000000165e-02 5.655737499999999862e-01
7.397927499999999990e-01 3.636850000000000499e-02 5.600002499999999772e-01
7.419432500000000541e-01 2.834900000000000614e-02 5.635042500000000398e-01
7.441152500000000058e-01 1.998450000000000226e-02 5.676467499999999777e-01
7.337621750000000720e-01 3.316925000000000429e-02 5.578644999999999854e-01
7.319410000000000638e-01 2.323000000000000759e-02 5.595552499999999485e-01
7.290950500000000778e-01 1.694725000000000398e-02 5.595977500000000049e-01
7.231044500000000097e-01 2.263850000000000584e-02 5.600720000000000143e-01
7.259703000000000683e-01 1.386150000000000576e-02 5.583707500000000268e-01
7.296924250000000889e-01 6.296500000000010422e-03 5.555452499999999905e-01
7.124479750000000111e-01 1.230900000000000744e-02 5.621030000000000193e-01
7.175839000000000523e-01 4.682500000000006102e-03 5.598714999999999664e-01
7.232509750000000182e-01 -2.361249999999995297e-03 5.574335000000000262e-01
7.031322500000000142e-01 5.185000000000050679e-04 5.599585000000000257e-01
7.097802000000000833e-01 -5.308250000000000468e-03 5.580182499999999379e-01
7.163983400000000223e-01 -1.125249999999999861e-02 5.558407499999999946e-01
6.963586000000000498e-01 -1.028924999999999979e-02 5.528802499999999620e-01
7.035122000000000320e-01 -1.486599999999999033e-02 5.514942499999999637e-01
7.104295500000000763e-01 -1.992374999999999008e-02 5.497667499999999707e-01
6.918722750000000365e-01 -1.797174999999999467e-02 5.437334999999999807e-01
6.989640000000000297e-01 -2.245224999999999305e-02 5.420297499999999769e-01
7.057967250000000137e-01 -2.737399999999999556e-02 5.398975000000000302e-01
6.850007500000000471e-01 -2.683999999999998887e-02 5.356217500000000076e-01
6.919491000000000946e-01 -3.186150000000000093e-02 5.333304999999999296e-01
6.995018000000000624e-01 -3.588949999999999085e-02 5.298397499999999427e-01
6.777972500000000178e-01 -3.424549999999999816e-02 5.285904999999999632e-01
6.842277500000000234e-01 -3.845925000000000038e-02 5.249099999999999877e-01
6.904371500000000550e-01 -4.255074999999999830e-02 5.210022500000000001e-01
6.686577500000000507e-01 -3.890149999999999164e-02 5.202862499999999502e-01
6.745905000000000928e-01 -4.316475000000000173e-02 5.162772500000000209e-01
6.804410000000000736e-01 -4.724799999999999833e-02 5.121252499999999763e-01
6.601117499999999971e-01 -4.088349999999998929e-02 5.108127499999999266e-01
6.661195000000000865e-01 -4.497550000000000159e-02 5.071664999999999646e-01
6.721060000000000922e-01 -4.899799999999999989e-02 5.032229999999999759e-01
6.514495000000000147e-01 -4.097049999999999303e-02 5.012624999999999442e-01
6.576037500000000424e-01 -4.506899999999999795e-02 4.979569999999999830e-01
6.636347500000000510e-01 -4.908024999999999194e-02 4.943915749999999720e-01
6.444280000000000008e-01 -3.891474999999999795e-02 4.901594499999999965e-01
6.509050000000000669e-01 -4.306749999999999468e-02 4.878501749999999970e-01
6.570610000000000062e-01 -4.711774999999999991e-02 4.849121000000000126e-01
6.393670000000000186e-01 -4.154349999999999710e-02 4.833819500000000047e-01
6.454865000000000741e-01 -4.550724999999999909e-02 4.812756750000000139e-01
6.515137500000001136e-01 -4.957924999999999138e-02 4.790239249999999616e-01
6.398900000000000698e-01 -4.199624999999999886e-02 4.730284000000000155e-01
6.443992500000000900e-01 -4.385674999999999990e-02 4.721790612499999762e-01
6.503797500000000342e-01 -4.811524999999999830e-02 4.704702399999999840e-01
6.424515000000000642e-01 -3.350599999999999412e-02 4.683500999999999914e-01
6.483840000000000714e-01 -3.780775000000000108e-02 4.667554250000000016e-01
6.544520000000000337e-01 -4.193299999999999805e-02 4.650454499999999713e-01
6.488435000000000175e-01 -2.658824999999999383e-02 4.699123424999999687e-01
6.549155000000000948e-01 -3.061574999999999713e-02 4.682674499999999740e-01
6.610127500000000378e-01 -3.459600000000000175e-02 4.666021249999999787e-01
6.544792500000000679e-01 -1.806075000000000041e-02 4.688330250000000143e-01
6.606420000000000625e-01 -2.185274999999999024e-02 4.672040749999999965e-01
6.668417500000000109e-01 -2.548549999999999427e-02 4.655783499999999742e-01
6.627465000000000162e-01 -7.800999999999988499e-03 4.697121724999999692e-01
6.684630000000000294e-01 -1.179874999999999674e-02 4.680948249999999922e-01
6.745610000000000772e-01 -1.531174999999999897e-02 4.664978499999999917e-01
6.739035000000000997e-01 5.583749999999998437e-03 4.706104775000000129e-01
6.792055000000000176e-01 2.417250000000009669e-03 4.702838099999999688e-01
6.851909999999999945e-01 -8.457499999999923412e-04 4.681797749999999647e-01
6.858190000000000675e-01 1.968475000000000780e-02 4.721735057499999999e-01
6.902885000000000826e-01 1.721625000000000238e-02 4.733849749999999856e-01
6.960691250000000663e-01 1.460400000000000587e-02 4.712287949999999781e-01
6.968472000000000000e-01 3.554225000000000440e-02 4.769542499999999685e-01
7.007052750000000163e-01 3.255350000000000604e-02 4.779656999999999933e-01
7.063852250000000055e-01 2.956475000000000769e-02 4.756300249999999563e-01
7.038980500000000529e-01 4.761400000000000354e-02 4.853557749999999893e-01
7.089825000000000710e-01 4.447225000000000483e-02 4.830034749999999599e-01
7.146700517500000904e-01 4.112700000000000383e-02 4.805075500000000055e-01
7.121732550000000606e-01 5.814587499999999964e-02 4.906402249999999854e-01
7.175636000000000791e-01 5.486840000000000467e-02 4.879693749999999830e-01
7.231359500000000828e-01 5.145097500000000296e-02 4.854517999999999889e-01
7.173794250000000705e-01 6.738940000000000208e-02 4.931133249999999912e-01
7.225205500000000391e-01 6.430725000000001024e-02 4.901048999999999545e-01
7.280750750000000160e-01 6.055057500000000231e-02 4.881022250000000007e-01
7.239705000000000723e-01 7.730902500000000344e-02 4.932707499999999801e-01
7.283077000000000023e-01 7.320779750000000474e-02 4.909392499999999937e-01
7.330392749999999902e-01 6.919764999999999944e-02 4.883576499999999765e-01
7.336886250000000942e-01 8.625662500000000343e-02 4.945869999999999989e-01
7.367582249999999888e-01 8.106720000000000592e-02 4.921708249999999785e-01
7.402782500000000265e-01 7.625732500000000080e-02 4.894951249999999754e-01
7.431775000000000464e-01 9.271817500000001377e-02 4.907131249999999723e-01
7.454680000000000195e-01 8.672877500000000794e-02 4.886135749999999667e-01
7.480695000000000539e-01 8.099015000000001074e-02 4.862184999999999979e-01
7.556185000000000818e-01 9.478275000000001282e-02 4.877854749999999684e-01
7.567367500000000691e-01 8.861365000000000214e-02 4.860317999999999583e-01
7.580112500000000253e-01 8.220460000000000267e-02 4.837634749999999983e-01
7.664070000000000604e-01 9.205247500000000860e-02 4.913035749999999924e-01
7.669290000000000829e-01 8.782215000000001548e-02 4.899789499999999687e-01
7.677114999999999911e-01 8.248557500000000542e-02 4.878616749999999946e-01
7.665867500000000945e-01 8.820702500000000834e-02 4.964716750000000012e-01
7.730820000000000469e-01 8.755237500000001560e-02 4.934742999999999769e-01
7.797260000000000302e-01 8.700452500000001310e-02 4.899046749999999562e-01
7.717807500000000154e-01 8.696550000000000114e-02 5.045027499999999998e-01
7.775142500000000734e-01 8.648850000000000982e-02 5.012174999999999825e-01
7.850117500000000081e-01 8.525902500000000217e-02 4.975922499999999582e-01
7.759782500000000915e-01 8.231785000000001185e-02 5.123122500000000246e-01
7.819115000000000926e-01 8.163230000000000486e-02 5.096714999999999440e-01
7.881130000000000635e-01 8.099055000000000837e-02 5.081934999999999647e-01
7.788922500000000637e-01 7.410387000000000224e-02 5.189892499999999576e-01
7.845687500000000369e-01 7.324355000000000449e-02 5.167597499999999622e-01
7.892502500000000420e-01 7.262165000000000981e-02 5.149672499999999875e-01
7.796150000000000579e-01 6.321860000000001367e-02 5.233200000000000074e-01
7.851352500000000623e-01 6.211132500000000889e-02 5.213185000000000180e-01
7.860112500000000502e-01 6.196517500000001122e-02 5.203492499999999854e-01
7.818690000000000362e-01 5.570650000000000601e-02 5.296035000000000048e-01
7.854072500000000012e-01 5.359662500000000884e-02 5.275429999999999842e-01
7.854490000000000638e-01 5.041895000000000404e-02 5.256587499999999524e-01
7.813355000000000716e-01 4.498275000000000884e-02 5.309387500000000149e-01
7.838400000000000922e-01 4.219225000000001446e-02 5.297020000000000062e-01
7.848924999999999930e-01 3.930050000000000904e-02 5.284932500000000255e-01
7.822975000000000900e-01 3.615525000000001377e-02 5.255177500000000057e-01
7.827740000000000808e-01 3.383350000000000940e-02 5.251717499999999372e-01
7.836165000000000491e-01 3.015025000000001038e-02 5.242780000000000218e-01
7.762912500000000993e-01 2.965200000000001168e-02 5.178144999999999554e-01
7.776140000000000274e-01 2.795225000000001181e-02 5.185189999999999522e-01
7.788335000000000674e-01 2.208125000000001059e-02 5.184174999999999756e-01
7.662352500000000344e-01 2.858275000000000399e-02 5.132894999999999541e-01
7.682852500000000306e-01 2.353225000000000455e-02 5.114719999999999267e-01
7.706780000000000852e-01 1.854075000000000167e-02 5.095579999999999554e-01
7.615169999999999995e-01 3.062925000000000370e-02 5.047152499999999486e-01
7.629685000000000494e-01 2.568500000000000644e-02 5.017810000000000326e-01
7.636755000000000626e-01 2.078100000000000780e-02 4.992282499999999845e-01
7.561170000000000391e-01 3.515650000000000719e-02 4.975294999999999579e-01
7.570287500000000280e-01 3.088550000000000323e-02 4.933849750000000034e-01
7.571550000000000225e-01 2.671475000000000238e-02 4.903697499999999931e-01
7.506194999999999951e-01 4.060925000000000645e-02 4.924079749999999978e-01
7.502897500000000885e-01 3.687175000000000175e-02 4.879557499999999659e-01
7.487367500000000620e-01 3.316750000000000254e-02 4.869565499999999880e-01
7.447790000000000799e-01 4.757250000000000367e-02 4.902025749999999737e-01
7.426737500000000214e-01 4.460525000000000601e-02 4.862326499999999885e-01
7.408022499999999955e-01 4.069250000000000644e-02 4.850999749999999611e-01
7.388476000000000488e-01 5.434810000000000335e-02 4.896603499999999665e-01
7.355830000000000979e-01 5.211630000000000429e-02 4.853156999999999610e-01
7.323813000000000129e-01 4.884825000000000972e-02 4.835125249999999708e-01
7.334260250000000925e-01 6.057980000000000309e-02 4.937535750000000001e-01
7.295757250000000083e-01 5.881565000000000404e-02 4.896660999999999930e-01
7.263834000000000124e-01 5.657022500000000176e-02 4.868148250000000066e-01
7.286236500000000671e-01 6.427687500000001108e-02 5.002832499999999571e-01
7.241496000000000599e-01 6.280475000000000640e-02 4.965849999999999986e-01
7.196820000000000439e-01 6.130972500000000242e-02 4.932154249999999851e-01
7.254485500000000808e-01 6.473634999999999806e-02 5.083102499999999635e-01
7.203758000000000106e-01 6.328790000000000804e-02 5.052812500000000151e-01
7.153354725000000691e-01 6.184797500000000642e-02 5.021120000000000028e-01
7.247278750000000214e-01 6.212512500000000326e-02 5.164602499999999541e-01
7.193045750000000016e-01 6.030292500000000722e-02 5.141514999999999835e-01
7.138811225000000205e-01 5.845782500000000492e-02 5.118684999999999485e-01
7.266188250000000792e-01 5.721362500000000406e-02 5.237929999999999531e-01
7.210869250000000452e-01 5.483282500000000170e-02 5.219947499999999518e-01
7.155636050000000470e-01 5.257115000000000399e-02 5.201755000000000129e-01
7.307043250000000434e-01 5.079432500000000128e-02 5.300292500000000073e-01
7.251639250000000425e-01 4.815300000000000136e-02 5.283430000000000071e-01
7.196291000000000215e-01 4.558875000000000427e-02 5.267249999999999988e-01
7.350246250000000980e-01 4.358250000000000318e-02 5.352419999999999956e-01
7.293879500000000071e-01 4.065375000000000238e-02 5.335097500000000048e-01
7.238761000000000223e-01 3.778250000000000358e-02 5.319475000000000176e-01
7.375871750000000393e-01 3.717300000000000465e-02 5.411827499999999347e-01
7.319586250000000849e-01 3.393750000000000239e-02 5.397457500000000241e-01
7.264383000000000923e-01 3.076350000000000612e-02 5.383590000000000320e-01
7.382733250000000913e-01 3.166775000000000145e-02 5.489607499999999973e-01
7.328455249999999976e-01 2.842300000000000382e-02 5.474795000000000078e-01
7.273443250000000138e-01 2.499375000000000208e-02 5.464255000000000084e-01
7.393245750000000394e-01 2.976050000000000223e-02 5.563612500000000294e-01
7.337500250000000834e-01 2.589950000000000585e-02 5.552675000000000249e-01
7.281477750000000526e-01 2.253175000000000316e-02 5.539737499999999315e-01
7.420282500000000558e-01 2.696000000000000479e-02 5.615145000000000275e-01
7.365348000000000450e-01 2.326000000000000290e-02 5.601542499999999647e-01
7.308675250000000734e-01 1.984450000000000797e-02 5.580092500000000122e-01
7.459290000000000642e-01 2.133575000000000749e-02 5.649022499999999392e-01
7.397517500000000412e-01 1.932725000000000415e-02 5.637967499999999577e-01
7.333652000000000504e-01 1.554475000000000301e-02 5.614360000000000461e-01
7.496755000000000502e-01 1.430275000000000296e-02 5.699882499999999741e-01
7.407927499999999998e-01 1.229550000000000781e-02 5.676517500000000105e-01
7.319526000000000643e-01 1.111150000000001026e-02 5.663009999999999433e-01
7.540632500000000737e-01 5.668249999999999678e-03 5.726369999999999516e-01
7.419282500000000669e-01 5.448500000000008892e-03 5.708824999999999594e-01
7.319479250000000548e-01 5.488500000000007262e-03 5.687257500000000299e-01
7.542477500000001056e-01 -3.933249999999999247e-03 5.738007499999999705e-01
7.429977500000000123e-01 -2.522499999999996967e-03 5.713107499999999783e-01
7.326997500000000940e-01 -1.635249999999990878e-03 5.687462500000000087e-01
7.530935000000000823e-01 -1.086650000000000116e-02 5.724319999999999409e-01
7.447210000000000774e-01 -1.170525000000000038e-02 5.705209999999999448e-01
7.368614250000000698e-01 -1.327475000000000183e-02 5.682722499999999233e-01
7.559122500000000633e-01 -1.747024999999999273e-02 5.694257499999999528e-01
7.496255000000000557e-01 -1.978399999999999603e-02 5.672905000000000308e-01
7.435145000000000781e-01 -2.155974999999998865e-02 5.650532499999999514e-01
7.610485000000000166e-01 -2.259925000000000128e-02 5.643819999999999393e-01
7.570955000000000323e-01 -2.637699999999999767e-02 5.620319999999999760e-01
7.535637500000000877e-01 -2.972424999999999373e-02 5.591357500000000424e-01
7.687775000000001135e-01 -2.383974999999999289e-02 5.586240000000000094e-01
7.681792500000000912e-01 -2.762824999999999309e-02 5.545487499999999237e-01
7.678175000000000416e-01 -3.108649999999998914e-02 5.501597499999999474e-01
7.775570000000000537e-01 -2.002799999999999025e-02 5.543485000000000218e-01
7.795500000000000762e-01 -2.236124999999999918e-02 5.492105000000000459e-01
7.814635000000000886e-01 -2.483174999999999966e-02 5.437345000000000095e-01
7.851799999999999891e-01 -1.251125000000000154e-02 5.499477499999999575e-01
7.886330000000000284e-01 -1.312049999999999328e-02 5.441027499999999684e-01
7.920895000000000019e-01 -1.372674999999999590e-02 5.382842500000000197e-01
7.896024999999999849e-01 -1.320500000000002228e-03 5.445109999999999673e-01
7.931207500000000410e-01 -1.078499999999996128e-03 5.389117500000000227e-01
7.967742500000000172e-01 -5.840000000000011848e-04 5.330580000000000318e-01
7.878835000000000699e-01 9.337250000000005268e-03 5.407257500000000050e-01
7.911550000000000527e-01 9.908250000000007329e-03 5.353129999999999278e-01
7.943337500000000606e-01 1.047499999999999820e-02 5.297910000000000119e-01
7.844460000000000877e-01 2.031025000000000885e-02 5.376894999999999314e-01
7.862735000000000696e-01 1.961950000000001193e-02 5.323314999999999575e-01
7.873272500000000340e-01 1.846950000000001368e-02 5.317782500000000079e-01
7.813052500000000622e-01 3.164500000000001340e-02 5.349017499999999536e-01
7.803595000000000947e-01 2.986250000000001403e-02 5.330017499999999409e-01
7.794445000000000956e-01 2.838275000000001214e-02 5.319855000000000000e-01
7.792295000000000194e-01 4.397550000000000764e-02 5.316117499999999385e-01
7.787837499999999968e-01 4.289775000000001226e-02 5.274947500000000122e-01
7.788110000000000310e-01 4.303450000000000331e-02 5.270652499999999296e-01
7.781937500000000174e-01 5.531410000000000493e-02 5.243127499999999941e-01
7.814367500000000133e-01 5.319450000000000567e-02 5.197395000000000209e-01
7.839182500000000386e-01 5.159062500000000800e-02 5.155879999999999352e-01
7.808977500000000571e-01 6.612407500000000438e-02 5.177032499999999482e-01
7.837832500000000424e-01 6.321160000000000667e-02 5.138300000000000090e-01
7.856672500000000392e-01 6.116592500000000987e-02 5.101937500000000014e-01
7.878217499999999873e-01 7.621498250000001418e-02 5.118552499999999839e-01
7.898105000000000819e-01 7.236696250000000663e-02 5.088137499999999536e-01
7.901750000000000718e-01 6.915960000000001551e-02 5.045459999999999390e-01
7.956532500000000896e-01 8.399440000000001072e-02 5.037559999999999816e-01
7.969622499999999832e-01 7.896705000000001085e-02 5.013244999999999507e-01
7.984962500000000185e-01 7.365717000000000791e-02 4.985917500000000002e-01
8.065457500000000612e-01 8.888082500000001052e-02 4.988487499999999519e-01
8.072080000000000366e-01 8.320740000000001468e-02 4.965964499999999671e-01
8.079627500000000628e-01 7.751950000000000507e-02 4.943081749999999608e-01
8.189862500000000267e-01 9.020527500000001531e-02 4.986835000000000018e-01
8.190820000000000878e-01 8.449260000000001491e-02 4.964524750000000042e-01
8.192710000000000825e-01 7.879312500000000552e-02 4.942577499999999957e-01
8.308452500000000907e-01 8.807325000000000570e-02 5.031709999999999239e-01
8.300534999999999997e-01 8.258267500000000816e-02 5.006045000000000078e-01
8.293265000000000775e-01 7.706260000000000887e-02 4.981062499999999726e-01
8.393755000000000521e-01 8.247547500000000642e-02 5.113409999999999345e-01
8.379425000000000345e-01 7.742282500000001455e-02 5.081154999999999422e-01
8.365177500000000599e-01 7.229532250000000881e-02 5.049439999999999484e-01
8.432597500000000856e-01 7.567357250000000812e-02 5.211184999999999290e-01
8.416897500000000143e-01 7.074277500000000773e-02 5.174514999999999532e-01
8.400967500000000587e-01 6.577550000000001451e-02 5.138502499999999529e-01
8.436722500000000124e-01 6.899295000000001121e-02 5.311957499999999666e-01
8.421127500000000765e-01 6.413350000000000994e-02 5.273197499999999760e-01
8.405070000000000041e-01 5.920817500000001565e-02 5.236052500000000220e-01
8.416627500000000150e-01 6.268260000000000498e-02 5.413850000000000051e-01
8.401325000000000598e-01 5.775000000000000966e-02 5.373109999999999831e-01
8.385640000000000871e-01 5.276757500000001100e-02 5.333857499999999918e-01
8.382670000000000954e-01 5.676585000000000658e-02 5.511169999999999680e-01
8.368410000000000570e-01 5.178007500000000873e-02 5.468229999999999480e-01
8.353727499999999973e-01 4.677500000000001101e-02 5.426344999999999086e-01
8.365825000000000067e-01 4.987115000000000992e-02 5.621189999999999243e-01
8.351235000000000186e-01 4.485125000000000917e-02 5.574904999999999999e-01
8.336514999999999898e-01 3.978625000000000911e-02 5.530154999999999932e-01
8.329732499999999984e-01 4.412325000000001662e-02 5.709670000000000023e-01
8.316242500000000648e-01 3.915225000000001343e-02 5.655759999999999676e-01
8.303555000000000241e-01 3.410425000000000956e-02 5.601889999999999370e-01
8.319707499999999811e-01 3.719300000000001077e-02 5.796132499999999688e-01
8.305772500000000447e-01 3.204450000000001048e-02 5.731465000000000032e-01
8.291817500000000507e-01 2.681800000000000850e-02 5.665234999999999577e-01
8.320787500000000891e-01 3.028300000000001130e-02 5.869674999999999754e-01
8.305820000000000425e-01 2.489750000000000990e-02 5.797202499999999370e-01
8.290212500000000428e-01 1.948550000000000976e-02 5.719054999999999556e-01
8.337322500000000636e-01 2.481775000000001341e-02 5.956460000000000088e-01
8.318442500000000628e-01 1.901925000000000837e-02 5.863834999999999464e-01
8.299500000000000766e-01 1.341700000000001225e-02 5.768872499999999626e-01
8.375840000000001062e-01 2.090600000000001485e-02 6.018992499999999968e-01
8.334472500000000839e-01 1.396825000000000844e-02 5.948479999999999324e-01
8.294760000000001021e-01 7.622250000000024839e-03 5.872157499999999253e-01
8.364797500000000774e-01 1.555000000000000826e-02 6.101855000000000473e-01
8.330482500000000456e-01 9.699750000000020855e-03 6.043760000000000243e-01
8.294750000000000734e-01 3.815250000000020014e-03 5.980062499999999615e-01
8.348952500000000887e-01 8.734750000000013337e-03 6.190059999999999452e-01
8.317245000000000887e-01 3.291000000000016135e-03 6.137174999999999159e-01
8.284475000000000033e-01 -2.209249999999982061e-03 6.081594999999999640e-01
8.285425000000000706e-01 -1.024549999999997685e-02 6.312662499999999177e-01
