4.847462500000000452e-01 -6.203525000000001399e-02 4.644089750000000016e-01
5.286802500000000737e-01 -4.717450000000000809e-02 4.652423749999999858e-01
5.294727500000000475e-01 -5.959000000000000408e-02 4.646112499999999756e-01
5.300737500000000102e-01 -7.188549999999999107e-02 4.636393500000000056e-01
5.399122499999999825e-01 -4.658950000000000591e-02 4.653047750000000038e-01
5.411827500000000457e-01 -5.921624999999999805e-02 4.646219500000000058e-01
5.414657500000000789e-01 -7.174225000000000740e-02 4.634902000000000188e-01
5.491390000000000438e-01 -4.656075000000001185e-02 4.655788750000000031e-01
5.524760000000000781e-01 -5.923424999999998830e-02 4.649936000000000069e-01
5.551937500000000414e-01 -7.101699999999999680e-02 4.645303749999999954e-01
5.617357499999999781e-01 -4.632625000000001325e-02 4.666216499999999989e-01
5.647707500000000991e-01 -5.817374999999999630e-02 4.661460499999999785e-01
5.673967500000000053e-01 -6.938524999999998166e-02 4.657841749999999670e-01
5.725992500000000041e-01 -4.476100000000000911e-02 4.696142400000000161e-01
5.752175000000000482e-01 -5.613024999999999265e-02 4.692538499999999724e-01
5.780440000000000023e-01 -6.698650000000000437e-02 4.690428999999999848e-01
5.841982500000000300e-01 -4.251575000000000493e-02 4.699291024999999733e-01
5.862707500000000627e-01 -5.357974999999998156e-02 4.697573274999999882e-01
5.886807499999999749e-01 -6.442799999999998528e-02 4.695698924999999746e-01
5.947880000000000944e-01 -3.966025000000000800e-02 4.687464499999999812e-01
5.974710000000000854e-01 -5.043825000000000391e-02 4.686608500000000177e-01
6.004697500000000243e-01 -6.125374999999999570e-02 4.685461750000000092e-01
6.064402500000000140e-01 -3.575799999999999812e-02 4.692906499999999759e-01
6.093105000000000881e-01 -4.608899999999999109e-02 4.692918749999999695e-01
6.128415000000000390e-01 -5.649599999999999067e-02 4.693438500000000069e-01
6.159277499999999961e-01 -3.073999999999998956e-02 4.704251875000000083e-01
6.197910000000000919e-01 -4.086874999999999536e-02 4.705797749999999779e-01
6.238195000000000823e-01 -5.099924999999999597e-02 4.708076800000000062e-01
6.244607500000000089e-01 -2.568824999999999581e-02 4.719555227499999672e-01
6.289055000000000062e-01 -3.560249999999999526e-02 4.722359987499999967e-01
6.332635000000000902e-01 -4.538499999999999479e-02 4.726474949999999731e-01
6.325190000000000534e-01 -1.983524999999999872e-02 4.751596999999999626e-01
6.376522500000000315e-01 -2.949475000000000013e-02 4.756612749999999945e-01
6.419940000000000646e-01 -3.914524999999999255e-02 4.762420499999999723e-01
6.414895000000000458e-01 -1.363774999999999016e-02 4.774681749999999947e-01
6.465350000000000819e-01 -2.306874999999999898e-02 4.781252749999999607e-01
6.510587500000000194e-01 -3.252824999999999467e-02 4.787325749999999935e-01
6.521277500000000060e-01 -6.824999999999997735e-03 4.817923249999999658e-01
6.567255000000000731e-01 -1.618324999999999625e-02 4.804885249999999997e-01
6.612672500000000841e-01 -2.457574999999999343e-02 4.811247499999999899e-01
6.626807500000000406e-01 -3.269999999999939622e-04 4.794877249999999758e-01
6.671325000000000172e-01 -9.910000000000002141e-03 4.788811499999999777e-01
6.713625000000000842e-01 -1.916199999999999848e-02 4.791400249999999694e-01
6.748720000000000274e-01 5.182500000000006546e-03 4.795488250000000119e-01
6.786297500000000316e-01 -4.052249999999993357e-03 4.803945249999999612e-01
6.826492500000000963e-01 -1.328050000000000064e-02 4.818184749999999683e-01
6.871907500000000724e-01 1.041850000000001109e-02 4.793758750000000068e-01
6.909591500000000774e-01 8.820000000000077778e-04 4.807719249999999889e-01
6.947086500000000386e-01 -8.458750000000000990e-03 4.822670249999999603e-01
7.005689250000000090e-01 1.540750000000000453e-02 4.792331999999999703e-01
7.035080750000000105e-01 5.725750000000001672e-03 4.818524999999999614e-01
7.071291250000000250e-01 -3.902999999999989811e-03 4.828251000000000071e-01
7.148894700000000269e-01 2.003525000000000444e-02 4.788099000000000105e-01
7.157180674999999992e-01 1.010800000000000587e-02 4.835699999999999998e-01
7.190444000000000280e-01 9.225000000000066480e-04 4.868053499999999700e-01
7.257580500000000434e-01 2.444175000000000514e-02 4.853741500000000042e-01
7.286535000000000650e-01 1.439225000000000226e-02 4.868024249999999831e-01
7.312082750000000742e-01 5.232000000000000539e-03 4.899156000000000066e-01
7.369876250000000351e-01 2.840950000000000419e-02 4.911882999999999666e-01
7.397242500000000831e-01 1.897975000000000356e-02 4.928258500000000097e-01
7.426115000000000910e-01 9.662250000000011108e-03 4.946346500000000090e-01
7.500904999999999934e-01 3.084075000000000705e-02 4.955990999999999591e-01
7.510740000000000194e-01 2.307900000000000229e-02 4.984925000000000050e-01
7.534310000000000729e-01 1.372350000000000653e-02 5.009850000000000136e-01
7.597820000000000684e-01 3.584525000000000211e-02 5.028792499999999999e-01
7.608235000000000969e-01 2.725675000000000320e-02 5.053459999999999619e-01
7.636680000000000135e-01 1.834275000000000488e-02 5.082050000000000178e-01
7.684482500000000549e-01 4.024075000000000568e-02 5.102170000000000316e-01
7.700000000000000178e-01 3.105150000000000271e-02 5.134434999999999416e-01
7.725487500000000063e-01 2.232925000000000881e-02 5.164759999999999351e-01
7.822265000000000468e-01 4.255700000000001149e-02 5.182357499999999950e-01
7.799570000000000114e-01 3.441900000000001208e-02 5.212875000000000147e-01
7.797330000000000094e-01 2.669975000000000820e-02 5.254292499999999588e-01
7.847625000000000295e-01 4.389650000000000496e-02 5.289772499999999544e-01
7.839770000000000350e-01 3.802600000000001118e-02 5.321232499999999366e-01
7.822967499999999852e-01 2.947075000000001083e-02 5.363107499999999472e-01
7.807312500000000988e-01 4.981757500000000977e-02 5.438822500000000115e-01
7.809430000000000538e-01 4.033475000000000948e-02 5.446837500000000221e-01
7.804349999999999898e-01 3.101775000000001059e-02 5.463902499999999662e-01
7.755920000000000591e-01 5.055180000000000784e-02 5.526495000000000157e-01
7.759535000000000737e-01 4.120550000000001295e-02 5.529592500000000133e-01
7.756532500000000718e-01 3.185875000000001206e-02 5.538012500000000227e-01
7.660712500000000924e-01 5.075740000000000807e-02 5.560867499999999630e-01
7.671720000000000761e-01 4.150175000000000392e-02 5.561579999999999302e-01
7.675050000000001038e-01 3.216925000000000340e-02 5.565439999999999277e-01
7.577665000000000095e-01 4.943192500000000850e-02 5.611997499999999972e-01
7.592327500000000118e-01 4.019600000000000256e-02 5.610282500000000061e-01
7.603914999999999980e-01 3.094350000000000572e-02 5.607024999999999926e-01
7.482272500000000104e-01 4.725075000000000802e-02 5.586687499999999362e-01
7.509107500000000712e-01 3.801525000000000737e-02 5.588282500000000264e-01
7.531702500000000411e-01 2.957975000000000187e-02 5.599877500000000063e-01
7.381635000000000835e-01 4.123450000000000726e-02 5.548794999999999700e-01
7.410790000000000433e-01 3.331200000000000133e-02 5.581357499999999305e-01
7.440727500000000605e-01 2.513400000000000356e-02 5.619919999999999360e-01
7.326477000000000128e-01 3.789850000000000163e-02 5.526719999999999411e-01
7.317828750000000548e-01 2.800875000000000586e-02 5.538337500000000135e-01
7.295788250000000419e-01 2.172200000000000519e-02 5.534835000000000171e-01
7.233180500000000457e-01 2.706500000000000572e-02 5.543092499999999756e-01
7.267943250000000743e-01 1.862450000000000216e-02 5.521334999999999438e-01
7.310128750000000064e-01 1.161875000000000407e-02 5.487522499999999415e-01
7.139474650000000588e-01 1.648350000000000509e-02 5.562822499999999781e-01
7.194637249999999984e-01 9.248500000000006716e-03 5.535577499999999596e-01
7.253359500000000626e-01 2.613749999999998019e-03 5.505624999999999547e-01
7.054989000000000399e-01 4.812500000000011213e-03 5.540559999999999929e-01
7.123302975000000981e-01 -6.924999999999986722e-04 5.516569999999999530e-01
7.190799000000001051e-01 -6.271749999999992609e-03 5.489634999999999376e-01
6.992037750000000829e-01 -5.239999999999994662e-03 5.473635000000000028e-01
7.064224750000001052e-01 -9.657249999999992229e-03 5.453879999999999839e-01
7.132224350000000435e-01 -1.461449999999998861e-02 5.431295000000000428e-01
6.939120250000000434e-01 -1.206749999999999490e-02 5.386009999999999964e-01
7.006532750000000753e-01 -1.702999999999998959e-02 5.365937499999999805e-01
7.069279500000000827e-01 -2.261074999999999890e-02 5.342949999999999644e-01
6.851635000000000364e-01 -2.090349999999999153e-02 5.322200000000000264e-01
6.916280250000000906e-01 -2.640624999999999223e-02 5.297922499999999646e-01
6.987268750000000805e-01 -3.108174999999999133e-02 5.261997499999999661e-01
6.768762500000000681e-01 -3.009799999999999975e-02 5.281397500000000189e-01
6.830592500000000067e-01 -3.472274999999999667e-02 5.245144999999999946e-01
6.889377500000000154e-01 -3.947225000000000039e-02 5.208972499999999783e-01
6.667192500000000965e-01 -3.710600000000000009e-02 5.225827499999999848e-01
6.726065000000001071e-01 -4.162124999999999853e-02 5.188832500000000181e-01
6.782982500000001025e-01 -4.625674999999999926e-02 5.152357499999999924e-01
6.571940000000000559e-01 -4.154724999999999391e-02 5.144357499999999694e-01
6.634157500000000818e-01 -4.568049999999999888e-02 5.113299999999999512e-01
6.695460000000000855e-01 -4.989999999999999991e-02 5.080427499999999874e-01
6.496202500000000102e-01 -4.331174999999999609e-02 5.033002500000000046e-01
6.560975000000000001e-01 -4.745850000000000068e-02 5.008669999999999511e-01
6.625272500000000120e-01 -5.146074999999999955e-02 4.979969999999999675e-01
6.445762500000000728e-01 -4.153350000000000097e-02 4.905440500000000092e-01
6.513050000000000228e-01 -4.567799999999999638e-02 4.890564249999999613e-01
6.578817500000000429e-01 -4.964974999999999250e-02 4.867605749999999731e-01
6.411345000000000516e-01 -4.302424999999999999e-02 4.821282000000000068e-01
6.475120000000000875e-01 -4.696874999999998967e-02 4.804660499999999779e-01
6.537955000000000849e-01 -5.106099999999999528e-02 4.782617249999999709e-01
6.413687500000000430e-01 -3.856724999999999737e-02 4.737609074999999947e-01
6.474935000000000551e-01 -4.247949999999998949e-02 4.721162547499999640e-01
6.537695000000000034e-01 -4.638224999999999987e-02 4.702036274999999987e-01
6.453707500000001041e-01 -3.050775000000000015e-02 4.703954149999999834e-01
6.516172500000000367e-01 -3.428824999999999235e-02 4.684855499999999728e-01
6.579737500000000239e-01 -3.791300000000000225e-02 4.665535000000000099e-01
6.511055000000000037e-01 -2.245649999999999036e-02 4.730982999999999716e-01
6.574542500000000178e-01 -2.590024999999999966e-02 4.710529625000000054e-01
6.638355000000000228e-01 -2.924949999999999772e-02 4.690302249999999673e-01
6.558035000000000947e-01 -1.246849999999999348e-02 4.725237024999999758e-01
6.621512500000000800e-01 -1.578899999999999748e-02 4.704825724999999736e-01
6.685210000000000319e-01 -1.892225000000000157e-02 4.684705000000000119e-01
6.632647500000000695e-01 -4.054999999999892024e-04 4.731138074999999832e-01
6.690970000000000528e-01 -4.209499999999991027e-03 4.710792699999999944e-01
6.751947500000000657e-01 -7.584999999999994524e-03 4.690236999999999878e-01
6.733312500000000478e-01 1.142700000000000660e-02 4.739154374999999808e-01
6.785085000000000699e-01 7.956749999999998546e-03 4.734809649999999759e-01
6.842432500000000806e-01 4.468250000000006938e-03 4.708724924999999617e-01
6.845740000000000158e-01 2.272050000000000458e-02 4.752753249999999707e-01
6.888030000000000541e-01 1.972425000000000567e-02 4.761639749999999616e-01
6.941483999999999988e-01 1.667575000000000307e-02 4.735461624999999786e-01
6.952692750000000199e-01 3.506300000000000389e-02 4.799256499999999814e-01
6.988517499999999938e-01 3.167225000000000595e-02 4.805680250000000098e-01
7.040599750000000601e-01 2.830725000000000602e-02 4.777223499999999623e-01
7.029537000000000146e-01 4.545725000000000460e-02 4.876879749999999958e-01
7.077498250000000546e-01 4.211950000000000416e-02 4.849912499999999849e-01
7.130474950000000867e-01 3.854700000000000487e-02 4.820055749999999639e-01
7.111835000000000795e-01 5.591135000000000549e-02 4.911939499999999903e-01
7.163756950000000900e-01 5.253462500000000146e-02 4.881628249999999669e-01
7.215601500000000668e-01 4.902015000000000539e-02 4.850809499999999552e-01
7.162854800000000299e-01 6.548947500000000532e-02 4.924695249999999636e-01
7.214340500000000489e-01 6.248085000000000444e-02 4.892285749999999989e-01
7.267754000000000714e-01 5.896830000000000127e-02 4.866634749999999565e-01
7.218726250000000455e-01 7.583102250000001154e-02 4.916025749999999861e-01
7.264828500000000133e-01 7.224511750000001120e-02 4.889037999999999995e-01
7.313650750000000311e-01 6.873542500000000277e-02 4.859139999999999571e-01
7.306319250000000709e-01 8.610505000000000242e-02 4.923885000000000067e-01
7.341236750000000866e-01 8.134102500000001124e-02 4.896298499999999776e-01
7.380039750000000343e-01 7.705259999999999887e-02 4.865769749999999672e-01
7.392701500000000703e-01 9.404995000000000716e-02 4.885715499999999656e-01
7.421079999999999899e-01 8.845997500000001013e-02 4.860151999999999806e-01
7.452420000000000710e-01 8.318330000000000168e-02 4.831880249999999655e-01
7.514357500000000689e-01 9.800367500000001231e-02 4.858911499999999939e-01
7.530930000000000124e-01 9.209035000000001525e-02 4.835804750000000096e-01
7.550117500000000925e-01 8.617962500000000969e-02 4.807641500000000012e-01
7.625070000000000459e-01 9.589725000000000332e-02 4.894406999999999508e-01
7.633739999999999970e-01 9.180747499999999950e-02 4.877099999999999769e-01
7.646422500000000788e-01 8.682742500000001362e-02 4.851286249999999800e-01
7.630177500000000501e-01 9.160835000000000505e-02 4.945087249999999823e-01
7.696250000000000036e-01 9.145895000000001107e-02 4.914615249999999547e-01
7.763214999999999977e-01 9.138735000000000608e-02 4.878698750000000084e-01
7.685239999999999849e-01 9.010512500000000813e-02 5.026777499999999232e-01
7.742685000000000262e-01 9.001532500000000714e-02 4.993090000000000028e-01
7.817735000000000101e-01 8.927192500000000197e-02 4.955776499999999807e-01
7.732035000000000435e-01 8.544337500000001584e-02 5.105687500000000156e-01
7.791242500000000737e-01 8.498045000000001292e-02 5.078207499999999319e-01
7.853195000000000592e-01 8.470960000000000989e-02 5.061852499999999200e-01
7.768757500000000871e-01 7.738005000000000577e-02 5.175202500000000150e-01
7.825517500000001014e-01 7.666935000000001110e-02 5.151919999999999833e-01
7.872109999999999941e-01 7.627638000000000473e-02 5.133052499999999352e-01
7.779825000000000212e-01 6.676747500000000668e-02 5.223559999999999315e-01
7.834942500000000587e-01 6.575847500000001067e-02 5.202674999999999939e-01
7.843450000000000699e-01 6.557380000000001541e-02 5.193072499999999980e-01
7.803977500000000012e-01 5.976095000000000712e-02 5.291384999999999561e-01
7.839200000000000612e-01 5.763790000000000580e-02 5.271055000000000046e-01
7.839312500000000794e-01 5.430977500000000457e-02 5.255060000000000286e-01
7.799467500000000220e-01 4.921377500000000821e-02 5.315347499999999448e-01
7.824422500000000058e-01 4.642300000000000593e-02 5.304307499999999509e-01
7.840515000000000123e-01 4.334400000000000752e-02 5.294404999999999806e-01
7.792945000000000011e-01 4.025675000000001474e-02 5.281909999999999661e-01
7.802990000000000759e-01 3.733775000000000982e-02 5.281902499999999723e-01
7.820110000000000117e-01 3.301450000000000912e-02 5.289099999999999913e-01
7.726632500000000237e-01 3.274550000000001071e-02 5.219354999999999967e-01
7.744995000000000074e-01 3.069700000000000900e-02 5.228880000000000194e-01
7.765912500000000662e-01 2.483350000000000835e-02 5.224329999999999252e-01
7.628027500000000849e-01 3.060300000000000520e-02 5.185582499999999984e-01
7.648280000000000634e-01 2.542050000000000559e-02 5.171369999999999578e-01
7.672707500000000014e-01 2.025900000000000617e-02 5.154202500000000242e-01
7.567352500000000814e-01 3.134125000000000799e-02 5.106340000000000323e-01
7.580192500000000333e-01 2.609600000000000114e-02 5.081999999999999851e-01
7.591532500000000017e-01 2.087625000000000591e-02 5.056939999999999769e-01
7.500502500000000294e-01 3.471475000000000255e-02 5.038112499999999327e-01
7.507065000000000543e-01 2.994075000000000208e-02 5.001919999999999700e-01
7.506202500000000999e-01 2.540600000000000497e-02 4.977534999999999599e-01
7.447740000000000471e-01 3.979625000000000523e-02 4.978609999999999980e-01
7.443252500000000493e-01 3.548725000000000490e-02 4.939381999999999939e-01
7.426112500000000560e-01 3.175175000000000219e-02 4.934372499999999939e-01
7.392197500000000643e-01 4.671625000000000083e-02 4.943837999999999844e-01
7.371810000000000862e-01 4.319725000000000648e-02 4.908107499999999623e-01
7.351452250000000133e-01 3.924875000000000586e-02 4.901951499999999684e-01
7.335928750000000331e-01 5.363330000000000874e-02 4.923437499999999689e-01
7.305107000000000683e-01 5.076687500000000297e-02 4.882066999999999934e-01
7.272780750000000793e-01 4.736375000000000307e-02 4.867448999999999804e-01
7.280483250000000517e-01 6.084220000000000600e-02 4.947419249999999713e-01
7.245095500000000577e-01 5.847830000000000389e-02 4.906470749999999881e-01
7.211492500000000749e-01 5.602627500000000038e-02 4.873970249999999838e-01
7.226761250000000025e-01 6.595517500000000477e-02 4.995187500000000114e-01
7.185194750000000186e-01 6.393909999999999871e-02 4.956992000000000065e-01
7.143399482500000230e-01 6.199182500000000040e-02 4.921829249999999933e-01
7.187466500000000424e-01 6.786395000000000621e-02 5.065060000000000118e-01
7.139312325000000126e-01 6.604912500000000020e-02 5.033100000000000351e-01
7.090953500000000131e-01 6.429817499999999908e-02 5.000662499999999344e-01
7.174531000000000658e-01 6.636039999999999994e-02 5.143217500000000220e-01
7.121525775000000502e-01 6.433350000000000180e-02 5.119540000000000202e-01
7.068575750000000157e-01 6.226375000000000659e-02 5.096142499999999353e-01
7.191459000000000046e-01 6.214605000000000823e-02 5.215279999999999916e-01
7.137187325000000637e-01 5.956422500000000536e-02 5.197435000000000249e-01
7.083624750000000470e-01 5.700352500000000627e-02 5.178892499999999677e-01
7.232580250000000266e-01 5.620260000000000533e-02 5.272725000000000328e-01
7.179007250000000173e-01 5.321205000000000379e-02 5.256609999999999339e-01
7.126284500000000799e-01 5.020565000000000444e-02 5.239684999999999482e-01
7.284047750000000043e-01 4.960760000000000169e-02 5.316557499999999825e-01
7.231048750000000913e-01 4.612350000000000477e-02 5.300267499999999909e-01
7.179790000000000338e-01 4.268825000000000397e-02 5.283729999999999816e-01
7.319881500000000596e-01 4.316475000000000173e-02 5.371607499999999646e-01
7.268088500000000618e-01 3.933875000000000566e-02 5.355337500000000306e-01
7.217259000000000313e-01 3.559750000000000414e-02 5.339274999999999993e-01
7.336405750000000170e-01 3.714750000000000690e-02 5.444042499999999229e-01
7.287020500000001011e-01 3.329800000000000121e-02 5.426562499999999512e-01
7.237139750000000094e-01 2.925850000000000672e-02 5.412569999999999881e-01
7.351244000000000112e-01 3.468325000000000574e-02 5.516002500000000142e-01
7.301511000000000529e-01 3.018075000000000618e-02 5.500849999999999351e-01
7.251148000000000593e-01 2.612875000000000614e-02 5.484137499999999221e-01
7.383524250000000899e-01 3.171425000000000632e-02 5.564037499999999747e-01
7.333879000000000925e-01 2.747750000000000192e-02 5.546020000000000394e-01
7.283857250000000949e-01 2.341000000000000719e-02 5.521019999999999817e-01
7.432867499999999961e-01 2.629475000000000562e-02 5.591527499999999762e-01
7.375328000000000994e-01 2.329875000000000695e-02 5.579337500000000061e-01
7.319117750000000422e-01 1.877725000000000227e-02 5.551435000000000120e-01
7.483150000000000635e-01 1.954500000000000681e-02 5.642939999999999623e-01
7.399647500000000599e-01 1.626375000000000737e-02 5.614472499999999533e-01
7.314238500000000975e-01 1.390875000000000444e-02 5.596812500000000190e-01
7.540407500000000374e-01 1.116675000000000306e-02 5.666010000000000213e-01
7.421190000000000841e-01 9.420750000000005508e-03 5.642939999999999623e-01
7.323398500000000144e-01 8.236750000000001015e-03 5.616714999999999902e-01
7.556235000000000035e-01 1.394750000000000156e-03 5.671085000000000154e-01
7.443797500000000067e-01 1.550500000000010203e-03 5.642322499999999907e-01
7.341041750000000254e-01 1.511499999999998956e-03 5.611450000000000049e-01
7.552857500000000890e-01 -5.438749999999992202e-03 5.650382499999999641e-01
7.470625000000000737e-01 -6.958499999999992469e-03 5.627047499999999758e-01
7.394992500000000524e-01 -9.104500000000001481e-03 5.598472500000000185e-01
7.587000000000000410e-01 -1.141849999999999810e-02 5.616967499999999669e-01
7.526605000000000656e-01 -1.403825000000000212e-02 5.590524999999999523e-01
7.468365000000000142e-01 -1.603649999999999520e-02 5.562957499999999778e-01
7.641937500000000050e-01 -1.596449999999999259e-02 5.568279999999999896e-01
7.605480000000000018e-01 -1.973824999999999885e-02 5.540477499999999500e-01
7.573292500000000649e-01 -2.307274999999998910e-02 5.507882499999999792e-01
7.712045000000000705e-01 -1.760624999999998996e-02 5.525404999999999900e-01
7.710405000000000175e-01 -2.153924999999999590e-02 5.485130000000000283e-01
7.711362500000000786e-01 -2.514174999999999049e-02 5.442207500000000309e-01
7.785215000000000884e-01 -1.398349999999999593e-02 5.499505000000000088e-01
7.808960000000000345e-01 -1.649774999999999159e-02 5.453377499999999545e-01
7.833070000000000865e-01 -1.901349999999998874e-02 5.403599999999999515e-01
7.831580000000000208e-01 -6.540749999999997955e-03 5.472059999999999702e-01
7.865480000000000249e-01 -7.309499999999996556e-03 5.421279999999999433e-01
7.899592500000000017e-01 -7.972499999999993481e-03 5.370159999999999378e-01
7.836715000000000764e-01 3.648750000000006155e-03 5.433987499999999304e-01
7.866532500000000816e-01 3.375000000000002998e-03 5.380429999999999380e-01
7.897125000000000394e-01 3.166000000000002146e-03 5.326020000000000199e-01
7.792320000000000357e-01 1.260125000000000828e-02 5.377545000000000242e-01
7.820065000000000488e-01 1.255300000000000860e-02 5.323972499999999330e-01
7.848437500000000622e-01 1.251250000000000973e-02 5.270137499999999475e-01
7.765297500000000186e-01 2.385375000000001383e-02 5.337427499999999325e-01
7.794562500000000727e-01 2.351500000000000812e-02 5.282657499999999784e-01
7.808697500000000291e-01 2.240400000000001418e-02 5.242107499999999476e-01
7.744635000000000824e-01 3.557025000000001158e-02 5.299374999999999503e-01
7.748017500000000668e-01 3.455025000000001151e-02 5.253700000000000037e-01
7.743845000000000312e-01 3.214225000000001109e-02 5.238169999999999771e-01
7.731215000000000170e-01 4.818775000000000835e-02 5.259412500000000268e-01
7.721207500000000223e-01 4.721950000000001146e-02 5.218547499999999228e-01
7.721000000000000085e-01 4.737900000000000444e-02 5.214232500000000048e-01
7.719730000000000203e-01 5.995525000000000854e-02 5.191135000000000055e-01
7.745064999999999866e-01 5.810755000000000781e-02 5.139277500000000165e-01
7.763860000000000205e-01 5.665620000000000378e-02 5.093382499999999924e-01
7.739962500000000523e-01 7.126655000000001183e-02 5.126384999999999970e-01
7.762867500000000254e-01 6.861917500000000447e-02 5.081332499999999808e-01
7.775667500000000842e-01 6.682820000000000427e-02 5.041394999999999627e-01
7.797892500000001004e-01 8.176517500000000938e-02 5.058329999999999771e-01
7.813375000000000181e-01 7.822947500000000665e-02 5.022014999999999674e-01
7.810912500000000147e-01 7.540733500000000589e-02 4.976474999999999649e-01
7.870950000000001001e-01 9.038642500000000635e-02 4.985614999999999908e-01
7.879925000000000956e-01 8.573135000000001171e-02 4.952812999999999799e-01
7.891872500000000068e-01 8.083280000000001020e-02 4.916734249999999973e-01
7.972480000000000677e-01 9.620352500000001195e-02 4.925728499999999510e-01
7.975579999999999892e-01 9.090275000000000438e-02 4.894563249999999699e-01
7.979642500000000416e-01 8.561910000000000354e-02 4.862672749999999988e-01
8.093417500000000819e-01 9.879632500000001816e-02 4.890810749999999762e-01
8.091772500000000701e-01 9.344557500000000294e-02 4.860685750000000027e-01
8.090625000000000178e-01 8.813557500000000766e-02 4.830401500000000015e-01
8.225377500000000675e-01 9.843030000000001223e-02 4.878957250000000023e-01
8.214507500000000073e-01 9.317642500000000716e-02 4.849556999999999896e-01
8.204112500000000363e-01 8.793035000000001822e-02 4.820067999999999575e-01
8.354105000000000558e-01 9.463757500000001543e-02 4.889493499999999493e-01
8.333670000000000799e-01 8.967490000000001571e-02 4.859039499999999734e-01
8.313512499999999861e-01 8.467315000000001646e-02 4.828375999999999779e-01
8.464310000000000445e-01 8.886782500000001139e-02 4.920373499999999845e-01
8.439717500000000205e-01 8.399875000000001091e-02 4.887884249999999708e-01
8.415510000000000490e-01 7.911020000000001939e-02 4.855470749999999946e-01
8.557882500000000281e-01 8.226990000000000691e-02 4.964860249999999975e-01
8.531572499999999781e-01 7.748005000000000864e-02 4.931135249999999970e-01
8.506592500000000889e-01 7.262695250000000824e-02 4.898138999999999688e-01
8.639930000000000110e-01 7.501564250000000711e-02 5.021499999999999853e-01
8.612562500000000565e-01 7.027050000000001351e-02 4.985094999999999943e-01
8.586247500000000477e-01 6.544800000000000617e-02 4.949830249999999654e-01
8.709792499999999826e-01 6.741950000000002108e-02 5.082244999999999679e-01
8.681240000000000068e-01 6.278225000000001166e-02 5.042980000000000240e-01
8.653392500000000043e-01 5.805090000000001638e-02 5.005330000000000057e-01
8.761507500000000892e-01 5.961765000000001508e-02 5.155067500000000136e-01
8.730710000000000415e-01 5.509595000000001852e-02 5.111997499999999528e-01
8.700295000000000112e-01 5.047477500000001338e-02 5.070839999999999792e-01
8.783007500000000745e-01 5.238207500000001404e-02 5.223472499999999297e-01
8.748750000000000693e-01 4.815850000000001380e-02 5.172964999999999369e-01
8.713272499999999976e-01 4.387025000000001340e-02 5.123207499999999914e-01
8.828920000000000101e-01 4.455175000000001495e-02 5.269454999999999556e-01
8.786702500000000970e-01 4.043225000000000985e-02 5.210337499999999622e-01
8.743357500000000782e-01 3.618675000000001057e-02 5.150740000000000318e-01
8.878577500000000011e-01 3.721700000000002090e-02 5.297534999999999883e-01
8.829770000000000119e-01 3.302475000000001243e-02 5.232397500000000035e-01
8.778557500000000458e-01 2.873625000000001178e-02 5.164147500000000335e-01
8.955425000000000191e-01 3.133050000000001806e-02 5.334769999999999790e-01
8.891915000000000235e-01 2.690875000000001599e-02 5.255419999999999536e-01
8.827672500000000033e-01 2.262375000000001191e-02 5.175564999999999749e-01
9.030782500000000823e-01 2.808000000000002161e-02 5.346737499999999477e-01
8.966735000000000122e-01 2.140525000000002148e-02 5.292624999999999691e-01
8.899382500000000418e-01 1.541775000000002172e-02 5.235309999999999686e-01
9.084522500000000722e-01 2.140025000000001648e-02 5.396737499999999521e-01
9.031850000000000156e-01 1.575800000000001505e-02 5.351822499999999705e-01
8.974660000000000970e-01 1.012675000000001768e-02 5.303387499999999699e-01
9.140607499999999774e-01 1.311325000000002072e-02 5.448385000000000034e-01
9.092527500000000540e-01 7.850000000000023626e-03 5.407354999999999245e-01
9.042040000000000077e-01 2.542500000000016969e-03 5.364709999999999201e-01
9.204270000000001062e-01 -8.629249999999977216e-03 5.509852499999999820e-01
