4.884677500000000339e-01 -8.822674999999999268e-02 4.645193499999999975e-01
5.225405000000000744e-01 -5.662949999999999928e-02 4.675922750000000017e-01
5.282790000000000541e-01 -6.776850000000000929e-02 4.675029499999999727e-01
5.339145000000000696e-01 -7.886674999999998548e-02 4.677866999999999997e-01
5.326764999999999972e-01 -5.138599999999998724e-02 4.682136000000000076e-01
5.386682500000000706e-01 -6.274425000000000141e-02 4.679079500000000169e-01
5.443247500000000239e-01 -7.398949999999998584e-02 4.684096749999999698e-01
5.413105000000000278e-01 -4.751625000000000987e-02 4.688835249999999677e-01
5.488945000000000629e-01 -5.816974999999999230e-02 4.684831500000000148e-01
5.555747500000000061e-01 -6.826099999999998835e-02 4.680659999999999821e-01
5.532620000000000315e-01 -4.260175000000000767e-02 4.703797550000000105e-01
5.596677500000000194e-01 -5.294725000000000126e-02 4.703133600000000136e-01
5.659062500000000551e-01 -6.261074999999999280e-02 4.697673549999999976e-01
5.632570000000000077e-01 -3.715275000000001215e-02 4.738147850000000161e-01
5.689950000000000285e-01 -4.734300000000001007e-02 4.737992325000000005e-01
5.749762500000000776e-01 -5.679424999999999057e-02 4.731404475000000054e-01
5.743000000000000327e-01 -3.100275000000000947e-02 4.744208325000000004e-01
5.790187500000000265e-01 -4.132500000000001450e-02 4.744627624999999682e-01
5.841002500000000985e-01 -5.119799999999999351e-02 4.738341799999999937e-01
5.845270000000000188e-01 -2.515175000000001437e-02 4.729677875000000142e-01
5.893405000000000449e-01 -3.530150000000001342e-02 4.731090949999999795e-01
5.943650000000000322e-01 -4.529625000000001012e-02 4.726423550000000140e-01
5.956342500000000317e-01 -1.890325000000001032e-02 4.701733049999999858e-01
6.002052500000000235e-01 -2.905625000000000568e-02 4.704969049999999653e-01
6.050360000000000182e-01 -3.897849999999999926e-02 4.702271725000000124e-01
6.073257499999999975e-01 -1.269624999999999226e-02 4.682155499999999804e-01
6.117569999999999952e-01 -2.285624999999999463e-02 4.689238499999999754e-01
6.159784999999999844e-01 -3.315699999999999203e-02 4.691123749999999704e-01
6.192050000000000054e-01 -6.925249999999993911e-03 4.662808250000000099e-01
6.233197500000000613e-01 -1.711299999999998933e-02 4.673219499999999860e-01
6.276654999999999873e-01 -2.716149999999999121e-02 4.678576500000000138e-01
6.311767500000000641e-01 -1.237499999999988609e-03 4.650602999999999820e-01
6.353540000000000854e-01 -1.121099999999999874e-02 4.665065749999999789e-01
6.394500000000000739e-01 -2.135199999999999598e-02 4.675007499999999649e-01
6.429742500000000804e-01 4.613000000000005985e-03 4.645685499999999690e-01
6.471952499999999997e-01 -5.195749999999998980e-03 4.660967249999999895e-01
6.515159999999999840e-01 -1.493549999999999045e-02 4.672427249999999699e-01
6.561370000000000813e-01 1.068800000000000305e-02 4.678744499999999973e-01
6.599665000000000115e-01 8.465000000000000302e-04 4.673451999999999606e-01
6.641647500000000814e-01 -7.621999999999989894e-03 4.689149999999999707e-01
6.678727500000000150e-01 1.646575000000000122e-02 4.650096750000000112e-01
6.718590000000000950e-01 6.595750000000011326e-03 4.652694749999999879e-01
6.759962500000000762e-01 -2.731249999999990630e-03 4.663158749999999908e-01
6.803902500000000853e-01 2.130725000000000674e-02 4.670711750000000051e-01
6.840887500000000232e-01 1.199400000000000466e-02 4.658211749999999762e-01
6.880485000000000628e-01 2.383750000000003921e-03 4.656758249999999877e-01
6.924272000000000205e-01 2.668450000000000683e-02 4.694160499999999736e-01
6.961967749999999899e-01 1.699050000000000560e-02 4.689135500000000123e-01
7.000705750000000283e-01 7.519499999999998407e-03 4.682779749999999575e-01
7.048518750000000166e-01 3.157725000000000115e-02 4.707985375000000028e-01
7.084951750000000326e-01 2.193950000000000761e-02 4.700211774999999981e-01
7.123631275000000818e-01 1.241000000000000436e-02 4.688630249999999888e-01
7.168811875000000722e-01 3.601575000000000609e-02 4.732564924999999589e-01
7.204803499999999916e-01 2.645975000000000410e-02 4.731992549999999853e-01
7.243125750000000140e-01 1.709725000000000134e-02 4.729063974999999642e-01
7.287429250000000414e-01 4.039525000000000754e-02 4.759331749999999861e-01
7.324982750000000875e-01 3.090400000000000785e-02 4.754205749999999564e-01
7.364152500000000767e-01 2.154350000000000709e-02 4.748689999999999856e-01
7.401627500000000914e-01 4.435125000000000872e-02 4.797884000000000038e-01
7.439412499999999984e-01 3.514250000000000707e-02 4.794628749999999551e-01
7.480257500000000448e-01 2.607875000000000471e-02 4.791961750000000020e-01
7.507412500000000266e-01 4.853025000000001088e-02 4.848586249999999875e-01
7.544447499999999973e-01 3.940525000000000277e-02 4.853912499999999963e-01
7.585152500000000853e-01 3.028400000000000536e-02 4.860615749999999680e-01
7.598527500000000767e-01 5.263505000000000961e-02 4.919449999999999656e-01
7.631610000000000893e-01 4.376775000000000804e-02 4.928126749999999778e-01
7.676722500000000560e-01 3.522900000000000337e-02 4.944588749999999644e-01
7.666625000000000245e-01 5.697830000000000950e-02 5.000977500000000076e-01
7.702632500000000659e-01 4.799250000000000738e-02 5.020372499999999905e-01
7.743687500000000501e-01 3.942275000000001334e-02 5.043177500000000091e-01
7.709487500000000715e-01 6.115490000000001203e-02 5.100672499999999721e-01
7.740980000000000638e-01 5.216527500000001094e-02 5.123097500000000082e-01
7.777707500000000662e-01 4.348175000000000651e-02 5.151580000000000048e-01
7.763130000000000308e-01 6.141435000000000644e-02 5.202962500000000157e-01
7.763152500000000122e-01 5.490035000000000748e-02 5.227037500000000225e-01
7.783577500000000704e-01 4.586075000000000568e-02 5.258015000000000327e-01
7.678970000000000518e-01 6.381227500000000163e-02 5.325712499999999405e-01
7.713087500000000984e-01 5.478525000000000755e-02 5.335834999999999884e-01
7.741647500000000681e-01 4.577450000000000963e-02 5.351424999999999654e-01
7.604112500000000940e-01 6.085025000000000850e-02 5.411504999999999788e-01
7.644160000000000954e-01 5.212687500000000307e-02 5.414367500000000222e-01
7.678222500000000394e-01 4.334975000000000633e-02 5.420447499999999641e-01
7.511152500000000121e-01 5.535630000000001105e-02 5.450782499999999864e-01
7.558387500000000037e-01 4.723500000000001309e-02 5.450397499999999340e-01
7.600902500000000783e-01 3.894250000000000489e-02 5.453027499999999472e-01
7.446567500000000894e-01 5.098097500000001170e-02 5.522624999999999895e-01
7.496822499999999945e-01 4.312975000000000836e-02 5.516719999999999402e-01
7.545482500000000314e-01 3.515975000000000350e-02 5.512224999999999486e-01
7.362444250000000912e-01 4.444225000000000259e-02 5.534747500000000153e-01
7.423072500000000851e-01 3.700425000000000242e-02 5.527195000000000302e-01
7.485067499999999985e-01 2.991600000000000509e-02 5.522662499999999586e-01
7.298590500000000647e-01 3.498850000000000571e-02 5.525357499999999922e-01
7.362249250000000300e-01 2.862525000000000486e-02 5.518842499999999651e-01
7.441447500000000215e-01 2.231850000000000500e-02 5.522139999999999826e-01
7.256655250000000335e-01 2.863075000000000342e-02 5.527022499999999505e-01
7.291867250000000356e-01 1.866875000000000479e-02 5.501509999999999456e-01
7.315981500000000581e-01 1.005425000000000069e-02 5.473662499999999431e-01
7.226978000000000568e-01 1.451775000000000287e-02 5.580484999999999474e-01
7.271958000000000588e-01 6.554749999999998078e-03 5.539840000000000320e-01
7.307964250000000828e-01 -8.500000000000174083e-05 5.494007499999999933e-01
7.180146500000000875e-01 1.001250000000009077e-03 5.636075000000000390e-01
7.233383750000000889e-01 -5.462750000000002326e-03 5.586900000000000199e-01
7.282167999999999974e-01 -1.115125000000000144e-02 5.532732499999999387e-01
7.109389500000000695e-01 -1.140774999999999428e-02 5.653272499999999479e-01
7.172892750000000595e-01 -1.600524999999999864e-02 5.603812499999999419e-01
7.231465500000000546e-01 -2.062424999999999675e-02 5.550472499999999920e-01
7.035527000000000308e-01 -2.277799999999999270e-02 5.622892499999999627e-01
7.105110000000000037e-01 -2.618349999999999844e-02 5.580640000000000045e-01
7.168901175000000903e-01 -2.997674999999999645e-02 5.535039999999999960e-01
6.963205750000001082e-01 -3.245374999999998955e-02 5.563407499999999395e-01
7.036110000000000975e-01 -3.576424999999999743e-02 5.530142499999999295e-01
7.106040500000000426e-01 -3.959749999999999381e-02 5.493394999999999806e-01
6.894981500000000318e-01 -4.000249999999999639e-02 5.477922499999999806e-01
6.966382000000000962e-01 -4.364449999999998886e-02 5.444452499999999917e-01
7.042219500000000965e-01 -4.518374999999999475e-02 5.402784999999999949e-01
6.831550000000000678e-01 -4.644074999999998898e-02 5.371009999999999396e-01
6.906088750000000109e-01 -4.810899999999999899e-02 5.336722499999999592e-01
6.979040250000000389e-01 -4.974299999999999555e-02 5.299127499999999324e-01
6.774220000000000796e-01 -4.986324999999999785e-02 5.253032499999999994e-01
6.848250000000000171e-01 -5.164449999999998209e-02 5.221962500000000285e-01
6.921804750000000173e-01 -5.335650000000000115e-02 5.189144999999999452e-01
6.721767500000001005e-01 -5.079324999999999812e-02 5.127097499999999641e-01
6.795039999999999969e-01 -5.271549999999999847e-02 5.099414999999999365e-01
6.868710000000000093e-01 -5.461099999999999288e-02 5.070137500000000408e-01
6.676287499999999930e-01 -4.911299999999999000e-02 5.001744999999999663e-01
6.748327500000000922e-01 -5.123099999999999876e-02 4.974137499999999878e-01
6.820777500000000382e-01 -5.332775000000000709e-02 4.945186500000000041e-01
6.638975000000000293e-01 -4.501849999999998908e-02 4.881024499999999655e-01
6.709030000000000271e-01 -4.726400000000000046e-02 4.852393500000000137e-01
6.779187500000000144e-01 -4.946325000000000027e-02 4.822325000000000084e-01
6.608982500000000204e-01 -3.848524999999999863e-02 4.769282999999999717e-01
6.677480000000000082e-01 -4.067350000000000132e-02 4.739185149999999846e-01
6.746150000000000757e-01 -4.280099999999999183e-02 4.708066399999999985e-01
6.588690000000000380e-01 -2.966824999999999324e-02 4.671537000000000051e-01
6.656805000000000083e-01 -3.160299999999999221e-02 4.641403499999999793e-01
6.725177500000000252e-01 -3.346549999999999525e-02 4.610664999999999902e-01
6.580225000000000657e-01 -1.876724999999999921e-02 4.594120499999999607e-01
6.648842500000000655e-01 -2.040824999999998890e-02 4.565772750000000046e-01
6.717657500000000503e-01 -2.197425000000000073e-02 4.537159249999999644e-01
6.585457500000000408e-01 -6.251249999999999862e-03 4.542155499999999679e-01
6.654619999999999980e-01 -7.740499999999997383e-03 4.516930999999999585e-01
6.723827500000000290e-01 -9.173000000000000598e-03 4.491830499999999726e-01
6.606945000000000734e-01 7.227000000000011193e-03 4.520217749999999590e-01
6.675615000000000299e-01 5.614500000000008373e-03 4.497064249999999652e-01
6.744150000000000977e-01 4.074500000000008670e-03 4.474002499999999993e-01
6.626527500000000126e-01 2.061250000000000582e-02 4.476102750000000019e-01
6.693474999999999842e-01 1.853725000000000511e-02 4.455637499999999807e-01
6.760535000000000849e-01 1.655500000000000721e-02 4.434927499999999911e-01
6.670607500000000911e-01 3.362625000000000336e-02 4.440644999999999731e-01
6.729722500000000496e-01 3.159450000000000452e-02 4.437882499999999952e-01
6.792707500000000342e-01 2.912050000000000749e-02 4.413092499999999863e-01
6.743962500000000304e-01 4.615350000000000008e-02 4.421597499999999625e-01
6.789112500000000772e-01 4.387275000000000202e-02 4.435189999999999966e-01
6.845957500000000584e-01 4.129475000000000506e-02 4.412874999999999992e-01
6.820945000000000480e-01 5.868402500000000077e-02 4.452705000000000135e-01
6.859007500000000590e-01 5.576317499999999816e-02 4.467107499999999898e-01
6.913117500000000026e-01 5.252525000000000943e-02 4.443712499999999954e-01
6.891127500000000516e-01 6.931947500000000539e-02 4.542019499999999654e-01
6.939734750000000618e-01 6.573012500000000036e-02 4.518621999999999916e-01
6.993714500000000056e-01 6.186557500000000598e-02 4.495674749999999942e-01
6.979308750000000616e-01 7.797287499999999705e-02 4.607321999999999806e-01
7.029237249999999992e-01 7.380430975000000504e-02 4.584045250000000071e-01
7.080374500000000682e-01 6.973610000000000919e-02 4.560370749999999584e-01
7.069055499999999936e-01 8.734542500000000431e-02 4.644810749999999655e-01
7.120159825000000886e-01 8.329849999999999755e-02 4.622930000000000095e-01
7.169585250000000132e-01 7.914895000000000957e-02 4.599768249999999781e-01
7.171045000000000336e-01 9.530047500000000948e-02 4.699920049999999905e-01
7.214875250000000184e-01 9.101365000000000149e-02 4.679066000000000058e-01
7.261872500000000619e-01 8.673887500000000694e-02 4.655597999999999681e-01
7.284867999999999899e-01 1.008307499999999968e-01 4.778907749999999899e-01
7.317201750000000837e-01 9.593652500000000860e-02 4.749944499999999570e-01
7.353949250000000326e-01 9.127622500000000250e-02 4.721328782499999988e-01
7.392066999999999943e-01 1.018937500000000052e-01 4.866490499999999719e-01
7.419257500000000505e-01 9.676055000000000073e-02 4.831151750000000078e-01
7.449822500000000680e-01 9.186147500000001187e-02 4.795551249999999710e-01
7.524577500000000363e-01 1.021937499999999999e-01 4.909031249999999957e-01
7.540282500000000665e-01 9.704492500000000410e-02 4.871747499999999897e-01
7.559112500000000345e-01 9.191712500000001618e-02 4.829962499999999603e-01
7.622517500000000057e-01 9.704812500000001285e-02 4.974722500000000047e-01
7.630667500000000159e-01 9.349590000000000678e-02 4.947117500000000057e-01
7.644980000000000109e-01 8.944292500000000645e-02 4.907875749999999759e-01
7.618155000000000898e-01 9.152122500000001160e-02 5.019894999999999774e-01
7.688842500000000468e-01 9.148482500000000572e-02 5.000272500000000342e-01
7.761777499999999996e-01 9.171670000000001211e-02 4.975872499999999810e-01
7.664925000000000210e-01 8.815727500000000716e-02 5.105237499999999429e-01
7.728302500000000519e-01 8.798917500000000280e-02 5.082642499999999730e-01
7.807344999999999979e-01 8.712642500000000734e-02 5.054222499999999618e-01
7.689037499999999969e-01 8.151550000000000462e-02 5.178572499999999357e-01
7.751014999999999988e-01 8.059885000000001354e-02 5.159150000000000125e-01
7.813840000000000785e-01 7.913582500000000686e-02 5.138682500000000264e-01
7.700927499999999926e-01 7.161467500000000264e-02 5.224672499999999387e-01
7.758964999999999890e-01 7.034912500000001234e-02 5.205787499999999790e-01
7.805595000000000727e-01 6.951785000000000603e-02 5.187114999999999920e-01
7.684895000000000476e-01 6.024587500000000428e-02 5.236134999999999540e-01
7.740235000000000865e-01 5.883227500000001026e-02 5.216534999999999922e-01
7.749205000000000121e-01 5.884805000000000591e-02 5.207104999999999650e-01
7.695802500000000768e-01 5.097972500000000351e-02 5.279794999999999350e-01
7.745530000000000470e-01 4.885625000000000384e-02 5.256014999999999437e-01
7.780060000000000864e-01 4.633750000000000369e-02 5.232419999999999849e-01
7.658177500000000748e-01 4.066750000000000226e-02 5.273062499999999764e-01
7.708942500000000031e-01 3.784100000000000658e-02 5.249380000000000157e-01
7.753507500000000885e-01 3.509800000000001113e-02 5.228412499999999241e-01
7.608795000000000419e-01 3.222325000000000189e-02 5.236484999999999612e-01
7.654925000000000201e-01 2.894725000000000770e-02 5.213734999999999342e-01
7.701670000000000460e-01 2.571325000000000693e-02 5.190219999999999834e-01
7.565815000000000179e-01 2.865375000000000560e-02 5.142362499999999503e-01
7.604604999999999837e-01 2.453500000000000125e-02 5.135962499999999764e-01
7.631777500000000991e-01 1.924350000000000366e-02 5.120755000000000168e-01
7.489652500000000268e-01 2.459700000000000775e-02 5.080409999999999648e-01
7.522254999999999914e-01 2.030900000000000760e-02 5.057905000000000317e-01
7.557075000000000875e-01 1.628100000000000380e-02 5.030689999999999884e-01
7.428217500000000584e-01 2.529625000000000623e-02 4.998527499999999568e-01
7.453795000000000837e-01 2.099700000000000177e-02 4.967055999999999694e-01
7.478947500000000526e-01 1.670100000000000751e-02 4.934905499999999723e-01
7.361193750000000202e-01 2.864625000000000504e-02 4.923402000000000056e-01
7.377358750000000409e-01 2.415025000000000505e-02 4.886385249999999902e-01
7.392855249999999989e-01 1.968350000000000655e-02 4.848621750000000064e-01
7.295710750000000688e-01 3.261300000000000310e-02 4.860766499999999990e-01
7.302374750000000247e-01 2.828400000000000358e-02 4.820719249999999567e-01
7.307725000000000470e-01 2.401375000000000731e-02 4.780010000000000092e-01
7.218137500000000317e-01 3.787625000000000713e-02 4.821082250000000013e-01
7.215756250000000538e-01 3.363250000000000267e-02 4.779090500000000019e-01
7.212418000000000440e-01 2.945900000000000601e-02 4.737814049999999888e-01
7.129232300000000189e-01 4.168100000000000277e-02 4.796687000000000034e-01
7.122965075000000645e-01 3.749975000000000530e-02 4.754155499999999646e-01
7.114070250000000817e-01 3.327575000000000671e-02 4.721048587499999671e-01
7.039030000000000564e-01 4.480125000000000079e-02 4.811952999999999925e-01
7.026850749999999923e-01 4.068500000000000588e-02 4.770174749999999686e-01
7.014161750000000861e-01 3.655575000000000491e-02 4.728678399999999837e-01
6.958032500000000953e-01 4.597125000000000516e-02 4.855794499999999680e-01
6.939334750000000218e-01 4.180350000000000732e-02 4.816386249999999869e-01
6.920606750000000140e-01 3.761300000000000754e-02 4.777166749999999795e-01
6.900317500000000548e-01 4.567575000000000107e-02 4.924540000000000028e-01
6.874602499999999949e-01 4.132625000000000187e-02 4.890783999999999687e-01
6.849042499999999922e-01 3.696250000000000230e-02 4.857105499999999632e-01
6.873235000000000872e-01 4.445125000000000465e-02 5.008537499999999865e-01
6.842587500000000267e-01 3.981525000000000342e-02 4.982977499999999837e-01
6.811540000000000372e-01 3.517575000000000562e-02 4.958011749999999829e-01
6.878057500000001045e-01 4.268600000000000172e-02 5.097819999999999574e-01
6.844785000000001007e-01 3.771600000000000646e-02 5.080510000000000304e-01
6.811572500000000474e-01 3.279200000000000170e-02 5.062909999999999355e-01
6.910106750000000186e-01 4.049250000000000765e-02 5.183639999999999359e-01
6.876889999999999947e-01 3.526775000000000743e-02 5.172522499999999690e-01
6.842762500000000303e-01 3.007825000000000776e-02 5.161247500000000210e-01
6.963598500000000024e-01 3.815075000000000410e-02 5.259365000000000290e-01
6.931474499999999983e-01 3.262075000000000391e-02 5.253754999999999953e-01
6.897800500000000890e-01 2.717025000000000690e-02 5.247754999999999503e-01
7.032825500000000618e-01 3.580950000000000799e-02 5.322804999999999342e-01
7.002901750000000147e-01 3.002250000000000751e-02 5.321534999999999460e-01
6.971381500000000120e-01 2.431425000000000253e-02 5.319855000000000000e-01
7.115467250000000465e-01 3.338875000000000176e-02 5.373904999999999932e-01
7.085765250000000126e-01 2.750325000000000686e-02 5.374284999999999757e-01
7.058032000000000750e-01 2.156325000000000602e-02 5.375885000000000247e-01
7.211718000000000295e-01 3.097425000000000178e-02 5.413390000000000146e-01
7.179797500000000277e-01 2.489925000000000471e-02 5.413792499999999785e-01
7.147816050000000976e-01 1.902500000000000718e-02 5.414012499999999450e-01
7.312397500000000772e-01 2.558625000000000482e-02 5.445532499999999887e-01
7.267585500000000032e-01 2.020225000000000493e-02 5.441644999999999399e-01
7.223061750000000503e-01 1.480025000000000784e-02 5.437812499999999938e-01
7.402357500000000812e-01 2.016300000000000731e-02 5.503474999999999895e-01
7.345880000000000187e-01 1.496175000000000282e-02 5.483927499999999844e-01
7.291485500000000064e-01 9.640000000000009672e-03 5.463354999999999739e-01
7.496197500000000291e-01 1.280700000000000588e-02 5.536105000000000054e-01
7.414840000000000320e-01 7.671499999999997765e-03 5.516882499999999911e-01
7.339663000000000714e-01 2.799250000000003125e-03 5.501460000000000239e-01
7.582435000000000702e-01 5.667500000000005866e-03 5.558704999999999341e-01
7.472374999999999989e-01 1.837500000000102940e-04 5.541849999999999277e-01
7.382901250000000193e-01 -4.276249999999995333e-03 5.521089999999999609e-01
7.629485000000000294e-01 -3.444749999999996426e-03 5.585835000000000106e-01
7.523500000000000743e-01 -7.269249999999990997e-03 5.555592499999999490e-01
7.427137500000000614e-01 -1.072299999999999642e-02 5.523409999999999709e-01
7.651917500000000594e-01 -1.117949999999999500e-02 5.587244999999999573e-01
7.580167500000000169e-01 -1.557574999999999932e-02 5.565550000000000219e-01
7.516250000000000986e-01 -2.048049999999999871e-02 5.543854999999999755e-01
7.709687500000000915e-01 -1.753425000000000122e-02 5.581007499999999233e-01
7.665952500000000613e-01 -2.279399999999999482e-02 5.562515000000000098e-01
7.627837500000000936e-01 -2.767424999999999746e-02 5.537710000000000132e-01
7.779347500000000082e-01 -2.091250000000000053e-02 5.551154999999999839e-01
7.765160000000000950e-01 -2.635949999999999405e-02 5.536400000000000210e-01
7.751657500000000978e-01 -3.143399999999998973e-02 5.514924999999999411e-01
7.850392500000000773e-01 -2.060674999999999313e-02 5.510542499999999677e-01
7.870042500000000718e-01 -2.509474999999999900e-02 5.485212499999999602e-01
7.890200000000000546e-01 -2.946524999999999839e-02 5.456639999999999269e-01
7.897112500000000868e-01 -1.503499999999999281e-02 5.472249999999999615e-01
7.932202500000000711e-01 -1.717474999999998864e-02 5.433939999999999326e-01
7.967327500000001006e-01 -1.946199999999999319e-02 5.390847500000000014e-01
7.899860000000000770e-01 -7.334999999999994302e-03 5.429742499999999916e-01
7.933972500000000538e-01 -7.456999999999991413e-03 5.381037499999999918e-01
7.967612500000000875e-01 -7.486499999999993160e-03 5.330562500000000092e-01
7.853792500000000842e-01 5.385000000000111919e-04 5.386647500000000255e-01
7.878312499999999829e-01 1.041000000000000258e-03 5.330894999999999939e-01
7.902507500000000018e-01 1.546749999999999514e-03 5.274345000000000283e-01
7.768872500000000292e-01 5.847000000000004971e-03 5.334369999999999390e-01
7.790572500000000344e-01 6.493999999999999773e-03 5.278682499999999278e-01
7.812075000000000546e-01 7.171500000000011199e-03 5.222782499999999439e-01
7.699900000000000633e-01 1.483825000000000421e-02 5.294742500000000351e-01
7.722237500000000976e-01 1.523425000000001167e-02 5.236772499999999830e-01
7.744357500000000893e-01 1.568800000000001443e-02 5.178264999999999674e-01
7.611730000000000995e-01 2.166500000000000370e-02 5.245092499999999269e-01
7.633327500000000043e-01 2.193375000000000186e-02 5.188327499999999537e-01
7.644400000000000084e-01 2.118150000000000588e-02 5.139839999999999964e-01
7.540405000000000024e-01 3.121850000000000319e-02 5.199564999999999326e-01
7.556467500000000337e-01 2.994300000000000433e-02 5.149307499999999926e-01
7.552647500000000402e-01 2.865750000000000242e-02 5.135757499999999975e-01
7.484527500000000000e-01 4.155175000000000535e-02 5.141802500000000054e-01
7.512922499999999948e-01 4.062425000000000758e-02 5.088055000000000216e-01
7.531907500000000200e-01 3.998075000000000240e-02 5.041200000000000125e-01
7.473892500000000050e-01 5.339772500000000699e-02 5.086610000000000298e-01
7.503137500000000015e-01 5.158167500000000738e-02 5.036534999999999762e-01
7.532410000000000494e-01 4.967700000000001281e-02 4.986519999999999841e-01
7.501260000000000705e-01 6.560530000000000528e-02 5.031149999999999789e-01
7.528505000000000891e-01 6.255642499999999884e-02 4.986144999999999605e-01
7.543712500000000487e-01 5.955660000000000814e-02 4.931342499999999962e-01
7.551065000000000138e-01 7.616987500000001188e-02 4.964964249999999635e-01
7.573552500000000354e-01 7.213613500000000400e-02 4.926566499999999738e-01
7.598745000000000083e-01 6.813232500000000746e-02 4.886669249999999742e-01
7.633590000000000098e-01 8.502405000000000379e-02 4.911913749999999856e-01
7.651962500000000222e-01 8.034062500000001272e-02 4.876218499999999678e-01
7.671324999999999950e-01 7.568423750000000116e-02 4.840385749999999709e-01
7.740335000000000409e-01 9.157357500000000428e-02 4.879811749999999893e-01
7.755355000000000443e-01 8.666372500000001089e-02 4.845963249999999944e-01
7.770827500000000443e-01 8.177405000000001478e-02 4.812397499999999662e-01
7.863115000000000521e-01 9.608875000000000055e-02 4.864710999999999896e-01
7.871937500000000254e-01 9.088565000000001226e-02 4.833440249999999550e-01
7.881232500000000529e-01 8.569002500000000300e-02 4.802468249999999883e-01
7.996622500000000189e-01 9.799352500000001187e-02 4.867481750000000051e-01
7.996717500000000145e-01 9.259082500000001548e-02 4.837387249999999805e-01
7.997237500000000665e-01 8.715295000000000680e-02 4.807488500000000053e-01
8.125620000000000065e-01 9.783895000000000786e-02 4.884753499999999748e-01
8.120740000000000736e-01 9.224560000000001092e-02 4.855011499999999924e-01
8.116347500000000714e-01 8.663647500000000445e-02 4.825761749999999961e-01
8.248685000000000045e-01 9.645085000000000464e-02 4.909530749999999610e-01
8.239702500000000152e-01 9.076980000000001159e-02 4.880651499999999476e-01
8.231615000000001015e-01 8.507707500000001588e-02 4.852506999999999793e-01
8.368440000000000323e-01 9.419082500000000580e-02 4.938500249999999703e-01
8.355792499999999956e-01 8.836435000000000817e-02 4.910523249999999562e-01
8.344027500000000819e-01 8.254165000000000807e-02 4.883464750000000021e-01
8.485837500000000810e-01 9.150267500000000553e-02 4.959379749999999754e-01
8.468832500000000874e-01 8.555760000000001142e-02 4.932255249999999980e-01
8.452414999999999790e-01 7.961265000000000702e-02 4.905995749999999544e-01
8.605902500000000011e-01 8.887092500000001727e-02 4.965936999999999713e-01
8.582172500000000426e-01 8.282472500000001570e-02 4.939300499999999539e-01
8.558715000000000073e-01 7.674605000000001009e-02 4.913482249999999718e-01
8.724355000000000304e-01 8.670157500000001682e-02 4.947325249999999786e-01
8.692619999999999791e-01 8.039602500000000984e-02 4.921210749999999634e-01
8.660377500000000506e-01 7.400263485000001251e-02 4.895957249999999816e-01
8.837542500000000745e-01 8.491480000000001249e-02 4.907905499999999921e-01
8.796255000000000601e-01 7.798142500000002086e-02 4.881584999999999952e-01
8.752732500000000027e-01 7.086545000000001038e-02 4.856492249999999622e-01
8.942855000000000665e-01 8.360405000000001308e-02 4.856085999999999459e-01
8.895960000000000534e-01 7.606237250000001671e-02 4.828748749999999812e-01
8.844037500000000440e-01 6.816475000000001006e-02 4.802989499999999468e-01
9.054385000000000350e-01 8.506127500000001951e-02 4.804134749999999787e-01
8.993130000000000290e-01 7.612218500000000887e-02 4.775124249999999626e-01
8.924612499999999837e-01 6.712557500000002064e-02 4.750609499999999819e-01
9.115772500000000056e-01 8.790917500000001994e-02 4.749267249999999940e-01
9.088470000000000715e-01 7.779855000000002185e-02 4.725645599999999669e-01
9.052945000000000020e-01 6.785117500000001356e-02 4.707293549999999605e-01
9.214284999999999837e-01 8.778032500000002014e-02 4.716840474999999810e-01
9.193835000000000202e-01 7.932015000000001981e-02 4.696830824999999598e-01
9.168682500000000513e-01 7.050460000000001448e-02 4.678175499999999709e-01
9.321605000000000585e-01 8.674522500000002301e-02 4.678506499999999790e-01
9.303537500000000904e-01 7.893942500000002138e-02 4.660050749999999908e-01
9.283135000000000137e-01 7.091957500000001247e-02 4.642063749999999489e-01
9.514170000000000682e-01 7.692470000000001251e-02 4.584756749999999714e-01
