4.864290000000000003e-01 -5.916350000000003551e-02 4.648118749999999855e-01
5.300382500000000441e-01 -4.365425000000000555e-02 4.672117499999999812e-01
5.310900000000000620e-01 -5.601000000000000423e-02 4.661349000000000187e-01
5.318800000000000194e-01 -6.824374999999999192e-02 4.647465499999999805e-01
5.412300000000000999e-01 -4.292300000000000282e-02 4.676150000000000029e-01
5.428165000000000351e-01 -5.545649999999999191e-02 4.665521249999999842e-01
5.432207500000000300e-01 -6.794424999999998382e-02 4.649922249999999813e-01
5.502392500000000686e-01 -4.269925000000000803e-02 4.679961999999999733e-01
5.537827500000001013e-01 -5.526200000000000556e-02 4.670612499999999834e-01
5.566645000000000065e-01 -6.698275000000000756e-02 4.662136499999999795e-01
5.625615000000000476e-01 -4.226225000000001508e-02 4.690551000000000026e-01
5.656530000000000724e-01 -5.397674999999999002e-02 4.682285250000000065e-01
5.684842500000000243e-01 -6.510925000000000740e-02 4.674195999999999906e-01
5.726040000000000019e-01 -4.036050000000000748e-02 4.718940997500000178e-01
5.755107500000000709e-01 -5.166650000000000409e-02 4.711759950000000141e-01
5.786255000000000148e-01 -6.246174999999998256e-02 4.704481449999999843e-01
5.835080000000000267e-01 -3.752025000000000499e-02 4.718560960000000026e-01
5.858400000000000274e-01 -4.869250000000001355e-02 4.712328149999999716e-01
5.885725000000000540e-01 -5.955699999999999883e-02 4.705147275000000073e-01
5.940007500000000773e-01 -3.330750000000000377e-02 4.705084399999999722e-01
5.969022500000000786e-01 -4.417025000000000812e-02 4.698341850000000153e-01
6.002737500000000503e-01 -5.492099999999999760e-02 4.690419249999999707e-01
6.060382500000000006e-01 -2.792974999999998931e-02 4.709176274999999912e-01
6.087170000000000636e-01 -3.851424999999999987e-02 4.702450575000000077e-01
6.126175000000000370e-01 -4.875799999999999579e-02 4.695220399999999739e-01
6.170325000000000948e-01 -2.136874999999999192e-02 4.719775538250000069e-01
6.203195000000000237e-01 -3.187024999999998887e-02 4.713426350000000098e-01
6.244075000000000042e-01 -4.194549999999999668e-02 4.706682074999999910e-01
6.277047500000000335e-01 -1.520074999999999898e-02 4.739800049999999820e-01
6.309200000000000363e-01 -2.586274999999998991e-02 4.731992849999999695e-01
6.331732500000000208e-01 -3.388974999999999627e-02 4.728306150000000097e-01
6.384000000000000785e-01 -9.752499999999997282e-03 4.747219999999999773e-01
6.418390000000000484e-01 -2.019224999999999492e-02 4.739811899999999967e-01
6.443067500000000392e-01 -2.915249999999999786e-02 4.736119500000000038e-01
6.488735000000001030e-01 -5.207249999999996604e-03 4.762156499999999903e-01
6.525082500000000119e-01 -1.529874999999999985e-02 4.756775999999999782e-01
6.551345000000000640e-01 -2.555124999999999758e-02 4.751854999999999829e-01
6.604110000000000813e-01 -1.001249999999995199e-03 4.801028250000000108e-01
6.633665000000000811e-01 -1.080074999999999785e-02 4.777340999999999949e-01
6.660780000000000589e-01 -2.008449999999999125e-02 4.773418999999999857e-01
6.714809999999999945e-01 3.601500000000007473e-03 4.779277499999999845e-01
6.744054999999999911e-01 -6.299249999999992355e-03 4.761052249999999653e-01
6.771552500000000974e-01 -1.611875000000000113e-02 4.754205750000000119e-01
6.838390000000000857e-01 7.066500000000003334e-03 4.784554249999999898e-01
6.864352500000000523e-01 -2.229499999999995374e-03 4.779148249999999876e-01
6.894614500000000312e-01 -1.188374999999999848e-02 4.784387499999999682e-01
6.959814000000000833e-01 1.103400000000000214e-02 4.784661000000000053e-01
6.990644250000001003e-01 1.387750000000007033e-03 4.787440249999999620e-01
7.020642750000000154e-01 -8.294749999999989631e-03 4.792823250000000090e-01
7.092631750000000235e-01 1.551900000000000501e-02 4.786622749999999704e-01
7.117779000000000744e-01 5.537250000000007444e-03 4.804030999999999718e-01
7.149637475000000242e-01 -4.297499999999995768e-03 4.805912499999999699e-01
7.235189750000000641e-01 1.982350000000000778e-02 4.792851999999999668e-01
7.239217250000000714e-01 9.467000000000003190e-03 4.830704499999999846e-01
7.268618000000000023e-01 -3.774999999998918110e-05 4.856587249999999578e-01
7.337030250000000642e-01 2.348675000000000762e-02 4.870619250000000067e-01
7.365013250000000955e-01 1.332050000000000595e-02 4.878193499999999849e-01
7.388097750000000019e-01 3.911999999999998812e-03 4.902930749999999671e-01
7.446187499999999959e-01 2.609350000000000558e-02 4.933936749999999760e-01
7.465247500000000702e-01 1.739775000000000349e-02 4.957893999999999912e-01
7.493815000000000337e-01 7.999749999999999917e-03 4.971237499999999754e-01
7.571570000000000800e-01 2.848550000000000387e-02 4.997685000000000044e-01
7.566360000000000863e-01 2.121600000000000569e-02 5.036322500000000035e-01
7.588707500000000383e-01 1.172450000000000575e-02 5.056460000000000399e-01
7.658102500000000257e-01 3.317500000000000310e-02 5.095127499999999587e-01
7.650247500000000311e-01 2.503125000000000488e-02 5.123807499999999404e-01
7.674812500000000037e-01 1.593375000000000347e-02 5.150427499999999936e-01
7.717350000000000598e-01 3.770625000000001059e-02 5.192502500000000243e-01
7.740597500000000464e-01 2.825825000000001253e-02 5.210487499999999494e-01
7.748612500000000569e-01 1.937650000000001177e-02 5.248582499999999706e-01
7.834602500000000802e-01 3.947125000000001327e-02 5.303207500000000074e-01
7.827175000000000660e-01 3.096325000000001160e-02 5.319072499999999426e-01
7.841722500000000151e-01 2.604475000000001234e-02 5.326892500000000030e-01
7.847675000000000622e-01 3.983425000000000854e-02 5.415744999999999587e-01
7.841645000000000421e-01 3.366225000000001161e-02 5.439884999999999859e-01
7.818262500000000559e-01 2.509725000000000844e-02 5.473780000000000312e-01
7.801667500000000199e-01 4.458450000000001301e-02 5.567999999999999616e-01
7.800185000000000590e-01 3.505100000000001270e-02 5.568027500000000130e-01
7.791940000000000532e-01 2.563175000000000869e-02 5.576160000000000005e-01
7.749472500000000874e-01 4.485600000000000698e-02 5.656602499999999756e-01
7.748975000000000168e-01 3.545750000000000984e-02 5.652127499999999305e-01
7.742910000000000625e-01 2.605400000000001465e-02 5.652714999999999268e-01
7.656150000000000455e-01 4.538850000000001217e-02 5.694712499999999844e-01
7.661862500000000686e-01 3.599150000000000266e-02 5.687302499999999927e-01
7.660260000000000957e-01 2.666900000000000520e-02 5.684772499999999340e-01
7.573800000000000532e-01 4.417450000000000543e-02 5.748469999999999969e-01
7.583235000000000392e-01 3.478325000000000167e-02 5.738777499999999643e-01
7.589422500000000404e-01 2.556475000000000414e-02 5.729239999999999888e-01
7.475595000000000434e-01 4.278700000000000558e-02 5.726587499999999942e-01
7.497932500000000777e-01 3.319025000000000447e-02 5.719432500000000141e-01
7.518385000000000762e-01 2.444350000000000689e-02 5.724322499999999758e-01
7.366855250000000632e-01 3.622775000000000301e-02 5.685114999999999474e-01
7.399105000000000265e-01 2.828375000000000333e-02 5.711162499999999920e-01
7.432582500000000092e-01 1.982475000000000209e-02 5.742144999999999611e-01
7.312518000000000074e-01 3.249550000000000355e-02 5.658845000000000125e-01
7.308042000000000149e-01 2.216100000000000708e-02 5.664584999999999759e-01
7.276201000000001029e-01 1.497275000000000689e-02 5.652880000000000127e-01
7.225282000000000648e-01 2.025975000000000692e-02 5.662454999999999572e-01
7.262774750000000612e-01 1.201700000000000684e-02 5.639790000000000081e-01
7.307494750000000927e-01 4.938999999999998947e-03 5.600800000000000223e-01
7.138584575000000987e-01 8.436750000000006744e-03 5.668907499999999988e-01
7.196799500000000682e-01 1.522500000000009956e-03 5.639262499999999623e-01
7.257873500000000533e-01 -4.856499999999999706e-03 5.610442500000000221e-01
7.055535500000000848e-01 -3.392999999999993244e-03 5.646579999999999933e-01
7.125789550000000139e-01 -8.575499999999999790e-03 5.620452499999999407e-01
7.194050250000000313e-01 -1.402074999999999849e-02 5.593474999999999975e-01
6.992918750000000072e-01 -1.347524999999999418e-02 5.573620000000000241e-01
7.064933000000001018e-01 -1.781950000000000200e-02 5.554567499999999436e-01
7.134597850000000685e-01 -2.257750000000000035e-02 5.532482499999999970e-01
6.948935750000000411e-01 -1.977649999999998853e-02 5.478492499999999543e-01
7.017393500000000950e-01 -2.450724999999999432e-02 5.458012500000000156e-01
7.082933000000000145e-01 -2.968624999999999736e-02 5.434407500000000280e-01
6.877232500000000082e-01 -2.682649999999998924e-02 5.393662499999999360e-01
6.942358750000000578e-01 -3.226099999999999801e-02 5.367852499999999916e-01
7.014762250000000643e-01 -3.671449999999999714e-02 5.331182500000000157e-01
6.802035000000000720e-01 -3.219049999999999689e-02 5.318334999999999591e-01
6.862485000000000390e-01 -3.676799999999999513e-02 5.279004999999999947e-01
6.921757250000000194e-01 -4.124999999999999500e-02 5.239694999999999769e-01
6.711622500000000713e-01 -3.412474999999999536e-02 5.228172500000000111e-01
6.767495000000000038e-01 -3.873999999999999666e-02 5.186722499999999458e-01
6.824240000000000306e-01 -4.326299999999999590e-02 5.146830000000000016e-01
6.612315000000000831e-01 -3.441099999999999715e-02 5.118687499999999835e-01
6.667382500000000878e-01 -3.893974999999999520e-02 5.079262500000000236e-01
6.721945000000000281e-01 -4.349825000000000219e-02 5.038049999999999473e-01
6.503552500000000514e-01 -3.323249999999999815e-02 5.017497499999999944e-01
6.558457500000000051e-01 -3.778025000000000133e-02 4.978907499999999930e-01
6.610750000000000792e-01 -4.234149999999999026e-02 4.938195750000000106e-01
6.403097500000000108e-01 -3.037149999999999572e-02 4.900920500000000013e-01
6.461917500000000647e-01 -3.501825000000000077e-02 4.871356249999999610e-01
6.514072500000001043e-01 -3.965449999999999531e-02 4.835075500000000082e-01
6.348962500000000508e-01 -3.187450000000000006e-02 4.834355750000000063e-01
6.404805000000000081e-01 -3.629475000000000062e-02 4.808336500000000013e-01
6.459162500000000806e-01 -4.077249999999998931e-02 4.781321749999999926e-01
6.359339999999999993e-01 -3.275174999999999614e-02 4.728216849999999916e-01
6.396910000000000096e-01 -3.388075000000000114e-02 4.718291602499999904e-01
6.451490000000000835e-01 -3.862874999999998948e-02 4.698769775000000148e-01
6.392545000000000588e-01 -2.314524999999999222e-02 4.684573249999999800e-01
6.445647500000000196e-01 -2.811849999999999072e-02 4.666538000000000075e-01
6.500182500000000196e-01 -3.295700000000000018e-02 4.648033999999999777e-01
6.466192500000000898e-01 -1.722049999999999970e-02 4.699374499999999788e-01
6.520810000000000217e-01 -2.198424999999999685e-02 4.682903250000000073e-01
6.576022500000000548e-01 -2.668374999999999220e-02 4.665499499999999911e-01
6.533735000000000515e-01 -9.634499999999990294e-03 4.686693000000000109e-01
6.589385000000000936e-01 -1.414725000000000010e-02 4.670421750000000038e-01
6.646230000000000748e-01 -1.843525000000000025e-02 4.653012499999999996e-01
6.623760000000000758e-01 -3.767499999999951443e-04 4.688015500000000113e-01
6.674697500000000838e-01 -5.012499999999989186e-03 4.672976749999999679e-01
6.730400000000000826e-01 -9.127999999999997227e-03 4.655729999999999591e-01
6.715797500000000309e-01 1.072950000000000292e-02 4.673360249999999882e-01
6.768012500000000209e-01 7.610249999999998960e-03 4.670733750000000128e-01
6.827062500000000700e-01 4.337500000000008016e-03 4.650709499999999830e-01
6.796172500000000616e-01 2.368475000000000441e-02 4.669501749999999674e-01
6.842442499999999983e-01 2.170400000000000801e-02 4.682639000000000107e-01
6.900013750000000279e-01 1.924900000000000222e-02 4.662351999999999608e-01
6.864527500000000559e-01 3.883500000000000146e-02 4.710636549999999700e-01
6.906294250000000190e-01 3.632675000000000487e-02 4.722495800000000021e-01
6.962910250000000634e-01 3.336100000000000176e-02 4.700614099999999573e-01
6.927116000000000939e-01 5.252865000000000312e-02 4.766655499999999934e-01
6.978361750000000585e-01 4.928442500000000670e-02 4.745175500000000102e-01
7.035352750000000155e-01 4.589275000000000299e-02 4.721998219999999913e-01
7.008245000000000724e-01 6.442435000000000522e-02 4.790518749999999604e-01
7.062315500000000412e-01 6.083625000000000838e-02 4.769016999999999840e-01
7.117953500000000489e-01 5.732832499999999942e-02 4.745617249999999898e-01
7.065079250000000366e-01 7.306171000000000193e-02 4.827995499999999662e-01
7.117837000000000192e-01 6.931539999999999924e-02 4.811144499999999713e-01
7.171667999999999932e-01 6.587702500000000572e-02 4.782235249999999827e-01
7.138347125000000792e-01 8.066022500000000206e-02 4.880005249999999628e-01
7.182275750000000070e-01 7.662312500000000026e-02 4.856308999999999765e-01
7.230743000000000587e-01 7.268708000000000113e-02 4.831447749999999708e-01
7.235315250000000642e-01 8.646059999999999857e-02 4.950601000000000029e-01
7.266723250000000078e-01 8.171337500000000476e-02 4.919517999999999947e-01
7.298332000000000708e-01 8.246269999999999989e-02 4.927397000000000027e-01
7.345038750000000283e-01 9.154300000000001325e-02 4.967785000000000117e-01
7.367317750000000887e-01 8.609540000000000248e-02 4.934958499999999582e-01
7.393943250000000189e-01 8.097415000000000862e-02 4.900111749999999655e-01
7.467865000000000197e-01 9.452405000000001223e-02 4.937218250000000030e-01
7.478800000000001003e-01 8.880750000000001143e-02 4.907864499999999852e-01
7.492837500000000261e-01 8.293865000000000265e-02 4.873914999999999775e-01
7.577890000000000459e-01 9.158625000000000793e-02 4.963162999999999880e-01
7.583052500000000418e-01 8.766945000000000987e-02 4.942140749999999749e-01
7.592515000000000791e-01 8.274707500000000326e-02 4.913119749999999564e-01
7.583342500000000985e-01 8.720497500000000402e-02 5.010827500000000212e-01
7.646827500000000777e-01 8.722765000000000379e-02 4.976664999999999561e-01
7.711662500000000531e-01 8.727217500000000738e-02 4.937563249999999959e-01
7.641477500000000145e-01 8.554357500000001058e-02 5.087920000000000220e-01
7.696977500000000694e-01 8.561165000000001135e-02 5.051519999999999344e-01
7.769920000000000160e-01 8.506275000000000641e-02 5.009747500000000242e-01
7.692340000000000844e-01 8.071710000000001384e-02 5.161974999999999758e-01
7.749700000000000477e-01 8.045417500000000277e-02 5.131204999999999794e-01
7.810637500000000566e-01 8.028377500000000166e-02 5.111455000000000304e-01
7.732560000000000544e-01 7.254382250000000754e-02 5.225597499999999895e-01
7.787847500000000256e-01 7.200674000000001351e-02 5.198712500000000070e-01
7.833335000000000159e-01 7.175019500000000272e-02 5.176824999999999344e-01
7.751952500000000024e-01 6.164425000000001154e-02 5.267999999999999350e-01
7.805587500000000789e-01 6.079812500000000841e-02 5.243292499999999690e-01
7.813460000000000960e-01 6.070697500000001023e-02 5.233059999999999379e-01
7.777257499999999935e-01 5.414470000000000394e-02 5.328024999999999567e-01
7.811212499999999892e-01 5.214400000000000979e-02 5.304917499999999286e-01
7.809850000000000403e-01 4.908517500000000866e-02 5.284769999999999746e-01
7.771060000000000745e-01 4.354600000000000831e-02 5.336345000000000116e-01
7.794477499999999948e-01 4.081175000000001468e-02 5.320502499999999468e-01
7.803657500000000802e-01 3.802200000000001412e-02 5.305897499999999711e-01
7.774607500000000337e-01 3.519100000000001394e-02 5.275900000000000034e-01
7.778297499999999864e-01 3.289350000000001301e-02 5.270500000000000185e-01
7.779755000000000420e-01 2.927250000000001379e-02 5.261770000000000058e-01
7.706319999999999837e-01 2.946525000000000533e-02 5.198272499999999630e-01
7.719805000000000694e-01 2.770050000000000984e-02 5.203207499999999985e-01
7.722284999999999844e-01 2.205725000000001434e-02 5.205184999999999951e-01
7.601944999999999952e-01 2.873850000000000710e-02 5.154477499999999823e-01
7.622902500000000581e-01 2.385575000000000195e-02 5.132527500000000353e-01
7.633617500000000611e-01 1.953175000000000744e-02 5.121017500000000222e-01
7.550620000000000109e-01 3.132400000000000462e-02 5.071189999999999864e-01
7.565727500000000161e-01 2.663525000000000614e-02 5.038192499999999407e-01
7.558520000000000794e-01 2.292875000000000468e-02 5.026312499999999739e-01
7.493635000000000712e-01 3.596425000000000316e-02 5.001592499999999442e-01
7.502467500000000733e-01 3.193775000000000780e-02 4.957402249999999788e-01
7.492159999999999931e-01 2.912975000000000286e-02 4.943065749999999703e-01
7.436702500000000882e-01 4.189125000000000487e-02 4.952085499999999696e-01
7.436670000000000780e-01 3.840225000000000583e-02 4.905890749999999856e-01
7.422287499999999927e-01 3.472950000000000342e-02 4.893116999999999606e-01
7.376673500000000550e-01 4.891975000000000490e-02 4.927769750000000060e-01
7.359940249999999962e-01 4.600724999999999953e-02 4.885573749999999604e-01
7.342523750000000682e-01 4.213100000000000178e-02 4.871312749999999747e-01
7.315230500000000635e-01 5.563817500000000499e-02 4.918057499999999860e-01
7.287854500000000568e-01 5.342255000000000614e-02 4.871097249999999934e-01
7.258227500000000720e-01 5.015685000000000282e-02 4.849620749999999925e-01
7.255100000000000993e-01 6.167597500000000788e-02 4.954473999999999823e-01
7.221401250000000216e-01 5.989842500000000514e-02 4.909672999999999954e-01
7.193081749999999941e-01 5.764802500000000551e-02 4.877708499999999781e-01
7.198638000000000536e-01 6.528715000000000213e-02 5.014899999999999913e-01
7.158475200000000704e-01 6.363554999999999906e-02 4.973929999999999740e-01
7.117855499999999891e-01 6.212635000000000379e-02 4.935392749999999995e-01
7.157862600000000075e-01 6.580472500000000835e-02 5.092222499999999874e-01
7.111101750000000665e-01 6.408824999999999938e-02 5.057532499999999320e-01
7.064532000000000034e-01 6.246460000000000207e-02 5.021367500000000206e-01
7.142399150000000585e-01 6.333087500000000869e-02 5.174162500000000220e-01
7.091463749999999955e-01 6.124510000000000370e-02 5.146414999999999740e-01
7.040327250000000259e-01 5.916252500000000747e-02 5.119034999999999558e-01
7.154834100000000419e-01 5.866447500000000759e-02 5.251662499999999456e-01
7.102346750000000375e-01 5.604767500000000513e-02 5.229215000000000391e-01
7.049877750000000942e-01 5.352750000000000563e-02 5.206849999999999534e-01
7.190412750000000353e-01 5.252477500000000965e-02 5.320994999999999475e-01
7.137669775000000660e-01 4.966925000000000506e-02 5.299977499999999342e-01
7.084968750000000259e-01 4.682750000000000801e-02 5.280102500000000143e-01
7.230941500000001021e-01 4.569600000000000051e-02 5.379417499999999963e-01
7.176992000000000926e-01 4.246900000000000674e-02 5.359567499999999818e-01
7.124488875000000165e-01 3.926800000000000429e-02 5.341547500000000115e-01
7.271282250000000724e-01 3.830700000000000771e-02 5.416167499999999801e-01
7.218830750000000407e-01 3.458125000000000782e-02 5.398802499999999505e-01
7.167115850000000954e-01 3.093025000000000635e-02 5.382405000000000106e-01
7.303994000000000320e-01 3.115000000000000407e-02 5.470782499999999882e-01
7.253424500000000830e-01 2.738375000000000531e-02 5.455362499999999448e-01
7.203538250000000032e-01 2.331600000000000339e-02 5.442217499999999486e-01
7.334425500000000264e-01 2.759900000000000547e-02 5.531962499999999450e-01
7.284570750000000094e-01 2.297375000000000805e-02 5.520087499999999370e-01
7.233472750000000673e-01 1.894650000000000500e-02 5.505182499999999868e-01
7.379815750000000563e-01 2.397900000000000725e-02 5.560527499999999845e-01
7.328466750000000030e-01 1.970075000000000298e-02 5.550477499999999509e-01
7.272612250000000111e-01 1.578300000000000536e-02 5.535322499999999479e-01
7.427467500000000111e-01 1.916475000000000123e-02 5.595765000000000322e-01
7.368408250000000326e-01 1.635800000000000448e-02 5.587972500000000231e-01
7.326832000000000900e-01 1.217425000000000451e-02 5.567877500000000257e-01
7.476679999999999993e-01 1.295200000000000518e-02 5.646752499999999619e-01
7.389963500000000796e-01 9.783000000000000029e-03 5.630690000000000417e-01
7.303145250000000477e-01 7.542750000000000843e-03 5.622779999999999445e-01
7.534007500000000634e-01 5.112500000000005929e-03 5.682350000000000456e-01
7.413080000000000780e-01 3.316500000000000004e-03 5.671237499999999265e-01
7.312644500000000658e-01 2.162999999999998257e-03 5.654317500000000107e-01
7.547207500000000513e-01 -4.342249999999991950e-03 5.709422499999999845e-01
7.433005000000000306e-01 -4.448499999999994126e-03 5.687159999999999993e-01
7.328011250000000532e-01 -4.887249999999995764e-03 5.665002500000000385e-01
7.542730000000000823e-01 -1.167174999999999463e-02 5.712269999999999293e-01
7.460305000000000408e-01 -1.359499999999999598e-02 5.695982499999999726e-01
7.382402250000000832e-01 -1.618999999999999606e-02 5.679882499999999723e-01
7.577272500000000743e-01 -1.875625000000000209e-02 5.698462499999999986e-01
7.517032500000000450e-01 -2.207275000000000209e-02 5.683557499999999374e-01
7.456087500000000423e-01 -2.470875000000000155e-02 5.668432500000000207e-01
7.632967500000000793e-01 -2.494824999999999127e-02 5.662929999999999353e-01
7.596505000000000063e-01 -2.934974999999999390e-02 5.649254999999999693e-01
7.566445000000000531e-01 -3.360174999999999967e-02 5.628594999999999571e-01
7.703265000000000251e-01 -2.680724999999999081e-02 5.613572500000000298e-01
7.700742500000000712e-01 -3.135724999999998930e-02 5.582767499999999883e-01
7.702470000000000150e-01 -3.566074999999999107e-02 5.547137500000000054e-01
7.763282500000000530e-01 -2.229924999999999269e-02 5.561382499999999451e-01
7.782012500000000665e-01 -2.509424999999999850e-02 5.514947500000000336e-01
7.801682500000000076e-01 -2.807149999999999923e-02 5.464787500000000131e-01
7.782757500000000439e-01 -1.448249999999999538e-02 5.501509999999999456e-01
7.805852500000000083e-01 -1.535224999999999784e-02 5.443102499999999955e-01
7.828865000000000407e-01 -1.607224999999999626e-02 5.383439999999999337e-01
7.744557499999999983e-01 -5.551249999999993689e-03 5.443129999999999358e-01
7.763565000000000049e-01 -5.653499999999991865e-03 5.384687499999999405e-01
7.780790000000000761e-01 -5.483500000000002261e-03 5.322967499999999852e-01
7.682937499999999975e-01 2.839000000000008184e-03 5.391019999999999701e-01
7.699880000000000058e-01 3.009499999999998288e-03 5.333244999999999791e-01
7.716762500000000635e-01 3.164500000000000646e-03 5.273987500000000272e-01
7.604852500000001125e-01 1.174925000000000275e-02 5.348122499999999890e-01
7.615995000000000958e-01 1.019450000000000911e-02 5.295337500000000253e-01
7.628624999999999989e-01 9.266750000000004150e-03 5.289987499999999621e-01
7.532002500000000156e-01 2.089275000000000160e-02 5.297830000000000039e-01
7.525170000000001025e-01 1.857050000000000367e-02 5.286564999999999737e-01
7.522695000000000354e-01 1.641625000000000723e-02 5.279154999999999820e-01
7.490705000000000835e-01 3.180650000000000144e-02 5.228524999999999423e-01
7.459167500000000173e-01 3.012950000000000350e-02 5.205132500000000384e-01
7.455287500000000733e-01 3.023675000000000668e-02 5.202909999999999480e-01
7.389467250000000265e-01 4.144725000000000492e-02 5.228429999999999467e-01
7.372627750000000368e-01 4.066375000000000545e-02 5.171362499999999640e-01
7.354154000000000524e-01 4.009100000000000164e-02 5.124177500000000052e-01
7.315846000000000293e-01 5.233757500000000423e-02 5.207559999999999967e-01
7.305760250000000733e-01 5.075782500000000641e-02 5.154254999999999809e-01
7.290283499999999917e-01 4.978485000000000549e-02 5.112192500000000139e-01
7.280416500000000957e-01 6.465902500000000885e-02 5.155564999999999731e-01
7.274854250000000189e-01 6.184557500000000679e-02 5.110534999999999384e-01
7.249060999999999977e-01 5.914410000000000500e-02 5.071487500000000370e-01
7.259371500000000310e-01 7.482087000000001153e-02 5.072887499999999550e-01
7.255439750000000076e-01 7.071879999999999833e-02 5.032632499999999398e-01
7.251362250000000786e-01 6.644320000000000781e-02 4.988142499999999591e-01
7.303102000000000205e-01 7.966760000000000508e-02 4.958001249999999804e-01
7.292595250000000195e-01 7.784877500000000894e-02 4.944791499999999784e-01
7.285387750000000828e-01 7.301045500000000188e-02 4.907054249999999729e-01
7.290476250000000880e-01 8.785592500000000138e-02 4.867291499999999993e-01
7.280964500000000061e-01 8.485120000000000162e-02 4.851242499999999791e-01
7.274357500000000476e-01 7.973415000000000363e-02 4.818433500000000036e-01
7.344975750000000136e-01 9.470342500000000774e-02 4.782307999999999559e-01
7.332195250000000941e-01 8.925067500000000154e-02 4.757951749999999591e-01
7.320689000000000224e-01 8.380990000000000661e-02 4.732927375000000048e-01
7.450525000000000064e-01 9.475445000000000395e-02 4.710462574999999541e-01
7.429120000000000168e-01 8.932937500000000253e-02 4.690843499999999833e-01
7.408392500000000602e-01 8.385947500000000276e-02 4.670853249999999957e-01
7.567050000000000720e-01 9.127422500000001437e-02 4.686752499999999877e-01
7.540565000000000184e-01 8.588147500000001267e-02 4.666648999999999936e-01
7.514590000000000991e-01 8.047027500000000777e-02 4.646586749999999655e-01
7.674727500000000369e-01 8.604565000000000130e-02 4.700684224999999716e-01
7.645865000000000578e-01 8.073072500000000318e-02 4.679345999999999783e-01
7.618362499999999926e-01 7.537298750000000214e-02 4.658432999999999602e-01
7.771190000000000042e-01 7.968980000000000508e-02 4.741685849999999758e-01
7.740337500000000759e-01 7.432588250000000951e-02 4.718533114999999833e-01
7.710437500000000277e-01 6.894140000000001378e-02 4.695856099999999866e-01
7.862210000000000587e-01 7.416995550000000936e-02 4.794123499999999871e-01
7.830035000000000744e-01 6.879010000000000680e-02 4.769353749999999947e-01
7.798552499999999998e-01 6.340812500000000962e-02 4.745221499999999759e-01
7.949737500000000345e-01 6.798210000000000364e-02 4.873561249999999734e-01
7.914687500000000542e-01 6.261487500000001427e-02 4.845719749999999881e-01
7.880917499999999798e-01 5.722412500000000762e-02 4.819281749999999587e-01
8.001440000000000774e-01 6.201205000000001299e-02 4.958043249999999902e-01
7.960817500000000324e-01 5.684312500000000823e-02 4.922048249999999570e-01
7.920700000000000518e-01 5.165565000000001128e-02 4.886617249999999912e-01
8.023375000000000368e-01 5.574670000000001013e-02 5.056975000000000220e-01
7.976985000000000881e-01 5.056792500000000662e-02 5.008084999999999898e-01
7.930442500000000061e-01 4.538650000000001017e-02 4.958641500000000035e-01
8.025695000000000467e-01 4.973112500000001490e-02 5.145642499999999453e-01
7.975107500000000460e-01 4.442925000000000346e-02 5.086487499999999828e-01
7.923592500000000705e-01 3.925775000000001486e-02 5.023207499999999825e-01
8.024400000000000421e-01 4.436150000000001203e-02 5.239762500000000323e-01
7.967435000000000489e-01 3.901950000000001251e-02 5.160112500000000324e-01
7.909962500000000674e-01 3.380425000000001484e-02 5.080104999999999205e-01
8.044120000000000159e-01 3.893325000000000952e-02 5.307072499999999637e-01
7.966892500000000155e-01 3.426525000000001098e-02 5.249132499999999979e-01
7.892130000000000534e-01 2.980875000000000885e-02 5.185057499999999875e-01
8.017892500000000089e-01 3.478600000000001136e-02 5.395514999999999617e-01
7.953267500000000823e-01 3.082250000000000961e-02 5.347177499999999917e-01
7.885705000000000631e-01 2.669975000000000820e-02 5.294242499999999296e-01
7.982392500000000668e-01 2.986750000000001209e-02 5.491342500000000459e-01
7.922815000000000829e-01 2.617450000000001026e-02 5.447402500000000369e-01
7.861417500000000835e-01 2.238675000000001081e-02 5.401509999999999367e-01
7.853747500000000104e-01 1.665075000000001276e-02 5.638632500000000380e-01
