4.842677500000000523e-01 -7.812575000000002157e-02 4.646731250000000202e-01
5.236525000000000762e-01 -5.351400000000000601e-02 4.667951499999999920e-01
5.272810000000001107e-01 -6.543074999999998198e-02 4.657251250000000176e-01
5.307072500000000748e-01 -7.738849999999999896e-02 4.650237249999999989e-01
5.345625000000000515e-01 -5.017300000000000926e-02 4.670534250000000220e-01
5.385300000000000642e-01 -6.226950000000000540e-02 4.657501250000000148e-01
5.418264999999999887e-01 -7.453799999999999315e-02 4.651640249999999810e-01
5.436195000000000332e-01 -4.781125000000001346e-02 4.672473500000000057e-01
5.495905000000000928e-01 -5.939400000000000235e-02 4.659191999999999778e-01
5.546842499999999898e-01 -7.027100000000000013e-02 4.646984000000000115e-01
5.560340000000000282e-01 -4.455225000000001545e-02 4.686314999999999786e-01
5.614130000000000509e-01 -5.544574999999998810e-02 4.671319749999999771e-01
5.662275000000001057e-01 -6.580349999999998700e-02 4.659057500000000074e-01
5.664507500000000029e-01 -4.054950000000001609e-02 4.719542357500000063e-01
5.712749999999999773e-01 -5.108299999999998953e-02 4.703878499999999963e-01
5.760672500000000307e-01 -6.112075000000000147e-02 4.691113249999999679e-01
5.776280000000000303e-01 -3.551825000000001509e-02 4.724152474999999685e-01
5.816445000000000087e-01 -4.600600000000000522e-02 4.709136150000000076e-01
5.857237500000000985e-01 -5.628900000000000570e-02 4.694986549999999870e-01
5.878137500000000237e-01 -3.027125000000001342e-02 4.707697674999999915e-01
5.920860000000001122e-01 -4.056250000000001521e-02 4.693562499999999749e-01
5.962439999999999962e-01 -5.095500000000001417e-02 4.677525000000000155e-01
5.993827500000000752e-01 -2.426800000000001178e-02 4.700988174999999880e-01
6.035377500000000950e-01 -3.436874999999998959e-02 4.688179249999999687e-01
6.077142500000000114e-01 -4.458949999999999025e-02 4.671989999999999754e-01
6.107522499999999965e-01 -1.824824999999999364e-02 4.708216350000000161e-01
6.150600000000000511e-01 -2.834499999999999520e-02 4.693548000000000164e-01
6.189710000000000489e-01 -3.862849999999999617e-02 4.674661999999999984e-01
6.222317500000000834e-01 -1.237599999999999811e-02 4.711011299999999791e-01
6.264880000000000448e-01 -2.245450000000000224e-02 4.698250124999999722e-01
6.307430000000000536e-01 -3.240024999999999156e-02 4.682116499999999792e-01
6.336657500000000276e-01 -6.294499999999994544e-03 4.720431882499999676e-01
6.384097499999999981e-01 -1.613225000000000076e-02 4.711244099999999935e-01
6.428885000000000849e-01 -2.603149999999999908e-02 4.698256124999999894e-01
6.450927500000001036e-01 -6.824999999999192823e-05 4.738913275000000147e-01
6.500905000000000156e-01 -9.590500000000001801e-03 4.729282249999999799e-01
6.551307500000000950e-01 -1.897224999999999606e-02 4.717186374999999821e-01
6.574097500000000149e-01 6.656000000000009131e-03 4.782577499999999815e-01
6.622014999999999985e-01 -2.277749999999995056e-03 4.752735999999999628e-01
6.672912500000000025e-01 -1.038549999999999196e-02 4.746051000000000020e-01
6.682995000000000463e-01 1.449475000000000763e-02 4.770332749999999788e-01
6.733307500000000889e-01 5.355750000000006339e-03 4.746072499999999805e-01
6.784782500000000605e-01 -3.373500000000001497e-03 4.732433024999999627e-01
6.807445000000000856e-01 2.101400000000000490e-02 4.778339249999999927e-01
6.848667500000000796e-01 1.189175000000000648e-02 4.768025249999999771e-01
6.893462500000000492e-01 2.756000000000008443e-03 4.765758499999999676e-01
6.934525000000000272e-01 2.693175000000000430e-02 4.781874499999999584e-01
6.971667250000000982e-01 1.723550000000000776e-02 4.776039749999999584e-01
7.010446000000000177e-01 7.808000000000009377e-03 4.768713249999999571e-01
7.063648250000000850e-01 3.182600000000000706e-02 4.761191999999999647e-01
7.095699000000000867e-01 2.189200000000000174e-02 4.767527999999999766e-01
7.131220974999999962e-01 1.225000000000000394e-02 4.754637250000000037e-01
7.201156000000000779e-01 3.644875000000000198e-02 4.737323424999999588e-01
7.216793000000000236e-01 2.595650000000000734e-02 4.767002750000000066e-01
7.253892000000000673e-01 1.641925000000000329e-02 4.777502499999999874e-01
7.315274250000000089e-01 3.974975000000000730e-02 4.792419249999999575e-01
7.346776500000000709e-01 2.972050000000000386e-02 4.784376499999999921e-01
7.376936750000000487e-01 2.021475000000000355e-02 4.792731499999999811e-01
7.425595000000000390e-01 4.253375000000000211e-02 4.850768500000000039e-01
7.458580000000000210e-01 3.318075000000000191e-02 4.841251749999999632e-01
7.494902500000000245e-01 2.394800000000000401e-02 4.835776999999999992e-01
7.549762500000000154e-01 4.462650000000000644e-02 4.894338749999999627e-01
7.564975000000000449e-01 3.649025000000000185e-02 4.905020999999999964e-01
7.601090000000000346e-01 2.714625000000000371e-02 4.906790749999999646e-01
7.629892500000000632e-01 4.846900000000001207e-02 4.977849999999999775e-01
7.653102500000000807e-01 3.982375000000000498e-02 4.983892500000000059e-01
7.693929999999999936e-01 3.096775000000000222e-02 4.994657499999999861e-01
7.692360000000000309e-01 5.217630000000000878e-02 5.067874999999999464e-01
7.724762500000000864e-01 4.294225000000000819e-02 5.080609999999999848e-01
7.762140000000000706e-01 3.405775000000001163e-02 5.097197500000000270e-01
7.735580000000000789e-01 5.536557500000000714e-02 5.171124999999999750e-01
7.764337500000000336e-01 4.611650000000000471e-02 5.187147500000000022e-01
7.798152500000000709e-01 3.710025000000000822e-02 5.208994999999999598e-01
7.789847500000000036e-01 5.462982500000000685e-02 5.272859999999999214e-01
7.788822499999999982e-01 4.795925000000000882e-02 5.293662499999999271e-01
7.807297500000000001e-01 3.868775000000001379e-02 5.318522500000000264e-01
7.709515000000000118e-01 5.619237500000000968e-02 5.402295000000000291e-01
7.742580000000000018e-01 4.720175000000000759e-02 5.405514999999999626e-01
7.768805000000000849e-01 3.813125000000001236e-02 5.414959999999999773e-01
7.644990000000000396e-01 5.374732500000001245e-02 5.484147499999999509e-01
7.681217500000000475e-01 4.489375000000001004e-02 5.481245000000000145e-01
7.712335000000000163e-01 3.602900000000001240e-02 5.483412500000000023e-01
7.558450000000001001e-01 4.919915000000001093e-02 5.516210000000000280e-01
7.599802500000000238e-01 4.079475000000000462e-02 5.511329999999999840e-01
7.637447500000000833e-01 3.228025000000000339e-02 5.511539999999999218e-01
7.496642500000000320e-01 4.560750000000000914e-02 5.577537499999999371e-01
7.540182500000000010e-01 3.738750000000000406e-02 5.570869999999999989e-01
7.583032500000000953e-01 2.911475000000000174e-02 5.564459999999999962e-01
7.414685000000000858e-01 4.041625000000000772e-02 5.571187499999999959e-01
7.467785000000000117e-01 3.244175000000000531e-02 5.566292499999999643e-01
7.521995000000000209e-01 2.482350000000000528e-02 5.562214999999999243e-01
7.346287750000000116e-01 3.177100000000000757e-02 5.547094999999999665e-01
7.400967500000000809e-01 2.492725000000000496e-02 5.554122499999999407e-01
7.465654999999999930e-01 1.828175000000000633e-02 5.583577499999999860e-01
7.301389500000000643e-01 2.594700000000000478e-02 5.540819999999999634e-01
7.327274000000000287e-01 1.592525000000000190e-02 5.530277500000000401e-01
7.331241250000000154e-01 8.378500000000010939e-03 5.529107500000000064e-01
7.257327000000000083e-01 1.225150000000000544e-02 5.584822499999999579e-01
7.301257250000000587e-01 4.217499999999999027e-03 5.545092499999999536e-01
7.337628750000000366e-01 -2.448499999999992349e-03 5.500344999999999818e-01
7.198097500000000259e-01 -8.642499999999969651e-04 5.629659999999999664e-01
7.251861500000000849e-01 -7.346749999999999114e-03 5.582394999999999996e-01
7.302481250000000257e-01 -1.316674999999999096e-02 5.530945000000000444e-01
7.120096000000000203e-01 -1.238749999999999574e-02 5.634932499999999456e-01
7.182775500000000424e-01 -1.709524999999999240e-02 5.585737499999999800e-01
7.239282000000000217e-01 -2.179349999999999343e-02 5.531509999999999483e-01
7.039297750000000908e-01 -2.214874999999999483e-02 5.589637499999999815e-01
7.106385500000000910e-01 -2.563999999999999613e-02 5.544177500000000425e-01
7.167218250000000346e-01 -2.921424999999999716e-02 5.492509999999999337e-01
6.960609500000000116e-01 -2.897724999999999607e-02 5.511355000000000004e-01
7.028820500000000360e-01 -3.266149999999999609e-02 5.474177499999999252e-01
7.092816250000000267e-01 -3.650849999999999929e-02 5.430030000000000134e-01
6.880500000000000504e-01 -3.353475000000000206e-02 5.414752499999999635e-01
6.949756500000000559e-01 -3.733774999999998900e-02 5.376717500000000038e-01
7.024784250000000174e-01 -3.901974999999999194e-02 5.331282499999999702e-01
6.816800000000000637e-01 -4.129974999999999619e-02 5.317760000000000264e-01
6.891042500000000848e-01 -4.294549999999999756e-02 5.281114999999999560e-01
6.963000000000000300e-01 -4.472149999999999737e-02 5.241679999999999673e-01
6.753022500000001038e-01 -4.640924999999999911e-02 5.212434999999999707e-01
6.826185000000000169e-01 -4.810499999999999499e-02 5.178264999999999674e-01
6.898055250000000305e-01 -4.978249999999999342e-02 5.142185000000000228e-01
6.691112500000000463e-01 -4.885599999999999665e-02 5.093035000000000201e-01
6.764460000000001028e-01 -5.062649999999999095e-02 5.064064999999999817e-01
6.837852500000000111e-01 -5.235650000000000026e-02 5.033347499999999419e-01
6.639440000000000897e-01 -4.833374999999999477e-02 4.966729999999999756e-01
6.713770000000000016e-01 -5.010074999999999945e-02 4.942607499999999709e-01
6.788095000000000656e-01 -5.184474999999999500e-02 4.915981999999999852e-01
6.603012500000000617e-01 -4.462724999999999331e-02 4.843457999999999930e-01
6.677357500000000723e-01 -4.646775000000000211e-02 4.823496250000000041e-01
6.751482500000000053e-01 -4.816574999999999329e-02 4.799943249999999995e-01
6.582242500000000662e-01 -3.860999999999999155e-02 4.747727749999999802e-01
6.655254999999999921e-01 -4.013724999999999932e-02 4.725400449999999641e-01
6.728505000000000180e-01 -4.154650000000000010e-02 4.701955525000000025e-01
6.575735000000000330e-01 -2.892999999999999738e-02 4.685746749999999961e-01
6.647882500000000805e-01 -3.021725000000000105e-02 4.663441749999999719e-01
6.720662500000000872e-01 -3.138325000000000142e-02 4.641881999999999953e-01
6.583575000000000399e-01 -1.738075000000000037e-02 4.664564999999999961e-01
6.655312500000000187e-01 -1.831750000000000045e-02 4.641676999999999609e-01
6.727517500000000927e-01 -1.912524999999999642e-02 4.619600249999999964e-01
6.600860000000000616e-01 -5.543499999999992878e-03 4.686121749999999642e-01
6.671327500000000521e-01 -6.232000000000001427e-03 4.661163500000000126e-01
6.741577500000000001e-01 -6.806249999999999800e-03 4.636304749999999864e-01
6.601230000000000153e-01 7.416249999999999232e-03 4.665990500000000152e-01
6.670807500000000001e-01 6.682500000000007878e-03 4.641260249999999976e-01
6.739760000000000195e-01 6.027749999999998387e-03 4.616000000000000103e-01
6.596312500000000023e-01 2.024275000000000380e-02 4.617615999999999943e-01
6.664657500000000789e-01 1.899650000000000644e-02 4.595148000000000010e-01
6.732510000000000439e-01 1.783425000000000288e-02 4.571864749999999811e-01
6.621500000000000163e-01 3.333100000000000646e-02 4.575496499999999744e-01
6.682180000000000897e-01 3.180425000000000613e-02 4.571672999999999987e-01
6.745955000000000146e-01 2.961700000000000443e-02 4.546288499999999733e-01
6.686334999999999917e-01 4.596100000000000185e-02 4.554031000000000051e-01
6.731727499999999864e-01 4.369875000000000148e-02 4.566927749999999953e-01
6.788570000000000437e-01 4.122100000000000763e-02 4.543812249999999997e-01
6.762890000000000290e-01 5.787164999999999671e-02 4.587555749999999710e-01
6.800227500000000092e-01 5.480084999999999817e-02 4.600184749999999823e-01
6.852945000000000286e-01 5.151632500000000170e-02 4.575051749999999862e-01
6.839615000000000000e-01 6.744672499999999904e-02 4.677136749999999954e-01
6.884982500000000893e-01 6.363997500000000140e-02 4.650728499999999821e-01
6.936222499999999958e-01 5.956720000000000070e-02 4.624677749999999699e-01
6.931379250000000436e-01 7.508844500000000366e-02 4.735444374999999706e-01
6.977935750000000548e-01 7.068832500000001018e-02 4.708950650000000016e-01
7.026529500000000539e-01 6.643525000000000125e-02 4.682142499999999985e-01
7.020225750000000930e-01 8.401205000000000478e-02 4.755340000000000122e-01
7.067941500000000099e-01 7.979440000000000144e-02 4.728857300000000041e-01
7.113759250000000200e-01 7.548728250000000251e-02 4.701186824999999958e-01
7.125049575000000912e-01 9.173452500000001120e-02 4.789285500000000084e-01
7.163988300000000420e-01 8.728417500000000551e-02 4.762868249999999692e-01
7.206488500000000075e-01 8.285502499999999881e-02 4.733945574999999795e-01
7.243667249999999891e-01 9.666047500000000958e-02 4.846242499999999787e-01
7.270497000000000209e-01 9.167917500000000164e-02 4.813332999999999640e-01
7.302004750000000710e-01 8.691122500000000861e-02 4.780075500000000033e-01
7.352143750000000866e-01 9.682395000000000584e-02 4.915220999999999618e-01
7.373442000000000052e-01 9.164990000000000636e-02 4.876459249999999801e-01
7.397647500000000820e-01 8.665597500000001008e-02 4.836378249999999657e-01
7.485677500000000872e-01 9.652522500000000616e-02 4.950470999999999622e-01
7.496702500000000935e-01 9.136295000000001221e-02 4.911112499999999992e-01
7.510440000000000449e-01 8.622257500000000963e-02 4.866564250000000036e-01
7.580962500000000270e-01 9.110305000000000486e-02 5.014480000000000048e-01
7.587000000000000410e-01 8.757097500000000923e-02 4.986282499999999951e-01
7.598462500000000563e-01 8.338185000000000735e-02 4.947244249999999677e-01
7.580852500000000438e-01 8.594500000000000750e-02 5.062592499999999385e-01
7.649947500000000566e-01 8.602520000000000999e-02 5.037629999999999608e-01
7.721642499999999965e-01 8.630540000000000433e-02 5.008892499999999526e-01
7.633170000000000233e-01 8.319225000000000925e-02 5.147512499999999935e-01
7.694905000000000772e-01 8.315610000000001056e-02 5.120272499999999338e-01
7.773297500000000415e-01 8.236627500000000268e-02 5.089742499999999614e-01
7.661705000000000876e-01 7.694360000000000088e-02 5.223560000000000425e-01
7.722767500000000673e-01 7.625023750000001210e-02 5.199467500000000131e-01
7.785967500000000596e-01 7.486849750000000581e-02 5.177992499999999332e-01
7.677357500000000501e-01 6.708485000000000142e-02 5.263255000000000017e-01
7.735644999999999882e-01 6.617540000000000922e-02 5.243642499999999762e-01
7.783137500000000264e-01 6.541997500000000521e-02 5.226355000000000306e-01
7.663807500000000550e-01 5.591395000000000393e-02 5.262562499999999810e-01
7.719560000000000866e-01 5.469505000000000894e-02 5.244044999999999401e-01
7.728995000000000726e-01 5.480000000000000843e-02 5.235232499999999956e-01
7.669265000000000665e-01 4.637075000000000918e-02 5.292229999999999990e-01
7.719452500000000272e-01 4.424100000000000948e-02 5.269614999999999716e-01
7.754125000000000600e-01 4.187975000000001419e-02 5.244782500000000347e-01
7.626072500000000698e-01 3.702450000000000185e-02 5.264682499999999710e-01
7.675669999999999993e-01 3.404325000000000406e-02 5.240609999999999991e-01
7.718497500000000011e-01 3.113200000000001383e-02 5.218357499999999316e-01
7.577970000000000539e-01 3.056150000000000533e-02 5.208282499999999926e-01
7.615450000000000275e-01 2.684150000000000424e-02 5.183992499999999781e-01
7.660572500000000229e-01 2.336050000000000626e-02 5.159034999999999593e-01
7.562110000000000776e-01 2.813725000000000254e-02 5.088850000000000318e-01
7.578437500000000382e-01 2.566075000000000300e-02 5.089792499999999942e-01
7.592322500000000529e-01 1.986425000000000690e-02 5.068137499999999518e-01
7.463587500000000707e-01 2.812450000000000366e-02 5.034242500000000176e-01
7.487822500000000936e-01 2.372725000000000528e-02 5.005807500000000188e-01
7.515590000000000881e-01 1.955000000000000487e-02 4.973299999999999943e-01
7.410355000000000691e-01 3.154350000000000209e-02 4.952878000000000003e-01
7.428317500000000129e-01 2.734975000000000600e-02 4.915124999999999633e-01
7.445937500000000542e-01 2.318325000000000247e-02 4.876811249999999931e-01
7.342671000000000614e-01 3.649525000000000685e-02 4.885265249999999893e-01
7.359706000000000303e-01 3.293750000000000150e-02 4.839863249999999950e-01
7.374174500000000299e-01 2.937525000000000552e-02 4.798026749999999563e-01
7.284438250000000448e-01 4.231475000000000514e-02 4.829706500000000013e-01
7.291650750000000514e-01 3.894375000000000614e-02 4.782947750000000053e-01
7.284886999999999890e-01 3.503625000000000489e-02 4.769967499999999694e-01
7.211008500000000154e-01 4.866375000000000561e-02 4.800355000000000039e-01
7.204991250000000180e-01 4.515575000000000838e-02 4.758825499999999598e-01
7.196506250000000993e-01 4.095450000000000479e-02 4.744653749999999670e-01
7.127286999999999928e-01 5.300437500000000635e-02 4.787838999999999845e-01
7.114762000000000031e-01 4.985690000000000954e-02 4.739387024999999753e-01
7.101237750000000126e-01 4.566900000000000126e-02 4.716425374999999587e-01
7.043296500000000293e-01 5.562117500000000880e-02 4.817785249999999575e-01
7.023826250000000382e-01 5.256415000000000393e-02 4.770438499999999915e-01
7.002869250000000045e-01 4.949942499999999967e-02 4.723815799999999676e-01
6.974445000000000228e-01 5.578252499999999947e-02 4.878328499999999845e-01
6.947315500000000865e-01 5.261707500000000620e-02 4.834931749999999973e-01
6.920077749999999916e-01 4.942402500000000337e-02 4.791649499999999784e-01
6.932120500000000796e-01 5.404417499999999985e-02 4.956772249999999991e-01
6.898559499999999955e-01 5.050732500000000569e-02 4.920742750000000054e-01
6.865385000000000515e-01 4.696000000000000174e-02 4.884456500000000090e-01
6.921179250000000227e-01 5.139230000000000187e-02 5.042864999999999709e-01
6.884225000000000483e-01 4.731250000000000733e-02 5.016347500000000181e-01
6.847412500000000790e-01 4.317999999999999616e-02 4.990442499999999670e-01
6.940064500000000525e-01 4.843600000000000683e-02 5.129515000000000047e-01
6.901930000000000565e-01 4.383250000000000340e-02 5.112082500000000307e-01
6.863932500000000658e-01 3.928075000000000316e-02 5.094157499999999450e-01
6.981727750000000787e-01 4.524150000000000393e-02 5.211652500000000243e-01
6.944171749999999976e-01 4.032150000000000317e-02 5.200335000000000374e-01
6.905577000000000520e-01 3.546275000000000122e-02 5.188699999999999424e-01
7.039929500000000617e-01 4.199450000000000405e-02 5.285139999999999283e-01
7.003208750000000649e-01 3.676575000000000676e-02 5.278800000000000159e-01
6.964880250000000661e-01 3.164550000000000696e-02 5.272234999999999561e-01
7.109933999999999976e-01 3.871650000000000785e-02 5.348807500000000159e-01
7.074755750000000232e-01 3.324775000000000647e-02 5.346260000000000456e-01
7.038224500000000994e-01 2.787250000000000144e-02 5.343864999999999865e-01
7.190915250000000647e-01 3.529200000000000392e-02 5.402202499999999574e-01
7.155458100000000599e-01 2.980325000000000335e-02 5.400614999999999721e-01
7.122331050000000330e-01 2.418025000000000729e-02 5.401532500000000292e-01
7.264953250000000251e-01 3.382550000000000140e-02 5.464789999999999370e-01
7.228693500000000771e-01 2.802075000000000399e-02 5.463939999999999353e-01
7.192595999999999989e-01 2.240125000000000449e-02 5.462854999999999794e-01
7.347032750000001000e-01 2.924700000000000216e-02 5.518142499999999506e-01
7.299337000000000186e-01 2.403600000000000181e-02 5.512582499999999497e-01
7.253484250000000744e-01 1.884625000000000189e-02 5.502237500000000114e-01
7.436040000000000427e-01 2.321000000000000146e-02 5.553120000000000278e-01
7.375637750000000326e-01 1.887250000000000733e-02 5.531572499999999337e-01
7.322072750000000463e-01 1.349550000000000749e-02 5.507284999999999542e-01
7.515827500000000772e-01 1.537100000000000272e-02 5.592402499999999943e-01
7.435192500000000759e-01 1.117200000000000137e-02 5.562442499999999956e-01
7.358468500000000523e-01 6.635000000000002007e-03 5.544442499999999718e-01
7.595439999999999969e-01 7.396250000000006986e-03 5.609824999999999395e-01
7.481462500000000126e-01 2.971750000000009106e-03 5.590999999999999304e-01
7.388940250000000098e-01 -6.675000000000014255e-04 5.568897499999999612e-01
7.636555000000000426e-01 -2.186499999999994004e-03 5.626480000000000370e-01
7.527605000000000546e-01 -5.141249999999999987e-03 5.597164999999999502e-01
7.427697500000000064e-01 -7.646749999999993830e-03 5.566072499999999978e-01
7.654957500000000303e-01 -1.026349999999999485e-02 5.620920000000000361e-01
7.580467500000001024e-01 -1.418899999999999328e-02 5.598695000000000199e-01
7.514055000000000595e-01 -1.874374999999998959e-02 5.575615000000000432e-01
7.709632500000000999e-01 -1.681225000000000080e-02 5.609085000000000321e-01
7.663010000000000099e-01 -2.176774999999998850e-02 5.589257499999999990e-01
7.621990000000000709e-01 -2.633549999999999780e-02 5.563179999999999792e-01
7.777215000000000655e-01 -2.045349999999999946e-02 5.575037499999999646e-01
7.759170000000000789e-01 -2.575349999999999862e-02 5.558732499999999854e-01
7.742005000000000692e-01 -3.064174999999999538e-02 5.535790000000000433e-01
7.847552500000000153e-01 -2.058549999999999269e-02 5.531172500000000047e-01
7.862192500000000361e-01 -2.520274999999999599e-02 5.504122499999999363e-01
7.877327499999999816e-01 -2.965124999999999011e-02 5.473989999999999689e-01
7.896772499999999972e-01 -1.544324999999999171e-02 5.489437499999999526e-01
7.928282500000000121e-01 -1.795025000000000093e-02 5.449452499999999366e-01
7.959627500000000522e-01 -2.068724999999999037e-02 5.406072499999999836e-01
7.903277499999999955e-01 -7.981999999999989104e-03 5.441949999999999843e-01
7.935630000000000184e-01 -8.638250000000000095e-03 5.391802500000000276e-01
7.967315000000000369e-01 -9.233749999999998903e-03 5.340274999999999883e-01
7.860930000000000417e-01 -2.499999999988622434e-06 5.391457499999999792e-01
7.885322500000000456e-01 -2.299999999999940981e-04 5.335497499999999338e-01
7.909217500000000900e-01 -4.352499999999981384e-04 5.278532499999999406e-01
7.779627500000000362e-01 5.425750000000006956e-03 5.332884999999999431e-01
7.801569999999999894e-01 5.297500000000010534e-03 5.276917500000000150e-01
7.823332499999999801e-01 5.178750000000009734e-03 5.220697499999999991e-01
7.716895000000000282e-01 1.444800000000000945e-02 5.280822499999999753e-01
7.739885000000000792e-01 1.394875000000000975e-02 5.223257500000000331e-01
7.762872500000000953e-01 1.348000000000001281e-02 5.165112499999999773e-01
7.633745000000000669e-01 2.116800000000000626e-02 5.220110000000000028e-01
7.656437500000000673e-01 2.053650000000000614e-02 5.164017499999999927e-01
7.662070000000000825e-01 1.855300000000000699e-02 5.124312500000000048e-01
7.566330000000000000e-01 3.032000000000000667e-02 5.159192499999999404e-01
7.566280000000000783e-01 2.786000000000000282e-02 5.120142500000000041e-01
7.563832500000000625e-01 2.795250000000000512e-02 5.114754999999999718e-01
7.519590000000000440e-01 3.993000000000000715e-02 5.079732499999999318e-01
7.547885000000000844e-01 3.788325000000000720e-02 5.029675000000000118e-01
7.567765000000000741e-01 3.628775000000000750e-02 4.985330000000000039e-01
7.514082499999999998e-01 5.049805000000000960e-02 5.001517500000000060e-01
7.543595000000000717e-01 4.765925000000000716e-02 4.956611499999999948e-01
7.559732500000000410e-01 4.558525000000000771e-02 4.919373499999999955e-01
7.544980000000000020e-01 6.129832500000000767e-02 4.922375499999999682e-01
7.571809999999999929e-01 5.734292500000000292e-02 4.884797750000000049e-01
7.575895000000000268e-01 5.394492500000000468e-02 4.843541999999999570e-01
7.596017500000000755e-01 7.016382500000001299e-02 4.834461749999999780e-01
7.617909999999999959e-01 6.538675000000000737e-02 4.805434999999999568e-01
7.642230000000000967e-01 6.057550000000000434e-02 4.774957999999999703e-01
7.678010000000000668e-01 7.760955000000001325e-02 4.761810999999999683e-01
7.695445000000000757e-01 7.225962750000000656e-02 4.736552549999999973e-01
7.713929999999999954e-01 6.693002500000000410e-02 4.711082050000000021e-01
7.783107500000000512e-01 8.331182500000000601e-02 4.712410924999999584e-01
7.797285000000000466e-01 7.779675000000001173e-02 4.689122749999999895e-01
7.811875000000000346e-01 7.231352250000000481e-02 4.666027999999999842e-01
7.904697500000000820e-01 8.745205000000000339e-02 4.681276749999999653e-01
7.912505000000000788e-01 8.171055000000000679e-02 4.661164250000000009e-01
7.920740000000000558e-01 7.598128000000001214e-02 4.641266249999999594e-01
8.037895000000000456e-01 8.944317500000001364e-02 4.670498750000000032e-01
8.037035000000000151e-01 8.353632500000000849e-02 4.652249249999999559e-01
8.036590000000000122e-01 7.759945000000001425e-02 4.634203749999999955e-01
8.167782500000000390e-01 8.977277500000001298e-02 4.676866749999999961e-01
8.162222500000000380e-01 8.368720000000001713e-02 4.659529249999999623e-01
8.157190000000000829e-01 7.759590000000000931e-02 4.642635749999999839e-01
8.292572500000000568e-01 8.912185000000001633e-02 4.692856749999999577e-01
8.283430000000000515e-01 8.295962500000000905e-02 4.676725999999999939e-01
8.275164999999999882e-01 7.680192500000000699e-02 4.661287999999999543e-01
8.413780000000000703e-01 8.765965000000000562e-02 4.719600732500000007e-01
8.402492500000000586e-01 8.146822500000000522e-02 4.700225099999999490e-01
8.392142500000000505e-01 7.529375000000000651e-02 4.681677999999999673e-01
8.530010000000000092e-01 8.546595000000001274e-02 4.748950999999999589e-01
8.515957499999999847e-01 7.926972500000001309e-02 4.726187224999999770e-01
8.502644999999999786e-01 7.307584000000001689e-02 4.704290074999999960e-01
8.642710000000000115e-01 8.263862500000000721e-02 4.787557999999999536e-01
8.622795000000000876e-01 7.634376750000002043e-02 4.763742249999999845e-01
8.602795000000000858e-01 7.003097500000000919e-02 4.740751349999999809e-01
8.760185000000000333e-01 8.000827500000001757e-02 4.802503749999999516e-01
8.732935000000000558e-01 7.345988750000001510e-02 4.777330249999999778e-01
8.704720000000000235e-01 6.684410000000001739e-02 4.752947499999999881e-01
8.878212500000000063e-01 7.754705000000002013e-02 4.797092499999999760e-01
8.842030000000000722e-01 7.037215000000000831e-02 4.769723999999999631e-01
8.803095000000000780e-01 6.304317500000002072e-02 4.743200024999999487e-01
8.992495000000000349e-01 7.543850500000001680e-02 4.778133749999999846e-01
8.951255000000000184e-01 6.764282500000001752e-02 4.748782499999999462e-01
8.904472500000000235e-01 5.952880000000001365e-02 4.720020140749999760e-01
9.114410000000000567e-01 7.608120000000001548e-02 4.757749499999999743e-01
9.059347500000000108e-01 6.688722500000002236e-02 4.724501724999999874e-01
8.995940000000000047e-01 5.770490000000001729e-02 4.693676999999999988e-01
9.189785000000000315e-01 7.811007500000001491e-02 4.719071114999999761e-01
9.165360000000000174e-01 6.779732500000001938e-02 4.701898199999999806e-01
9.131632499999999819e-01 5.772265000000001423e-02 4.687312999999999619e-01
9.293272500000000491e-01 7.745897500000001323e-02 4.715969499999999592e-01
9.275245000000000850e-01 6.882477500000001858e-02 4.702075649999999940e-01
9.252097500000000529e-01 5.985755000000001630e-02 4.688618999999999981e-01
9.406407500000000255e-01 7.581908250000002347e-02 4.710613649999999542e-01
9.390522500000000328e-01 6.785102500000002312e-02 4.698027574999999456e-01
9.372150000000000203e-01 5.967905000000001819e-02 4.685504749999999663e-01
9.612560000000001104e-01 6.465025000000002020e-02 4.687236499999999917e-01
