4.865055000000000351e-01 -5.824375000000001079e-02 4.677941250000000051e-01
5.308490000000000153e-01 -4.466750000000001275e-02 4.667631500000000155e-01
5.312795000000000156e-01 -5.710624999999999729e-02 4.671437499999999687e-01
5.315195000000000336e-01 -6.944999999999998397e-02 4.671811000000000158e-01
5.420964999999999812e-01 -4.444050000000000777e-02 4.665806249999999711e-01
5.429912500000000364e-01 -5.707499999999998685e-02 4.669298000000000060e-01
5.429077500000000223e-01 -6.963824999999998488e-02 4.668287749999999736e-01
5.513082500000000552e-01 -4.458475000000000632e-02 4.666641750000000144e-01
5.542777500000000135e-01 -5.732524999999999427e-02 4.670807000000000153e-01
5.566212500000000674e-01 -6.917724999999999569e-02 4.675390249999999970e-01
5.639330000000000176e-01 -4.456100000000000338e-02 4.674334499999999726e-01
5.666072500000000067e-01 -5.648549999999999405e-02 4.679023749999999815e-01
5.688072500000000975e-01 -6.779649999999998178e-02 4.683977750000000162e-01
5.749397500000000827e-01 -4.304800000000000293e-02 4.701193300000000019e-01
5.771585000000000187e-01 -5.450725000000000708e-02 4.706565899999999858e-01
5.794950000000000934e-01 -6.551024999999999210e-02 4.712629124999999641e-01
5.867109999999999825e-01 -4.116075000000000983e-02 4.701929049999999943e-01
5.882970000000000699e-01 -5.236525000000000207e-02 4.708406499999999717e-01
5.901227500000000292e-01 -6.342699999999998339e-02 4.714668949999999970e-01
5.976457500000000866e-01 -3.840450000000000808e-02 4.688745999999999747e-01
5.999570000000000736e-01 -4.929550000000000598e-02 4.695837700000000114e-01
6.025432500000000857e-01 -6.023850000000000038e-02 4.702599100000000032e-01
6.098335000000000283e-01 -3.438674999999999371e-02 4.691194249999999788e-01
6.122842500000000854e-01 -4.485050000000000148e-02 4.699053899999999784e-01
6.154535000000000977e-01 -5.535699999999998955e-02 4.707318575000000171e-01
6.199645000000000294e-01 -2.922674999999999579e-02 4.698448324999999759e-01
6.233072500000000904e-01 -3.955274999999999763e-02 4.707625249999999872e-01
6.269087500000000146e-01 -4.984199999999999742e-02 4.716204075000000051e-01
6.292922499999999975e-01 -2.416574999999999973e-02 4.700349400000000122e-01
6.330775000000000707e-01 -3.436149999999998927e-02 4.710315800000000053e-01
6.360662500000000552e-01 -4.304924999999999724e-02 4.723920274999999780e-01
6.385337500000000110e-01 -1.815174999999999428e-02 4.717232275000000086e-01
6.428142500000000314e-01 -2.821124999999999328e-02 4.729359025000000050e-01
6.459560000000000857e-01 -3.716999999999999471e-02 4.742806625000000054e-01
6.479347500000000037e-01 -1.260474999999999790e-02 4.730964249999999871e-01
6.523112500000000091e-01 -2.234049999999999925e-02 4.742149849999999778e-01
6.562510000000000288e-01 -3.202424999999999022e-02 4.752725999999999895e-01
6.588410000000000100e-01 -6.346499999999991037e-03 4.770031000000000132e-01
6.629420000000000313e-01 -1.599624999999998964e-02 4.762091999999999992e-01
6.669850000000000501e-01 -2.460049999999999737e-02 4.772829749999999982e-01
6.696225000000000094e-01 -5.982499999999946194e-04 4.747466750000000069e-01
6.736372500000000763e-01 -1.029299999999999660e-02 4.744504874999999622e-01
6.774587499999999984e-01 -1.969499999999999029e-02 4.752055499999999766e-01
6.819685000000000885e-01 4.288250000000007334e-03 4.751902000000000070e-01
6.852840000000000042e-01 -4.780249999999999777e-03 4.760358249999999680e-01
6.889445000000000707e-01 -1.406399999999999317e-02 4.779744249999999806e-01
6.943127749999999931e-01 9.282750000000006274e-03 4.750606749999999878e-01
6.977038750000000844e-01 -1.685000000000019815e-04 4.767652000000000001e-01
7.011237750000000046e-01 -9.537999999999990930e-03 4.787822499999999648e-01
7.076728750000000900e-01 1.410450000000000592e-02 4.753174749999999893e-01
7.102464250000000145e-01 4.461500000000007127e-03 4.784219749999999993e-01
7.136155700000000879e-01 -5.185499999999995668e-03 4.799490249999999736e-01
7.220227750000000055e-01 1.854975000000000374e-02 4.758185999999999805e-01
7.223303750000000800e-01 8.749750000000000583e-03 4.809075999999999906e-01
7.252631000000000494e-01 -3.615000000000007097e-04 4.846847249999999829e-01
7.322533250000000660e-01 2.304800000000000598e-02 4.832031249999999556e-01
7.349344750000000870e-01 1.302950000000000635e-02 4.851729249999999771e-01
7.371147749999999998e-01 3.959500000000004682e-03 4.887756249999999913e-01
7.428339999999999943e-01 2.716275000000000633e-02 4.900032999999999750e-01
7.453392500000000087e-01 1.777925000000000338e-02 4.921783499999999867e-01
7.479687500000000711e-01 8.512249999999998984e-03 4.945528750000000029e-01
7.552880000000000704e-01 2.973700000000000648e-02 4.959462499999999774e-01
7.558885000000000742e-01 2.204350000000000753e-02 4.991122499999999795e-01
7.578925000000000800e-01 1.275100000000000539e-02 5.021019999999999373e-01
7.639795000000000336e-01 3.492775000000000740e-02 5.043067500000000258e-01
7.646717499999999834e-01 2.639350000000000723e-02 5.070685000000000331e-01
7.670977500000000227e-01 1.754900000000000210e-02 5.104697499999999444e-01
7.716667500000000679e-01 3.947950000000001458e-02 5.126042499999999835e-01
7.727505000000000068e-01 3.036050000000001248e-02 5.161989999999999634e-01
7.749087500000000350e-01 2.173700000000001326e-02 5.195692499999999825e-01
7.844695000000000418e-01 4.186900000000001038e-02 5.222149999999999848e-01
7.833557500000000173e-01 3.361425000000001218e-02 5.249752500000000044e-01
7.841820000000000457e-01 2.796200000000001462e-02 5.259782499999999805e-01
7.858057500000000806e-01 4.340050000000000852e-02 5.331784999999999997e-01
7.850880000000000081e-01 3.755525000000001223e-02 5.362982499999999764e-01
7.823525000000000063e-01 2.919400000000001161e-02 5.405164999999999553e-01
7.807032500000000708e-01 4.976547500000000346e-02 5.475484999999999935e-01
7.805407500000000054e-01 4.030650000000000899e-02 5.486139999999999350e-01
7.796342500000000841e-01 3.104450000000000959e-02 5.504597500000000254e-01
7.750482499999999941e-01 5.091000000000001080e-02 5.559922499999999657e-01
7.750282500000000852e-01 4.156600000000001266e-02 5.565927499999999695e-01
7.743587500000000956e-01 3.224550000000001027e-02 5.576392500000000307e-01
7.654310000000000835e-01 5.161815000000000847e-02 5.590745000000000298e-01
7.661202500000000581e-01 4.231700000000000739e-02 5.594527499999999431e-01
7.660222500000000156e-01 3.297925000000000162e-02 5.601217499999999738e-01
7.569432500000000674e-01 5.084857500000000696e-02 5.640634999999999399e-01
7.580050000000000399e-01 4.153700000000000447e-02 5.642024999999999402e-01
7.586730000000000418e-01 3.220325000000000271e-02 5.642172500000000035e-01
7.473160000000000913e-01 4.909605000000000913e-02 5.615862499999999535e-01
7.496447500000000819e-01 3.973650000000000793e-02 5.620444999999999469e-01
7.515637500000000859e-01 3.123250000000000332e-02 5.635339999999999794e-01
7.369735750000000474e-01 4.332050000000000484e-02 5.580837499999999896e-01
7.398325000000000040e-01 3.549425000000000496e-02 5.616259999999999586e-01
7.426617500000000094e-01 2.739825000000000593e-02 5.657885000000000275e-01
7.314336500000000463e-01 3.995075000000000709e-02 5.560037500000000188e-01
7.307193000000000715e-01 3.022700000000000387e-02 5.577305000000000179e-01
7.286194750000000164e-01 2.402450000000000419e-02 5.578192499999999887e-01
7.222723250000000483e-01 2.922025000000000317e-02 5.584357500000000085e-01
7.259919000000000233e-01 2.087725000000000691e-02 5.566789999999999239e-01
7.304688500000000584e-01 1.395575000000000288e-02 5.536572499999999897e-01
7.133722525000000259e-01 1.858375000000000304e-02 5.612024999999999375e-01
7.191121500000000610e-01 1.148950000000000665e-02 5.587617499999999460e-01
7.252824500000000230e-01 4.963750000000002882e-03 5.560622499999999802e-01
7.055051500000000253e-01 6.645499999999998630e-03 5.596050000000000191e-01
7.125183449999999974e-01 1.359250000000006287e-03 5.573844999999999494e-01
7.194179750000000428e-01 -4.117249999999988974e-03 5.547962499999999908e-01
6.995654750000001032e-01 -3.924249999999990246e-03 5.529217499999999896e-01
7.069557250000000348e-01 -8.087249999999990280e-03 5.511157500000000153e-01
7.139245075000000273e-01 -1.285024999999999362e-02 5.489197500000000396e-01
6.946858750000000082e-01 -1.102174999999999683e-02 5.438702499999999995e-01
7.015776250000000935e-01 -1.577499999999999736e-02 5.419712500000000155e-01
7.080123000000000388e-01 -2.107499999999999651e-02 5.397359999999999935e-01
6.864672500000000843e-01 -1.997074999999999545e-02 5.365977499999999845e-01
6.931189500000000114e-01 -2.533924999999999372e-02 5.341909999999999714e-01
7.004254250000000459e-01 -2.974224999999999786e-02 5.306162500000000115e-01
6.781282500000000990e-01 -2.807224999999999304e-02 5.305547499999999639e-01
6.844232500000000385e-01 -3.255049999999999610e-02 5.269549999999999512e-01
6.904611000000000498e-01 -3.695874999999999855e-02 5.231654999999999500e-01
6.680385000000000906e-01 -3.391674999999999551e-02 5.231697499999999890e-01
6.739662500000001000e-01 -3.835849999999998983e-02 5.194252499999999495e-01
6.798062500000000563e-01 -4.263174999999999604e-02 5.155677499999999913e-01
6.585807500000000481e-01 -3.760199999999999654e-02 5.140979999999999439e-01
6.647977500000000761e-01 -4.167899999999999383e-02 5.109032500000000310e-01
6.709360000000000879e-01 -4.572550000000000225e-02 5.074312500000000004e-01
6.504047500000000870e-01 -3.946074999999998889e-02 5.029894999999999783e-01
6.568672500000000136e-01 -4.343949999999999201e-02 5.002404999999999768e-01
6.632140000000000812e-01 -4.732799999999999507e-02 4.970872499999999805e-01
6.439082500000000708e-01 -3.879799999999999915e-02 4.904665249999999865e-01
6.506987500000001035e-01 -4.268024999999998903e-02 4.886238499999999707e-01
6.571632500000000876e-01 -4.651949999999999141e-02 4.859516249999999982e-01
6.396005000000000162e-01 -4.156274999999999553e-02 4.826309249999999884e-01
6.459557500000000507e-01 -4.536899999999999267e-02 4.807459749999999921e-01
6.521405000000000118e-01 -4.939749999999999697e-02 4.782470500000000069e-01
6.401700000000000168e-01 -4.060724999999999751e-02 4.730527975000000107e-01
6.447845000000000937e-01 -4.228599999999999026e-02 4.720781410000000067e-01
6.509652500000000508e-01 -4.625024999999999276e-02 4.699837974999999668e-01
6.422642499999999810e-01 -3.104324999999999446e-02 4.698643949999999903e-01
6.483915000000000095e-01 -3.494300000000000184e-02 4.678155999999999981e-01
6.546310000000000739e-01 -3.867149999999999754e-02 4.657092749999999781e-01
6.482145000000000268e-01 -2.356324999999999392e-02 4.725654549999999676e-01
6.543510000000000160e-01 -2.729799999999998894e-02 4.703957500000000014e-01
6.605505000000000404e-01 -3.094749999999998891e-02 4.682978250000000009e-01
6.534742500000000343e-01 -1.428124999999999534e-02 4.725344599999999895e-01
6.596132500000000398e-01 -1.791824999999999668e-02 4.703903899999999916e-01
6.658182500000000559e-01 -2.135700000000000098e-02 4.683350749999999896e-01
6.616330000000000267e-01 -3.424749999999990302e-03 4.743436849999999594e-01
6.672022500000001077e-01 -7.506749999999992595e-03 4.721464890000000025e-01
6.731877500000000847e-01 -1.107849999999999113e-02 4.701019549999999603e-01
6.728250000000000064e-01 8.190250000000010022e-03 4.765190249999999850e-01
6.778195000000000192e-01 4.645250000000003543e-03 4.756855249999999979e-01
6.834457500000000740e-01 1.121999999999997999e-03 4.730380275000000134e-01
6.850767500000000121e-01 1.957275000000000681e-02 4.791960999999999582e-01
6.892132499999999995e-01 1.647225000000000772e-02 4.799536999999999831e-01
6.945129750000000879e-01 1.342125000000000262e-02 4.772490249999999934e-01
6.968718250000000003e-01 3.219400000000000733e-02 4.849413249999999787e-01
7.003405249999999915e-01 2.866550000000000348e-02 4.854944499999999663e-01
7.054697250000000475e-01 2.520825000000000149e-02 4.825904500000000041e-01
7.054965750000000702e-01 4.320750000000000979e-02 4.925958749999999609e-01
7.101553500000000740e-01 3.976050000000000417e-02 4.898251249999999724e-01
7.153608275000000738e-01 3.607575000000000365e-02 4.868014999999999981e-01
7.142960765000000434e-01 5.416765000000000468e-02 4.960152250000000040e-01
7.193641750000000501e-01 5.082550000000000956e-02 4.928536000000000028e-01
7.245779500000000262e-01 4.715600000000000347e-02 4.898695750000000015e-01
7.192598749999999930e-01 6.364247500000000390e-02 4.972269999999999746e-01
7.241897500000000765e-01 6.075590000000000157e-02 4.937146749999999917e-01
7.297395500000000146e-01 5.710655000000000592e-02 4.913899250000000052e-01
7.246618000000000226e-01 7.397212920000000025e-02 4.961209249999999904e-01
7.292252250000000879e-01 7.033207500000000778e-02 4.934355500000000005e-01
7.340818500000000357e-01 6.679935000000000733e-02 4.904420499999999628e-01
7.332169000000000603e-01 8.427770000000001094e-02 4.963251999999999664e-01
7.366765750000000557e-01 7.943307500000000576e-02 4.936758749999999862e-01
7.405050000000000798e-01 7.505473750000000999e-02 4.906965999999999828e-01
7.414647500000000058e-01 9.205014999999999725e-02 4.916815999999999964e-01
7.442914999999999948e-01 8.634350000000000358e-02 4.893962499999999771e-01
7.474015000000000519e-01 8.095942500000000153e-02 4.867974749999999795e-01
7.533590000000000009e-01 9.590307500000000429e-02 4.880541999999999936e-01
7.550297500000000550e-01 8.984992500000001103e-02 4.861735499999999544e-01
7.569255000000000289e-01 8.368727500000000541e-02 4.837808749999999991e-01
7.644414999999999960e-01 9.430577500000000835e-02 4.911233749999999731e-01
7.653090000000000170e-01 9.010437500000001432e-02 4.897057249999999806e-01
7.665420000000000567e-01 8.491177500000000877e-02 4.874860500000000041e-01
7.650000000000000133e-01 9.028630000000001377e-02 4.961436750000000062e-01
7.715527500000000094e-01 8.998222500000001289e-02 4.930350000000000010e-01
7.781955000000000400e-01 8.978367500000000723e-02 4.893449500000000008e-01
7.702944999999999931e-01 8.903392500000001375e-02 5.040820000000000300e-01
7.760455000000000547e-01 8.884127500000001121e-02 5.007104999999999473e-01
7.835469999999999935e-01 8.793627500000000818e-02 4.970159999999999578e-01
7.746387500000000426e-01 8.433742500000000752e-02 5.117882499999999446e-01
7.805717500000000086e-01 8.387017500000000514e-02 5.090667500000000123e-01
7.867687500000000167e-01 8.343492500000000700e-02 5.075174999999999548e-01
7.778180000000000094e-01 7.613120250000000866e-02 5.184277499999999650e-01
7.834857500000000918e-01 7.542832750000000308e-02 5.161069999999999824e-01
7.881447500000000606e-01 7.496973750000000825e-02 5.142417499999999420e-01
7.788805000000000867e-01 6.533262500000000528e-02 5.229642500000000194e-01
7.843840000000000812e-01 6.434430000000000704e-02 5.208542499999999631e-01
7.852330000000000698e-01 6.417507500000001197e-02 5.198912500000000270e-01
7.815147500000000358e-01 5.809575000000000849e-02 5.295812500000000034e-01
7.850302500000000405e-01 5.606040000000001022e-02 5.274432499999999191e-01
7.850887500000000019e-01 5.275920000000000609e-02 5.257720000000000171e-01
7.813462500000000199e-01 4.745775000000000687e-02 5.318284999999999263e-01
7.838747500000000645e-01 4.473150000000000737e-02 5.306229999999999558e-01
7.849400000000000821e-01 4.177625000000001476e-02 5.296140000000000292e-01
7.819162500000000904e-01 3.823700000000001403e-02 5.273725000000000218e-01
7.824555000000000815e-01 3.590725000000000861e-02 5.272047499999999998e-01
7.833167500000000061e-01 3.216100000000000902e-02 5.265832499999999472e-01
7.749467500000000175e-01 3.073900000000000937e-02 5.217049999999999743e-01
7.764687500000000409e-01 2.916950000000001486e-02 5.223234999999999406e-01
7.783585000000000642e-01 2.320750000000001284e-02 5.220132499999999842e-01
7.642775000000000540e-01 2.900675000000000475e-02 5.194397499999999779e-01
7.661162500000000541e-01 2.382925000000000321e-02 5.177812499999999707e-01
7.683735000000000426e-01 1.867025000000000629e-02 5.158242499999999842e-01
7.578667500000000334e-01 3.007800000000000751e-02 5.119107499999999700e-01
7.588922500000000460e-01 2.489050000000000290e-02 5.092535000000000256e-01
7.597427500000000222e-01 1.973450000000000204e-02 5.065212500000000340e-01
7.510149999999999881e-01 3.387300000000000727e-02 5.057260000000000089e-01
7.512362500000000498e-01 2.924425000000000635e-02 5.018642500000000117e-01
7.508255000000000345e-01 2.483250000000000735e-02 4.992459999999999676e-01
7.456400000000000805e-01 3.941925000000000290e-02 5.004965000000000108e-01
7.447065000000000490e-01 3.536450000000000704e-02 4.963992999999999878e-01
7.427675000000000249e-01 3.175550000000000594e-02 4.958220499999999586e-01
7.402990000000000403e-01 4.675650000000000639e-02 4.979069999999999885e-01
7.377819250000000606e-01 4.360650000000000637e-02 4.943006500000000081e-01
7.354989000000000665e-01 3.980925000000000435e-02 4.936231749999999696e-01
7.350261250000000857e-01 5.408817500000000222e-02 4.967790499999999998e-01
7.314543250000000718e-01 5.170120000000000271e-02 4.927400749999999996e-01
7.278903250000000602e-01 4.861050000000000093e-02 4.913503499999999913e-01
7.302993000000000956e-01 6.147102500000000552e-02 5.000722499999999959e-01
7.262588500000000113e-01 5.962515000000000176e-02 4.961759249999999621e-01
7.227993750000000217e-01 5.742325000000000901e-02 4.934572999999999876e-01
7.257711000000000023e-01 6.666892500000000388e-02 5.056027499999999897e-01
7.211724250000000058e-01 6.519172500000000592e-02 5.020542500000000352e-01
7.165936775000000258e-01 6.375937500000000702e-02 4.988119999999999776e-01
7.225698500000000690e-01 6.850877500000000786e-02 5.130387499999999878e-01
7.173795500000000880e-01 6.724575000000000691e-02 5.101660000000000084e-01
7.122131050000000130e-01 6.599407499999999926e-02 5.071827500000000155e-01
7.216698750000000162e-01 6.679437500000000305e-02 5.209814999999999863e-01
7.160831850000000109e-01 6.527934999999999988e-02 5.188802499999999318e-01
7.105027000000000426e-01 6.371755000000001168e-02 5.168072499999999403e-01
7.234331999999999985e-01 6.221695000000000697e-02 5.280422499999999353e-01
7.177068250000000482e-01 6.015240000000000864e-02 5.265007499999999618e-01
7.120513325000000782e-01 5.811237500000000777e-02 5.248895000000000088e-01
7.273095500000000824e-01 5.576835000000000819e-02 5.335692499999999949e-01
7.216067250000000044e-01 5.333392500000000425e-02 5.321587500000000137e-01
7.160011000000000569e-01 5.085567500000000296e-02 5.306950000000000278e-01
7.319737500000000896e-01 4.860850000000000587e-02 5.377775000000000194e-01
7.262508250000000443e-01 4.574025000000000313e-02 5.363012499999999516e-01
7.207265999999999950e-01 4.283925000000000927e-02 5.348629999999999773e-01
7.349290500000000836e-01 4.211675000000000141e-02 5.429042499999999771e-01
7.293151750000000932e-01 3.881025000000000447e-02 5.416037499999999394e-01
7.238130500000000689e-01 3.555775000000000602e-02 5.403392499999999377e-01
7.361696000000000906e-01 3.647500000000000742e-02 5.499950000000000117e-01
7.307985000000000175e-01 3.304425000000000417e-02 5.486977499999999841e-01
7.253682250000000886e-01 2.945000000000000395e-02 5.477779999999999871e-01
7.377343250000000241e-01 3.450025000000000314e-02 5.569537500000000252e-01
7.322660750000000718e-01 3.038225000000000647e-02 5.560760000000000147e-01
7.267746750000000366e-01 2.671650000000000413e-02 5.549787499999999651e-01
7.409595000000001042e-01 3.177775000000000738e-02 5.615402499999999630e-01
7.355217750000000443e-01 2.787650000000000544e-02 5.603867499999999335e-01
7.300844750000000660e-01 2.395850000000000757e-02 5.585989999999999567e-01
7.455627500000000518e-01 2.623750000000000387e-02 5.642304999999999682e-01
7.395010000000000749e-01 2.375425000000000453e-02 5.636192500000000161e-01
7.333856750000000702e-01 1.937025000000000552e-02 5.616854999999999487e-01
7.506207500000000588e-01 1.943375000000000657e-02 5.690672500000000245e-01
7.418272500000000491e-01 1.654600000000000515e-02 5.674802500000000194e-01
7.330902750000000134e-01 1.445850000000000607e-02 5.668047499999999683e-01
7.562570000000000681e-01 1.113900000000001000e-02 5.716894999999999616e-01
7.441110000000000779e-01 9.628750000000005360e-03 5.708807499999999369e-01
7.340219250000000750e-01 8.701750000000008090e-03 5.694867500000000415e-01
7.576247500000000690e-01 1.456999999999999962e-03 5.734347499999999931e-01
7.461870000000000447e-01 1.558500000000004326e-03 5.717232500000000162e-01
7.356050000000000644e-01 1.495000000000010210e-03 5.698897499999999727e-01
7.570035000000000514e-01 -5.734999999999990106e-03 5.726412499999999905e-01
7.486487500000000850e-01 -7.476499999999997037e-03 5.714237500000000081e-01
7.407770000000000188e-01 -9.824499999999999900e-03 5.699147500000000255e-01
7.601070000000000881e-01 -1.235150000000000137e-02 5.700202500000000061e-01
7.539450000000000873e-01 -1.538225000000000009e-02 5.685362499999999653e-01
7.478737500000000038e-01 -1.784399999999999875e-02 5.669052500000000272e-01
7.652722500000000982e-01 -1.744249999999999967e-02 5.652150000000000230e-01
7.616235000000000088e-01 -2.179799999999999793e-02 5.634584999999999733e-01
7.582935000000000647e-01 -2.574749999999999261e-02 5.611162499999999831e-01
7.726297500000000040e-01 -1.830849999999999145e-02 5.592932499999999640e-01
7.724237500000000756e-01 -2.256774999999999753e-02 5.556477499999999958e-01
7.723985000000000989e-01 -2.650699999999998890e-02 5.516425000000000356e-01
7.803877500000000467e-01 -1.367699999999999472e-02 5.543194999999999650e-01
7.826547500000000657e-01 -1.631649999999999767e-02 5.494599999999999485e-01
7.848947500000000854e-01 -1.904274999999999718e-02 5.442492500000000177e-01
7.864122500000000349e-01 -5.574749999999989436e-03 5.487792499999999407e-01
7.898967500000000364e-01 -6.449499999999996902e-03 5.430110000000000214e-01
7.933600000000000652e-01 -7.327249999999993491e-03 5.372667500000000151e-01
7.886525000000000896e-01 5.350750000000001338e-03 5.413967499999999822e-01
7.922330000000000760e-01 5.112249999999998740e-03 5.358804999999999819e-01
7.960157500000000219e-01 5.017000000000007565e-03 5.301675000000000137e-01
7.853890000000000038e-01 1.479100000000001247e-02 5.353982499999999645e-01
7.887399999999999967e-01 1.483425000000001409e-02 5.300177499999999542e-01
7.921755000000000324e-01 1.492500000000001464e-02 5.245809999999999640e-01
7.830102500000000187e-01 2.612025000000001151e-02 5.314807499999999463e-01
7.855307500000000553e-01 2.538425000000001097e-02 5.262944999999999984e-01
7.861372500000000096e-01 2.387150000000001077e-02 5.258677499999999672e-01
7.808397500000000546e-01 3.787000000000001476e-02 5.276862500000000233e-01
7.797997500000000137e-01 3.596125000000001404e-02 5.259437499999999321e-01
7.787884999999999946e-01 3.445975000000001121e-02 5.250175000000000258e-01
7.792342500000000172e-01 5.048812500000000869e-02 5.234077499999999494e-01
7.787282500000000107e-01 4.927660000000000373e-02 5.193544999999999412e-01
7.787540000000000573e-01 4.940520000000001022e-02 5.189110000000000111e-01
7.781262500000000193e-01 6.180042500000000605e-02 5.156494999999999829e-01
7.813260000000000760e-01 5.964390000000000663e-02 5.110354999999999759e-01
7.837985000000000646e-01 5.800135000000000707e-02 5.068544999999999856e-01
7.804975000000000662e-01 7.268343250000000588e-02 5.086362500000000120e-01
7.834152500000000074e-01 6.974520000000000719e-02 5.047482500000000094e-01
7.852962500000000290e-01 6.763255000000001349e-02 5.011314999999999520e-01
7.873067500000000551e-01 8.260982500000001172e-02 5.020107499999999501e-01
7.893712500000000798e-01 7.877725000000000699e-02 4.990229999999999944e-01
7.898542500000000910e-01 7.560222500000000900e-02 4.947366249999999854e-01
7.963352500000000500e-01 9.032277500000000792e-02 4.958937999999999957e-01
7.976237500000000757e-01 8.534772500000001316e-02 4.933104499999999559e-01
7.991890000000000382e-01 8.009220000000001616e-02 4.904458749999999756e-01
8.081352500000000827e-01 9.469380000000000852e-02 4.926908999999999872e-01
8.087327500000000002e-01 8.912147500000000555e-02 4.901645999999999503e-01
8.094155000000000655e-01 8.352267500000000455e-02 4.876326249999999862e-01
8.207802500000001000e-01 9.542567500000001535e-02 4.935766749999999647e-01
8.208365000000000800e-01 8.983602500000001378e-02 4.910427749999999869e-01
8.209492500000000748e-01 8.424980000000001357e-02 4.885630499999999987e-01
8.328452500000000924e-01 9.293080000000000784e-02 4.980387499999999745e-01
8.320197500000000579e-01 8.755400000000000682e-02 4.952444749999999618e-01
8.312410000000000077e-01 8.215620000000001255e-02 4.925003000000000020e-01
8.424560000000000937e-01 8.716992500000000921e-02 5.052792499999999576e-01
8.408897500000001024e-01 8.221452500000001051e-02 5.019577499999999803e-01
8.393405000000000449e-01 7.719560000000001698e-02 4.986639999999999961e-01
8.485630000000000672e-01 8.010250000000000703e-02 5.139389999999999237e-01
8.467402500000000831e-01 7.526077000000001849e-02 5.102622500000000283e-01
8.449200000000000044e-01 7.038710000000000799e-02 5.066340000000000288e-01
8.520450000000000523e-01 7.286267250000001694e-02 5.231802500000000133e-01
8.501572500000000865e-01 6.809567500000000828e-02 5.193280000000000118e-01
8.482775000000000176e-01 6.325150000000001604e-02 5.156322500000000142e-01
8.538077500000000875e-01 6.564915000000001721e-02 5.329030000000000156e-01
8.518145000000000300e-01 6.081990000000001007e-02 5.288972499999999854e-01
8.498220000000000773e-01 5.594095000000001011e-02 5.250314999999999843e-01
8.544692500000000690e-01 5.857445000000001400e-02 5.425314999999999444e-01
8.523245000000000404e-01 5.377230000000000898e-02 5.383135000000000003e-01
8.502177500000001054e-01 4.893225000000001046e-02 5.341957499999999692e-01
8.571002500000000079e-01 5.069867500000001248e-02 5.526645000000000030e-01
8.548305000000000486e-01 4.587425000000001224e-02 5.481472499999999748e-01
8.526342500000000380e-01 4.100450000000001316e-02 5.437494999999999967e-01
8.571135000000000836e-01 4.383925000000001015e-02 5.614742499999999525e-01
8.547342500000000287e-01 3.913775000000001281e-02 5.561979999999999702e-01
8.524427500000000268e-01 3.437175000000001340e-02 5.508910000000000196e-01
8.596900000000000652e-01 3.621300000000000907e-02 5.691664999999999086e-01
8.569532500000001107e-01 3.140925000000001355e-02 5.628642499999999549e-01
8.541765000000000052e-01 2.653900000000001397e-02 5.564072499999999089e-01
8.629140000000000699e-01 2.886400000000001465e-02 5.752994999999999637e-01
8.598627500000000090e-01 2.387075000000001002e-02 5.682614999999999750e-01
8.565780000000000616e-01 1.888300000000001089e-02 5.607035000000000213e-01
8.678422500000000372e-01 2.306875000000001286e-02 5.823847500000000066e-01
8.638390000000000235e-01 1.776175000000001364e-02 5.735064999999999191e-01
8.597337500000000743e-01 1.266400000000000858e-02 5.644339999999999913e-01
8.739087500000000119e-01 1.932100000000001178e-02 5.866804999999999382e-01
8.686217500000000813e-01 1.238750000000000961e-02 5.804397500000000321e-01
8.632370000000000321e-01 6.106000000000014194e-03 5.736684999999999146e-01
8.761265000000000303e-01 1.325100000000001277e-02 5.942224999999999868e-01
8.717647500000000882e-01 7.403000000000020675e-03 5.890717500000000051e-01
8.670982500000000703e-01 1.541750000000022269e-03 5.834289999999999754e-01
8.782387500000000680e-01 5.629500000000023374e-03 6.022389999999999688e-01
8.742387500000000644e-01 1.825000000000159828e-04 5.975500000000000256e-01
8.700605000000000144e-01 -5.315999999999987402e-03 5.926312499999999428e-01
8.784692499999999793e-01 -1.497824999999998463e-02 6.134772499999999740e-01
