4.816800000000000526e-01 -5.196275000000002975e-02 4.614960249999999764e-01
5.268167500000000558e-01 -4.164100000000001134e-02 4.657572500000000115e-01
5.262490000000000778e-01 -5.393275000000000152e-02 4.662023249999999730e-01
5.256095000000000628e-01 -6.618849999999998346e-02 4.664999249999999820e-01
5.382255000000000233e-01 -4.215900000000001591e-02 4.670496749999999975e-01
5.377307500000000351e-01 -5.450549999999998452e-02 4.675430999999999893e-01
5.370317500000000299e-01 -6.663674999999999460e-02 4.677817499999999962e-01
5.487837500000000146e-01 -4.297750000000001569e-02 4.681046500000000110e-01
5.489027500000001059e-01 -5.500725000000000753e-02 4.687646999999999786e-01
5.487457500000000321e-01 -6.749774999999999525e-02 4.686524999999999719e-01
5.604167500000000190e-01 -4.388800000000001034e-02 4.695658050000000028e-01
5.602247500000000491e-01 -5.562424999999998620e-02 4.701157999999999726e-01
5.598350000000000826e-01 -6.756049999999999556e-02 4.700050874999999739e-01
5.720465000000000133e-01 -4.449525000000001396e-02 4.699418149999999850e-01
5.715220000000000855e-01 -5.593399999999998373e-02 4.704071125000000020e-01
5.711117500000000291e-01 -6.733675000000000077e-02 4.703013199999999672e-01
5.843040000000000456e-01 -4.511325000000000751e-02 4.693738499999999814e-01
5.829380000000000672e-01 -5.626400000000000845e-02 4.698250499999999663e-01
5.817697500000000854e-01 -6.740399999999999170e-02 4.697738100000000139e-01
5.957862500000000727e-01 -4.553175000000000971e-02 4.682463249999999633e-01
5.944845000000000823e-01 -5.666699999999999515e-02 4.685007999999999950e-01
5.933902500000000080e-01 -6.776750000000000829e-02 4.684351749999999814e-01
6.082347500000000462e-01 -4.651374999999999260e-02 4.668206999999999773e-01
6.065727499999999939e-01 -5.758874999999999411e-02 4.671152000000000082e-01
6.051155000000000284e-01 -6.861724999999999075e-02 4.670301249999999627e-01
6.206835000000000546e-01 -4.788325000000000220e-02 4.659327749999999657e-01
6.187625000000001041e-01 -5.877625000000000210e-02 4.665111249999999710e-01
6.170595000000000940e-01 -6.975000000000000644e-02 4.667950750000000038e-01
6.329795000000000282e-01 -4.924824999999999342e-02 4.656303499999999707e-01
6.311174999999999979e-01 -6.011274999999999258e-02 4.657709250000000023e-01
6.295825000000000449e-01 -7.091049999999998743e-02 4.655256999999999867e-01
6.453780000000000072e-01 -5.077774999999999650e-02 4.647518999999999956e-01
6.434505000000000363e-01 -6.146999999999999686e-02 4.651045749999999646e-01
6.416730000000000489e-01 -7.223174999999998347e-02 4.649919750000000018e-01
6.576505000000000267e-01 -5.222450000000000703e-02 4.647026249999999803e-01
6.558000000000000496e-01 -6.286775000000000002e-02 4.647477999999999887e-01
6.538917500000001048e-01 -7.354274999999999007e-02 4.649711249999999851e-01
6.698412500000000547e-01 -5.409975000000000200e-02 4.655302499999999788e-01
6.680522500000000141e-01 -6.461424999999998420e-02 4.649224000000000134e-01
6.663612500000000161e-01 -7.509325000000000028e-02 4.645821749999999861e-01
6.819855000000000222e-01 -5.569374999999998632e-02 4.668235000000000023e-01
6.804565000000000197e-01 -6.615774999999998740e-02 4.655419749999999968e-01
6.788990000000000302e-01 -7.659574999999999023e-02 4.644964999999999788e-01
6.939898500000000192e-01 -5.743149999999999644e-02 4.684169249999999840e-01
6.927537000000000278e-01 -6.769900000000000917e-02 4.664525999999999950e-01
6.915795500000000429e-01 -7.793824999999998671e-02 4.647011749999999664e-01
7.058420000000000805e-01 -5.889174999999999272e-02 4.701941450000000078e-01
7.050452500000000677e-01 -6.894624999999998671e-02 4.675872999999999835e-01
7.042370750000001012e-01 -7.895050000000000678e-02 4.660124999999999962e-01
7.176857500000000112e-01 -5.998624999999999097e-02 4.718287694999999671e-01
7.173354500000000966e-01 -6.978724999999999512e-02 4.686462249999999718e-01
7.169089299999999998e-01 -7.951924999999998578e-02 4.674087499999999840e-01
7.294856750000000556e-01 -6.076750000000000207e-02 4.732090024999999756e-01
7.295335750000000452e-01 -7.024525000000000907e-02 4.695086049999999678e-01
7.294132250000000539e-01 -7.984099999999999531e-02 4.684934499999999780e-01
7.410847500000000698e-01 -6.121825000000000183e-02 4.745995749999999958e-01
7.416700000000000514e-01 -7.030049999999998800e-02 4.699649599999999872e-01
7.422830000000000261e-01 -7.930224999999999080e-02 4.653325499999999559e-01
7.527762500000000356e-01 -6.059975000000000778e-02 4.745513999999999566e-01
7.535995000000000887e-01 -6.991249999999998854e-02 4.706690024999999888e-01
7.548365000000000213e-01 -7.898050000000000903e-02 4.667360999999999871e-01
7.648575000000000790e-01 -5.947549999999998671e-02 4.748320749999999646e-01
7.659965000000000801e-01 -6.833200000000000385e-02 4.702970099999999598e-01
7.673712500000000603e-01 -7.695425000000000182e-02 4.656818499999999528e-01
7.772235000000000671e-01 -5.835175000000000778e-02 4.753722749999999553e-01
7.782667500000000071e-01 -6.675899999999998502e-02 4.702365299999999859e-01
7.796417500000000222e-01 -7.483999999999998987e-02 4.651377999999999902e-01
7.896367500000001094e-01 -5.821574999999998279e-02 4.763369749999999958e-01
7.904285000000000894e-01 -6.608724999999998628e-02 4.706006024999999648e-01
7.912582500000000518e-01 -7.426449999999998330e-02 4.652376999999999763e-01
8.020370000000001109e-01 -5.949650000000000771e-02 4.785837000000000008e-01
8.021615000000000828e-01 -6.692024999999998669e-02 4.723687049999999998e-01
8.024972500000000508e-01 -7.461349999999999927e-02 4.666138749999999558e-01
8.143972500000000725e-01 -6.262924999999999742e-02 4.809009499999999937e-01
8.135295000000000165e-01 -6.954549999999998233e-02 4.741986599999999941e-01
8.128277500000000710e-01 -7.666749999999999954e-02 4.678732749999999774e-01
8.263405000000000333e-01 -6.771625000000000560e-02 4.827135749999999503e-01
8.241167500000000645e-01 -7.390499999999999847e-02 4.756796249999999948e-01
8.221362500000000129e-01 -8.032274999999999832e-02 4.689118749999999780e-01
8.369245000000000712e-01 -7.476249999999998175e-02 4.845321999999999685e-01
8.334777500000000172e-01 -8.007100000000000328e-02 4.772204250000000036e-01
8.301722500000000560e-01 -8.553374999999999173e-02 4.700240899999999500e-01
8.450035000000000185e-01 -8.402049999999999796e-02 4.868386999999999576e-01
8.405895000000001005e-01 -8.801775000000000571e-02 4.791695499999999996e-01
8.361500000000000599e-01 -9.237399999999998390e-02 4.714189299999999583e-01
8.486247500000000388e-01 -9.440499999999998892e-02 4.903478499999999740e-01
8.439710000000000267e-01 -9.719524999999998305e-02 4.819898749999999565e-01
8.387405000000001110e-01 -1.003290000000000015e-01 4.735591024999999954e-01
8.463482500000000242e-01 -1.040567500000000034e-01 4.950553749999999642e-01
8.419812500000000144e-01 -1.055692500000000034e-01 4.859377249999999870e-01
8.365885000000000682e-01 -1.074602500000000072e-01 4.761759499999999590e-01
8.459180000000000588e-01 -1.150442499999999868e-01 4.969427999999999623e-01
8.416197499999999998e-01 -1.150867499999999877e-01 4.869269749999999841e-01
8.351844999999999963e-01 -1.154135000000000022e-01 4.741733724999999677e-01
8.442927500000000363e-01 -1.235060000000000047e-01 4.983557499999999862e-01
8.404272500000000701e-01 -1.257344999999999990e-01 4.885915499999999856e-01
8.343192500000000678e-01 -1.270050000000000068e-01 4.761398000000000019e-01
8.450984999999999747e-01 -1.337559999999999860e-01 4.987375000000000003e-01
8.411565000000000847e-01 -1.341805000000000081e-01 4.891807999999999712e-01
8.366390000000000216e-01 -1.357124999999999859e-01 4.786784499999999776e-01
8.462860000000000937e-01 -1.465222499999999928e-01 4.966840249999999735e-01
8.429465000000000430e-01 -1.463767499999999999e-01 4.872197249999999924e-01
8.395065000000000444e-01 -1.469287499999999969e-01 4.778826249999999498e-01
8.433510000000000728e-01 -1.596157500000000007e-01 4.954410999999999676e-01
8.410957500000000309e-01 -1.583782499999999982e-01 4.864491249999999822e-01
8.384555000000000202e-01 -1.577834999999999932e-01 4.775700499999999682e-01
8.365830000000000766e-01 -1.709320000000000006e-01 4.945334249999999710e-01
8.352187500000000098e-01 -1.690912499999999985e-01 4.858552250000000017e-01
8.334122500000000766e-01 -1.675955000000000084e-01 4.772305000000000019e-01
8.267685000000000173e-01 -1.795844999999999803e-01 4.936451749999999916e-01
8.261382500000000739e-01 -1.774370000000000114e-01 4.851865249999999796e-01
8.250377500000000142e-01 -1.754404999999999992e-01 4.768136749999999924e-01
8.147785000000000721e-01 -1.853644999999999876e-01 4.922703249999999531e-01
8.149172500000000374e-01 -1.830094999999999916e-01 4.840103999999999518e-01
8.147185000000000121e-01 -1.806369999999999920e-01 4.758552749999999665e-01
8.015502500000000197e-01 -1.875844999999999874e-01 4.905364249999999982e-01
8.024792500000000883e-01 -1.851320000000000188e-01 4.825594249999999863e-01
8.031762500000000360e-01 -1.826544999999999974e-01 4.746390999999999805e-01
7.882175000000000153e-01 -1.860020000000000007e-01 4.887601500000000043e-01
7.897822500000000190e-01 -1.836544999999999983e-01 4.809980999999999840e-01
7.912327500000000402e-01 -1.812920000000000087e-01 4.732862824999999884e-01
7.753515000000000823e-01 -1.802770000000000206e-01 4.867047499999999638e-01
7.779960000000000209e-01 -1.784519999999999995e-01 4.792566999999999799e-01
7.805952500000000738e-01 -1.765244999999999731e-01 4.718082152499999959e-01
7.646105000000000818e-01 -1.710552499999999920e-01 4.839207749999999697e-01
7.683225000000000193e-01 -1.699237499999999845e-01 4.769246749999999646e-01
7.720280000000000475e-01 -1.686837499999999934e-01 4.698668624999999821e-01
7.567190000000000305e-01 -1.597492499999999815e-01 4.806029249999999586e-01
7.612945000000000961e-01 -1.590854999999999908e-01 4.741825324999999758e-01
7.658922500000000522e-01 -1.582997499999999891e-01 4.677162500000000001e-01
7.515112500000000750e-01 -1.470894999999999841e-01 4.772334249999999889e-01
7.567612500000000519e-01 -1.468730000000000036e-01 4.715253924999999735e-01
7.620462500000000361e-01 -1.464769999999999961e-01 4.657295750000000067e-01
7.480692500000000189e-01 -1.362527500000000058e-01 4.748552999999999802e-01
7.532137500000000152e-01 -1.355409999999999948e-01 4.692626999999999771e-01
7.583715000000000872e-01 -1.347609999999999919e-01 4.636311499999999919e-01
7.439325000000001076e-01 -1.255047499999999983e-01 4.729692424999999978e-01
7.488830000000000764e-01 -1.242447499999999871e-01 4.674273250000000046e-01
7.538147500000000889e-01 -1.229504999999999904e-01 4.619013999999999620e-01
7.405025000000000635e-01 -1.141840000000000077e-01 4.734647750000000044e-01
7.449435000000000917e-01 -1.123939999999999939e-01 4.676559750000000015e-01
7.493997500000000311e-01 -1.107644999999999880e-01 4.618750499999999537e-01
7.347524000000000832e-01 -1.011419999999999819e-01 4.722527125000000048e-01
7.397237500000000132e-01 -9.966125000000000678e-02 4.669543499999999625e-01
7.447394999999999987e-01 -9.815450000000000563e-02 4.616762999999999839e-01
7.304044750000000530e-01 -8.730999999999999872e-02 4.680394250000000089e-01
7.360901250000000395e-01 -8.614074999999998816e-02 4.666635000000000089e-01
7.414725000000000898e-01 -8.475449999999998263e-02 4.619504249999999979e-01
7.268007250000000363e-01 -7.370299999999999074e-02 4.687004499999999907e-01
7.325700250000000135e-01 -7.252200000000000313e-02 4.674059499999999590e-01
7.383689000000001057e-01 -7.109024999999999372e-02 4.632542499999999785e-01
7.230054500000000495e-01 -6.026724999999999444e-02 4.702499974999999610e-01
7.289878000000000746e-01 -5.898424999999998808e-02 4.667321249999999977e-01
7.349665000000000781e-01 -5.769949999999998691e-02 4.631075749999999935e-01
7.199018750000000244e-01 -4.634900000000000131e-02 4.701784874999999642e-01
7.259681749999999933e-01 -4.521949999999999581e-02 4.667739999999999667e-01
7.320291750000000874e-01 -4.408224999999998950e-02 4.633440500000000073e-01
7.177977000000000940e-01 -3.227724999999999345e-02 4.706091749999999907e-01
7.239870500000000764e-01 -3.125399999999999012e-02 4.674763999999999586e-01
7.301704750000000965e-01 -3.022099999999999786e-02 4.643294000000000032e-01
7.163377950000000549e-01 -1.845324999999999049e-02 4.719482552500000039e-01
7.225150000000000183e-01 -1.738524999999999099e-02 4.690089249999999654e-01
7.287330000000000751e-01 -1.628974999999999174e-02 4.660606250000000061e-01
7.146296767499999980e-01 -5.219500000000001916e-03 4.743789574999999759e-01
7.207301000000000402e-01 -3.729249999999989518e-03 4.715562724999999844e-01
7.268729750000000323e-01 -2.306249999999995803e-03 4.688027999999999640e-01
7.133307475000000286e-01 7.418000000000007921e-03 4.778788250000000071e-01
7.194542250000000028e-01 9.155750000000004163e-03 4.751839999999999953e-01
7.255955000000000599e-01 1.091975000000000584e-02 4.726487349999999865e-01
7.127057300000000373e-01 1.996375000000000233e-02 4.833464749999999976e-01
7.189398250000000878e-01 2.141800000000000648e-02 4.805472249999999668e-01
7.252087249999999985e-01 2.272800000000000514e-02 4.779554500000000039e-01
7.108962000000000891e-01 3.270650000000000640e-02 4.865148999999999724e-01
7.179500000000000881e-01 3.404575000000000656e-02 4.832778500000000088e-01
7.249828249999999974e-01 3.513600000000000750e-02 4.805198250000000115e-01
7.086263500000000715e-01 4.602525000000000366e-02 4.859176499999999788e-01
7.169572750000000605e-01 4.689025000000000831e-02 4.820535750000000119e-01
7.250563000000000979e-01 4.740650000000000419e-02 4.789954999999999630e-01
7.059265500000000415e-01 5.828735000000000166e-02 4.824248499999999606e-01
7.166082625000000927e-01 5.883982500000000532e-02 4.771158999999999817e-01
7.271280750000000959e-01 5.875620000000000842e-02 4.733226999999999851e-01
7.057728000000000890e-01 6.996820000000000817e-02 4.768083999999999656e-01
7.168867600000000673e-01 6.756192500000000878e-02 4.734511499999999873e-01
7.284283500000000577e-01 6.399010000000000808e-02 4.693289250000000079e-01
7.112084250000000329e-01 8.011737500000000456e-02 4.745033249999999758e-01
7.195697500000000080e-01 7.811425000000001007e-02 4.715281749999999938e-01
7.285488750000000957e-01 7.590893500000001071e-02 4.675026999999999933e-01
7.161046975000000536e-01 9.090435000000000876e-02 4.719157115000000013e-01
7.233378500000000599e-01 8.964260000000000284e-02 4.693803999999999754e-01
7.302013750000000414e-01 8.833750000000001323e-02 4.663835000000000064e-01
7.196585000000000898e-01 1.024742500000000028e-01 4.700884399999999963e-01
7.259827000000000918e-01 1.013202500000000006e-01 4.677957999999999839e-01
7.323655250000000727e-01 1.004190000000000083e-01 4.654557500000000014e-01
7.228036750000000898e-01 1.142795000000000061e-01 4.689733249999999964e-01
7.289277000000000672e-01 1.134285000000000015e-01 4.668833499999999748e-01
7.350034750000000727e-01 1.126187500000000036e-01 4.647472249999999860e-01
7.254139500000000851e-01 1.262034999999999962e-01 4.680439999999999601e-01
7.313275750000000075e-01 1.256690000000000029e-01 4.656885749999999935e-01
7.372293500000000055e-01 1.252082500000000209e-01 4.633276249999999652e-01
7.270425500000000651e-01 1.383440000000000225e-01 4.674921999999999689e-01
7.327496000000000009e-01 1.381327499999999986e-01 4.649309249999999949e-01
7.384513750000000210e-01 1.379842500000000027e-01 4.623721249999999672e-01
7.279039250000000072e-01 1.506755000000000178e-01 4.665373499999999618e-01
7.336619500000000071e-01 1.505932500000000118e-01 4.643872249999999591e-01
7.394445250000000192e-01 1.506062499999999971e-01 4.622298499999999977e-01
7.287482250000000272e-01 1.620719999999999938e-01 4.642088249999999916e-01
7.339384250000000609e-01 1.620935000000000015e-01 4.647590749999999660e-01
7.394567499999999960e-01 1.630837499999999995e-01 4.628061749999999863e-01
7.275016000000000815e-01 1.721857499999999985e-01 4.694555999999999729e-01
7.328241250000000484e-01 1.737624999999999864e-01 4.670135249999999849e-01
7.381634000000000251e-01 1.753049999999999886e-01 4.646233999999999642e-01
7.258544749999999990e-01 1.822205000000000075e-01 4.733743499999999993e-01
7.309540250000000627e-01 1.843802500000000233e-01 4.709279049999999800e-01
7.360437000000000785e-01 1.865177500000000099e-01 4.684770249999999914e-01
7.262148750000000375e-01 1.958350000000000091e-01 4.768094250000000089e-01
7.287939250000000646e-01 1.940494999999999859e-01 4.765276250000000102e-01
7.335468250000000134e-01 1.967389999999999972e-01 4.741680924999999713e-01
7.231511250000000057e-01 2.003465000000000107e-01 4.850777249999999596e-01
7.269557250000000526e-01 2.021107500000000057e-01 4.833798499999999998e-01
7.313917750000000773e-01 2.054150000000000142e-01 4.811428999999999845e-01
7.205476250000000249e-01 2.049092500000000150e-01 4.941705249999999716e-01
7.246869249999999818e-01 2.086655000000000038e-01 4.919850000000000056e-01
7.288151000000000490e-01 2.123909999999999965e-01 4.898350999999999678e-01
7.192228250000000100e-01 2.107495000000000063e-01 5.024600000000000177e-01
7.230716999999999839e-01 2.149024999999999963e-01 5.004459999999999464e-01
7.269001250000000081e-01 2.190017499999999950e-01 4.984304999999999986e-01
7.168699350000000692e-01 2.161774999999999947e-01 5.123397499999999827e-01
7.206758500000000067e-01 2.202334999999999987e-01 5.100062499999999943e-01
7.244980750000000747e-01 2.243080000000000074e-01 5.077097499999999597e-01
7.155783625000000647e-01 2.215232500000000049e-01 5.216720000000000246e-01
7.192903999999999964e-01 2.256394999999999929e-01 5.192617499999999664e-01
7.230348500000000067e-01 2.297685000000000144e-01 5.168912500000000243e-01
7.153913200000000527e-01 2.253920000000000090e-01 5.314744999999999608e-01
7.190572499999999811e-01 2.296995000000000009e-01 5.291684999999999306e-01
7.227512500000000673e-01 2.340224999999999944e-01 5.269004999999999939e-01
7.155750450000000207e-01 2.285365000000000035e-01 5.411092499999999861e-01
7.191850499999999924e-01 2.330949999999999966e-01 5.390607499999999774e-01
7.228170500000000720e-01 2.376807499999999962e-01 5.370485000000000397e-01
7.130559275000000197e-01 2.322494999999999976e-01 5.499570000000000292e-01
7.165646800000000649e-01 2.371729999999999949e-01 5.483057499999999251e-01
7.200808750000000646e-01 2.421067500000000094e-01 5.466887499999999456e-01
7.092374500000000470e-01 2.362827500000000136e-01 5.579650000000000443e-01
7.125818550000000418e-01 2.415815000000000046e-01 5.567050000000000054e-01
7.158992400000000478e-01 2.469044999999999990e-01 5.555249999999999355e-01
7.027558999999999889e-01 2.399499999999999966e-01 5.641699999999999493e-01
7.057287500000000158e-01 2.457305000000000184e-01 5.633672499999999861e-01
7.085670250000000170e-01 2.515344999999999942e-01 5.627877500000000310e-01
6.964584249999999921e-01 2.414637500000000048e-01 5.734555000000000069e-01
6.990378999999999898e-01 2.475904999999999911e-01 5.732214999999999394e-01
7.013559249999999912e-01 2.537407500000000149e-01 5.735137500000000443e-01
6.898839250000000645e-01 2.404405000000000014e-01 5.860732499999999900e-01
6.921741250000000845e-01 2.468477500000000047e-01 5.865037499999999904e-01
6.939029500000000183e-01 2.533429999999999849e-01 5.876624999999999766e-01
6.764360000000000372e-01 2.402962500000000168e-01 5.972062499999999385e-01
6.781305000000000804e-01 2.470902500000000113e-01 5.986447499999999478e-01
6.791302500000000464e-01 2.538112500000000438e-01 6.002792500000000420e-01
6.623725000000000307e-01 2.413754999999999928e-01 5.919487500000000235e-01
6.638810000000000544e-01 2.487034999999999940e-01 5.933289999999999953e-01
6.646024999999999849e-01 2.561025000000000107e-01 5.947999999999999954e-01
6.543732500000000174e-01 2.415194999999999981e-01 5.791115000000000013e-01
6.561360000000000525e-01 2.497130000000000183e-01 5.804747500000000393e-01
6.571080000000000254e-01 2.580405000000000060e-01 5.819767499999999316e-01
6.446549999999999780e-01 2.429064999999999974e-01 5.675162499999999444e-01
6.469430000000000458e-01 2.524244999999999961e-01 5.696927499999999700e-01
6.482295000000000140e-01 2.621617499999999712e-01 5.710487499999999939e-01
6.377947500000000769e-01 2.423527500000000057e-01 5.553664999999999852e-01
6.407985000000000486e-01 2.541327500000000184e-01 5.580167499999999503e-01
6.426100000000000145e-01 2.654592500000000355e-01 5.594114999999999505e-01
6.360640000000000738e-01 2.436307500000000070e-01 5.451000000000000290e-01
6.377249999999999863e-01 2.559280000000000443e-01 5.459682500000000438e-01
6.394410000000000371e-01 2.671652500000000208e-01 5.468279999999999808e-01
6.366089999999999804e-01 2.476860000000000173e-01 5.364992499999999831e-01
6.380502500000000410e-01 2.569432500000000119e-01 5.372814999999999674e-01
6.393947500000000117e-01 2.658810000000000340e-01 5.372605000000000297e-01
6.342292499999999666e-01 2.503870000000000262e-01 5.265754999999999741e-01
6.354542499999999983e-01 2.580767499999999659e-01 5.267237499999999351e-01
6.366237500000000438e-01 2.657487499999999780e-01 5.265587499999999643e-01
6.329687500000000799e-01 2.515695000000000014e-01 5.168362499999999971e-01
6.339915000000000411e-01 2.582925000000000360e-01 5.161409999999999609e-01
6.349752499999999911e-01 2.649737500000000079e-01 5.152547499999999836e-01
6.343747499999999873e-01 2.508019999999999694e-01 5.072354999999999503e-01
6.353597500000000009e-01 2.569722500000000132e-01 5.055607500000000032e-01
6.363402500000000517e-01 2.631022499999999820e-01 5.037492500000000373e-01
6.375332500000000513e-01 2.484112500000000001e-01 4.980067499999999980e-01
6.386507500000000448e-01 2.541907500000000208e-01 4.956569499999999850e-01
6.397525000000000572e-01 2.600034999999999985e-01 4.933086250000000006e-01
6.421065000000000245e-01 2.447094999999999965e-01 4.899769499999999667e-01
6.434457500000000385e-01 2.499712500000000059e-01 4.868069749999999751e-01
6.448114999999999819e-01 2.552045000000000008e-01 4.835912499999999725e-01
6.479272500000000656e-01 2.394307499999999977e-01 4.835346749999999694e-01
6.495334999999999859e-01 2.441747499999999960e-01 4.796884000000000148e-01
6.511712499999999793e-01 2.489017500000000049e-01 4.758203749999999621e-01
6.553772500000000223e-01 2.338189999999999991e-01 4.788109249999999983e-01
6.570922500000000444e-01 2.379535000000000122e-01 4.747013499999999664e-01
6.588557500000000733e-01 2.420627499999999932e-01 4.705799700000000141e-01
6.640112500000000528e-01 2.280997500000000178e-01 4.760818749999999877e-01
6.659602500000000314e-01 2.319832500000000020e-01 4.715751675000000032e-01
6.679445000000000521e-01 2.358592499999999925e-01 4.670563999999999827e-01
6.731850000000000334e-01 2.223269999999999968e-01 4.750185749999999985e-01
6.753407500000000452e-01 2.255824999999999914e-01 4.703540250000000089e-01
6.775284999999999780e-01 2.288502500000000051e-01 4.656870499999999913e-01
6.827877500000000266e-01 2.170320000000000027e-01 4.754894749999999948e-01
6.850477500000000664e-01 2.198377499999999984e-01 4.705275849999999704e-01
6.873292500000000027e-01 2.226527500000000104e-01 4.655825999999999576e-01
6.927897250000000229e-01 2.118985000000000174e-01 4.772644999999999804e-01
6.951464500000000823e-01 2.141605000000000036e-01 4.720279960000000052e-01
6.975664999999999782e-01 2.164457499999999923e-01 4.668066249999999751e-01
7.027297500000000419e-01 2.076510000000000022e-01 4.798669249999999997e-01
7.049704250000000672e-01 2.092680000000000096e-01 4.744325199999999687e-01
7.073229250000000468e-01 2.109439999999999926e-01 4.690340249999999656e-01
7.129821499999999812e-01 2.034832500000000044e-01 4.827793249999999814e-01
7.149046450000000608e-01 2.045010000000000161e-01 4.771146249999999589e-01
7.170560249999999858e-01 2.054914999999999936e-01 4.716018774999999885e-01
7.228101250000000810e-01 1.990580000000000127e-01 4.859135499999999719e-01
7.242176750000000052e-01 1.982030000000000181e-01 4.806970999999999883e-01
7.250011250000000240e-01 1.962667499999999898e-01 4.764832999999999985e-01
7.329293749999999941e-01 1.943502500000000022e-01 4.890507000000000049e-01
7.345113000000000891e-01 1.942645000000000066e-01 4.832410999999999790e-01
7.350273999999999974e-01 1.928404999999999980e-01 4.797075249999999680e-01
7.431619999999999893e-01 1.894762500000000127e-01 4.913242250000000033e-01
7.443470000000000919e-01 1.890642499999999893e-01 4.853316999999999770e-01
7.450455000000000272e-01 1.883467500000000072e-01 4.802647250000000034e-01
7.537027499999999769e-01 1.853440000000000087e-01 4.932887499999999981e-01
7.545087500000000613e-01 1.845032500000000075e-01 4.872097249999999824e-01
7.552404999999999813e-01 1.835742499999999944e-01 4.811375999999999986e-01
7.647034999999999805e-01 1.819927500000000087e-01 4.951363249999999883e-01
7.651892500000000430e-01 1.808190000000000075e-01 4.890049249999999792e-01
7.656532500000000629e-01 1.796079999999999899e-01 4.828821999999999837e-01
7.760177500000000617e-01 1.797302500000000081e-01 4.966555249999999866e-01
7.763610000000000788e-01 1.782325000000000159e-01 4.904117499999999796e-01
7.767307500000000253e-01 1.767187500000000078e-01 4.842144749999999775e-01
7.875825000000000742e-01 1.786482500000000084e-01 4.975602499999999817e-01
7.876680000000000348e-01 1.769600000000000062e-01 4.912459499999999868e-01
7.877955000000000929e-01 1.752730000000000121e-01 4.849728749999999700e-01
7.994037500000000795e-01 1.787022500000000069e-01 4.977539999999999742e-01
7.991472500000000867e-01 1.768465000000000176e-01 4.913407749999999519e-01
7.989222500000000560e-01 1.750027499999999847e-01 4.849357499999999987e-01
8.112335000000000518e-01 1.800110000000000043e-01 4.973917499999999658e-01
8.108334999999999848e-01 1.779997500000000121e-01 4.908065749999999672e-01
8.104765000000000441e-01 1.760110000000000008e-01 4.842089499999999713e-01
8.227437499999999959e-01 1.829712500000000019e-01 4.965344999999999898e-01
8.221747500000000652e-01 1.807577499999999948e-01 4.896805249999999776e-01
8.216177500000000355e-01 1.785697499999999993e-01 4.827912249999999905e-01
8.337364999999999915e-01 1.876870000000000205e-01 4.952812999999999799e-01
8.329015000000000724e-01 1.851535000000000264e-01 4.878856249999999894e-01
8.320687500000000236e-01 1.826417500000000194e-01 4.804372999999999561e-01
8.435660000000000380e-01 1.929570000000000174e-01 4.942135749999999605e-01
8.424705000000000110e-01 1.899689999999999990e-01 4.857534749999999901e-01
8.412467500000000431e-01 1.869540000000000091e-01 4.772658499999999915e-01
8.523607500000000003e-01 1.992232500000000184e-01 4.927717249999999938e-01
8.514282500000001086e-01 1.960172500000000317e-01 4.830859249999999716e-01
8.503762500000000557e-01 1.928502500000000008e-01 4.734632124999999525e-01
8.611070000000000668e-01 2.049084999999999934e-01 4.933094499999999827e-01
8.602997500000000297e-01 2.010945000000000094e-01 4.811904249999999772e-01
8.592562500000000547e-01 1.974587500000000162e-01 4.698247724999999875e-01
8.688677500000000498e-01 2.097605000000000164e-01 4.912559999999999705e-01
8.682650000000000645e-01 2.058267500000000028e-01 4.793727999999999878e-01
8.676520000000000898e-01 2.019752499999999951e-01 4.675500499999999948e-01
8.777200000000000557e-01 2.156905000000000072e-01 4.866169749999999516e-01
8.772367500000000096e-01 2.125477500000000075e-01 4.770725749999999987e-01
8.766234999999999999e-01 2.093254999999999977e-01 4.675085749999999818e-01
8.868497500000001033e-01 2.221352500000000063e-01 4.829761749999999521e-01
8.864085000000000436e-01 2.193647499999999972e-01 4.745726749999999994e-01
8.858950000000000990e-01 2.165440000000000142e-01 4.661534499999999692e-01
9.040425000000000821e-01 2.324467500000000075e-01 4.697139074999999719e-01
