4.963182500000000719e-01 -5.482924999999999605e-02 4.614965750000000200e-01
5.404760000000000675e-01 -4.109750000000000902e-02 4.663350499999999732e-01
5.408530000000000282e-01 -5.339825000000000821e-02 4.667001000000000066e-01
5.411540000000000239e-01 -6.566774999999999696e-02 4.669190249999999875e-01
5.518737500000000518e-01 -4.074625000000001163e-02 4.677446749999999986e-01
5.523332499999999978e-01 -5.309549999999998993e-02 4.681579499999999894e-01
5.525610000000000799e-01 -6.524325000000000263e-02 4.683188749999999678e-01
5.624455000000000426e-01 -4.075250000000001094e-02 4.689082499999999709e-01
5.635060000000000624e-01 -5.274599999999998734e-02 4.694953049999999739e-01
5.642880000000000118e-01 -6.521150000000000557e-02 4.693121749999999981e-01
5.740672500000000289e-01 -4.076875000000000637e-02 4.705051299999999936e-01
5.747767500000000584e-01 -5.249000000000000887e-02 4.709734950000000198e-01
5.752997500000001097e-01 -6.441974999999999785e-02 4.707977074999999956e-01
5.856737499999999930e-01 -4.048025000000000928e-02 4.709975524999999719e-01
5.860195000000000265e-01 -5.192924999999998237e-02 4.713809425000000108e-01
5.864690000000000181e-01 -6.332999999999999741e-02 4.711973399999999645e-01
5.979167499999999968e-01 -4.016500000000000625e-02 4.705050774999999796e-01
5.973867500000000774e-01 -5.138724999999999543e-02 4.708705575000000088e-01
5.970505000000000395e-01 -6.258474999999999455e-02 4.707382224999999698e-01
6.093957500000000138e-01 -3.969575000000000187e-02 4.693898499999999974e-01
6.088830000000000631e-01 -5.089974999999999361e-02 4.695734449999999782e-01
6.086055000000000215e-01 -6.204999999999999405e-02 4.694367749999999728e-01
6.218477500000000324e-01 -3.981149999999999967e-02 4.678463999999999956e-01
6.209540000000000060e-01 -5.098250000000000004e-02 4.680708249999999682e-01
6.202535000000000132e-01 -6.207850000000000867e-02 4.679063499999999709e-01
6.343469999999999942e-01 -4.035049999999999748e-02 4.667789749999999849e-01
6.331367500000000259e-01 -5.134624999999998218e-02 4.673022000000000009e-01
6.321470000000000145e-01 -6.240424999999999445e-02 4.675164250000000132e-01
6.467120000000000646e-01 -4.094574999999998910e-02 4.662712499999999705e-01
6.454952500000000759e-01 -5.190224999999998312e-02 4.663566249999999691e-01
6.445885000000000087e-01 -6.276924999999999866e-02 4.660399749999999952e-01
6.591744999999999965e-01 -4.177449999999999219e-02 4.651402499999999773e-01
6.578200000000000713e-01 -5.255724999999999980e-02 4.654562250000000012e-01
6.566184999999999938e-01 -6.339775000000000271e-02 4.652889499999999789e-01
6.715257500000000324e-01 -4.260224999999999429e-02 4.648635249999999997e-01
6.701662500000000744e-01 -5.332249999999999490e-02 4.648696749999999822e-01
6.687662500000000065e-01 -6.407749999999998169e-02 4.650487999999999844e-01
6.838215000000000821e-01 -4.396624999999999839e-02 4.655148499999999800e-01
6.824320000000000386e-01 -5.454000000000000514e-02 4.648608999999999658e-01
6.811522500000000147e-01 -6.507374999999998577e-02 4.644658249999999988e-01
6.960622750000000636e-01 -4.514100000000000057e-02 4.666356249999999983e-01
6.948411500000000185e-01 -5.563925000000000121e-02 4.652973249999999839e-01
6.935989250000000883e-01 -6.611149999999998972e-02 4.641846499999999764e-01
7.081638500000000391e-01 -4.656299999999999328e-02 4.680625499999999661e-01
7.071391750000000087e-01 -5.684274999999999745e-02 4.660330749999999633e-01
7.061695750000001048e-01 -6.709024999999999017e-02 4.641968499999999942e-01
7.200982750000000099e-01 -4.780650000000000177e-02 4.696767049999999721e-01
7.194157000000001023e-01 -5.785824999999999996e-02 4.670006749999999762e-01
7.187204000000000370e-01 -6.786274999999999946e-02 4.653543749999999868e-01
7.320166250000000874e-01 -4.878049999999999053e-02 4.711368125000000018e-01
7.316666500000000850e-01 -5.855549999999998256e-02 4.678165749999999568e-01
7.313136250000000782e-01 -6.826274999999998316e-02 4.662898500000000057e-01
7.439035000000000508e-01 -4.956075000000000064e-02 4.723182349999999752e-01
7.438390000000000279e-01 -5.897625000000000783e-02 4.682778499999999955e-01
7.438585000000000891e-01 -6.834574999999998290e-02 4.643063749999999934e-01
7.556022500000000308e-01 -5.016224999999999157e-02 4.734968424999999592e-01
7.559102500000000058e-01 -5.920949999999999824e-02 4.687569500000000056e-01
7.562407500000000171e-01 -6.817175000000000318e-02 4.640234249999999894e-01
7.674112500000001003e-01 -4.984049999999999592e-02 4.731909624999999786e-01
7.678060000000000995e-01 -5.914824999999998556e-02 4.692090999999999901e-01
7.686125000000000318e-01 -6.821525000000000505e-02 4.651663749999999653e-01
7.796577500000000382e-01 -4.924325000000000230e-02 4.731588899999999986e-01
7.801855000000000873e-01 -5.809475000000000056e-02 4.685116249999999871e-01
7.809430000000000538e-01 -6.672324999999998396e-02 4.637747749999999725e-01
7.922405000000000141e-01 -4.887350000000000028e-02 4.733394174999999704e-01
7.924797500000000383e-01 -5.727374999999998439e-02 4.680966249999999884e-01
7.930307500000000065e-01 -6.537624999999999686e-02 4.628799249999999699e-01
8.048112500000000891e-01 -4.998049999999999715e-02 4.740742474999999900e-01
8.045932500000000376e-01 -5.778524999999998246e-02 4.682041249999999710e-01
8.043982500000000924e-01 -6.589274999999999993e-02 4.626856249999999893e-01
8.171787500000000648e-01 -5.290600000000000858e-02 4.760874999999999968e-01
8.161152500000000698e-01 -6.009875000000000633e-02 4.697035599999999644e-01
8.152480000000000837e-01 -6.760249999999998205e-02 4.637618000000000018e-01
8.290757500000001112e-01 -5.814574999999999605e-02 4.781319749999999869e-01
8.269055000000000710e-01 -6.455649999999998889e-02 4.712341250000000037e-01
8.248787500000001049e-01 -7.121949999999999115e-02 4.647059499999999788e-01
8.399070000000000702e-01 -6.562650000000000428e-02 4.796046499999999657e-01
8.364172500000000010e-01 -7.092950000000000643e-02 4.723746574999999615e-01
8.331277500000000558e-01 -7.653949999999998255e-02 4.654134499999999508e-01
8.487135000000000096e-01 -7.494824999999999404e-02 4.810481499999999522e-01
8.441640000000000255e-01 -7.902899999999998815e-02 4.735618074999999871e-01
8.397122500000000489e-01 -8.332749999999999879e-02 4.662048249999999894e-01
8.543250000000000011e-01 -8.597150000000000625e-02 4.829526749999999979e-01
8.491207499999999797e-01 -8.847125000000000128e-02 4.751553249999999617e-01
8.438052500000000622e-01 -9.136900000000000577e-02 4.672955999999999777e-01
8.551507500000000705e-01 -9.703224999999998657e-02 4.860880749999999528e-01
8.500117500000000659e-01 -9.826650000000000662e-02 4.776430499999999579e-01
8.441680000000000295e-01 -9.969249999999998946e-02 4.691153750000000011e-01
8.503460000000000463e-01 -1.057977499999999960e-01 4.904932249999999772e-01
8.458125000000000782e-01 -1.058757499999999907e-01 4.813340999999999870e-01
8.401132500000000336e-01 -1.060627499999999834e-01 4.715557724999999700e-01
8.469530000000000669e-01 -1.162322500000000092e-01 4.921247999999999734e-01
8.428667499999999979e-01 -1.149442499999999978e-01 4.821104999999999974e-01
8.365615000000000689e-01 -1.133355000000000057e-01 4.693947249999999571e-01
8.431267500000000359e-01 -1.238922499999999816e-01 4.933765499999999693e-01
8.388275000000000592e-01 -1.248787499999999828e-01 4.835870249999999482e-01
8.325637500000000468e-01 -1.243724999999999969e-01 4.711979224999999771e-01
8.414075000000000859e-01 -1.338755000000000084e-01 4.936343249999999849e-01
8.373417499999999958e-01 -1.332427499999999931e-01 4.841243999999999548e-01
8.325290000000000745e-01 -1.335117499999999846e-01 4.736346149999999811e-01
8.395390000000000352e-01 -1.464824999999999877e-01 4.915338249999999798e-01
8.361580000000000679e-01 -1.454847499999999960e-01 4.821322499999999844e-01
8.326152500000000289e-01 -1.451919999999999877e-01 4.728068749999999598e-01
8.337765000000000315e-01 -1.585327500000000001e-01 4.903501749999999992e-01
8.316487500000000477e-01 -1.567665000000000031e-01 4.814065499999999886e-01
8.291017500000000817e-01 -1.556464999999999932e-01 4.725369099999999767e-01
8.248077500000000617e-01 -1.681495000000000073e-01 4.896298499999999776e-01
8.236475000000000879e-01 -1.659839999999999927e-01 4.809966249999999555e-01
8.220290000000000097e-01 -1.643020000000000036e-01 4.723664824999999623e-01
8.135127500000001177e-01 -1.746619999999999839e-01 4.890550249999999766e-01
8.130772500000000846e-01 -1.723770000000000024e-01 4.806209999999999649e-01
8.122005000000001029e-01 -1.703732500000000039e-01 4.722232044999999934e-01
8.006480000000000263e-01 -1.780419999999999781e-01 4.880687999999999693e-01
8.009782500000000027e-01 -1.757222499999999965e-01 4.798114749999999873e-01
8.010122500000000922e-01 -1.735197500000000004e-01 4.716054549999999512e-01
7.872517500000000279e-01 -1.776944999999999775e-01 4.868058249999999698e-01
7.883290000000000575e-01 -1.755049999999999943e-01 4.787675999999999599e-01
7.892157500000001047e-01 -1.733329999999999871e-01 4.707740199999999597e-01
7.744417500000000398e-01 -1.736290000000000056e-01 4.854942999999999897e-01
7.761002500000000470e-01 -1.716877500000000001e-01 4.776356999999999964e-01
7.776752500000000401e-01 -1.697484999999999966e-01 4.698253699999999644e-01
7.628582500000000710e-01 -1.656042500000000084e-01 4.838650499999999632e-01
7.654677500000000023e-01 -1.643832500000000085e-01 4.762798500000000046e-01
7.680515000000001091e-01 -1.630482500000000057e-01 4.686933249999999940e-01
7.539820000000000411e-01 -1.545749999999999902e-01 4.814333499999999821e-01
7.574960000000000582e-01 -1.542054999999999954e-01 4.742529424999999965e-01
7.610205000000000997e-01 -1.537250000000000005e-01 4.670100999999999836e-01
7.482382500000001047e-01 -1.420327499999999854e-01 4.783692749999999827e-01
7.525182500000000552e-01 -1.422597499999999904e-01 4.717161524999999855e-01
7.568400000000000682e-01 -1.423682500000000017e-01 4.650141250000000004e-01
7.453510000000000968e-01 -1.286592500000000028e-01 4.751401249999999687e-01
7.502310000000000922e-01 -1.294322499999999987e-01 4.691594499999999779e-01
7.551715000000001066e-01 -1.300322499999999881e-01 4.630839999999999956e-01
7.438787500000000330e-01 -1.173974999999999880e-01 4.728424474999999849e-01
7.487395000000001133e-01 -1.176497499999999974e-01 4.669741000000000031e-01
7.536170000000000924e-01 -1.178327499999999861e-01 4.610529499999999614e-01
7.416195000000000981e-01 -1.061890000000000056e-01 4.710971099999999856e-01
7.464347500000000357e-01 -1.057410000000000017e-01 4.652962749999999814e-01
7.511907500000000182e-01 -1.053379999999999872e-01 4.594831749999999659e-01
7.370420500000000041e-01 -9.552299999999999680e-02 4.690313999999999872e-01
7.418982500000000924e-01 -9.429450000000000331e-02 4.634114749999999616e-01
7.467532500000000351e-01 -9.322125000000000550e-02 4.578232250000000003e-01
7.325198000000000542e-01 -8.214350000000000818e-02 4.672493999999999814e-01
7.378337750000000250e-01 -8.120749999999998803e-02 4.621588749999999690e-01
7.431900000000000173e-01 -8.024275000000000158e-02 4.570870750000000093e-01
7.292991500000000071e-01 -6.824574999999999392e-02 4.641065749999999657e-01
7.353247000000000533e-01 -6.747074999999999600e-02 4.614487499999999631e-01
7.409890000000000088e-01 -6.658224999999998173e-02 4.569445249999999903e-01
7.266261500000000817e-01 -5.454624999999999058e-02 4.650814749999999664e-01
7.327993750000000306e-01 -5.363724999999999743e-02 4.618647499999999906e-01
7.388395500000000116e-01 -5.265374999999999917e-02 4.579245999999999595e-01
7.239722250000000248e-01 -4.086399999999999755e-02 4.643506249999999613e-01
7.301361250000000247e-01 -3.991999999999999715e-02 4.609520999999999757e-01
7.363010750000000826e-01 -3.898374999999999757e-02 4.575268999999999586e-01
7.216481500000000437e-01 -2.691399999999999348e-02 4.642324250000000041e-01
7.278657500000000891e-01 -2.603149999999999908e-02 4.610340499999999730e-01
7.340852500000000225e-01 -2.514524999999999400e-02 4.578160499999999744e-01
7.201443750000000588e-01 -1.290874999999999662e-02 4.648638999999999966e-01
7.264622250000000170e-01 -1.202374999999999972e-02 4.619531249999999645e-01
7.327800750000000862e-01 -1.113874999999998894e-02 4.590375499999999609e-01
7.190655000000000241e-01 7.930000000000020366e-04 4.665395749999999842e-01
7.253595500000000751e-01 1.827250000000002483e-03 4.638448749999999898e-01
7.317055749999999970e-01 2.854750000000003118e-03 4.611560000000000104e-01
7.175636499999999973e-01 1.390325000000000588e-02 4.694017500000000065e-01
7.237643000000000271e-01 1.540175000000000571e-02 4.668113249999999992e-01
7.299270750000000918e-01 1.687625000000000236e-02 4.641268749999999943e-01
7.163221100000000119e-01 2.630950000000000649e-02 4.733711150000000090e-01
7.224729250000000436e-01 2.816075000000000522e-02 4.708125999999999700e-01
7.286321000000000048e-01 3.005125000000000157e-02 4.684064499999999742e-01
7.155620025000000162e-01 3.853525000000000700e-02 4.792906249999999702e-01
7.218226250000000510e-01 4.017300000000000731e-02 4.766523249999999878e-01
7.281079000000000301e-01 4.168675000000000158e-02 4.741985174999999719e-01
7.134970575000000315e-01 5.099077500000000207e-02 4.829603249999999681e-01
7.205550000000000566e-01 5.262870000000000048e-02 4.798800249999999878e-01
7.275942250000000389e-01 5.405574999999999963e-02 4.772770499999999805e-01
7.108552000000000204e-01 6.410752499999999854e-02 4.829601000000000033e-01
7.191617250000000849e-01 6.547730000000000217e-02 4.791977749999999925e-01
7.272790000000000088e-01 6.643687500000000634e-02 4.762660999999999700e-01
7.076376250000000478e-01 7.623995750000001070e-02 4.800930499999999657e-01
7.182794750000000006e-01 7.759580000000000644e-02 4.748232499999999745e-01
7.288009500000000029e-01 7.825390000000000124e-02 4.710299974999999639e-01
7.068208249999999859e-01 8.797565000000000246e-02 4.750936249999999639e-01
7.180700250000000562e-01 8.646435000000000926e-02 4.715870325000000030e-01
7.297751500000000391e-01 8.385690000000001199e-02 4.672583999999999627e-01
7.114496500000000445e-01 9.846487500000000725e-02 4.734018549999999825e-01
7.199161250000000178e-01 9.729152500000000370e-02 4.702706975000000011e-01
7.289825750000000770e-01 9.601305000000000256e-02 4.660805499999999824e-01
7.153740625000000186e-01 1.097100000000000020e-01 4.715974974999999625e-01
7.226116750000000089e-01 1.092292500000000000e-01 4.688063749999999974e-01
7.294403250000000005e-01 1.086900000000000088e-01 4.655345750000000060e-01
7.176547000000000898e-01 1.216352500000000003e-01 4.702273574999999983e-01
7.240015499999999937e-01 1.212040000000000062e-01 4.676985249999999761e-01
7.303340249999999978e-01 1.209699999999999942e-01 4.650908749999999592e-01
7.197528250000000405e-01 1.338745000000000074e-01 4.698509100000000105e-01
7.257250750000000528e-01 1.335452500000000042e-01 4.672278500000000001e-01
7.316870000000000873e-01 1.333310000000000051e-01 4.647084249999999805e-01
7.221983499999999889e-01 1.461729999999999974e-01 4.703999074999999919e-01
7.278776250000000836e-01 1.459442499999999976e-01 4.674682499999999741e-01
7.335424500000000680e-01 1.457674999999999943e-01 4.645632000000000095e-01
7.242387000000000130e-01 1.586457500000000020e-01 4.712030999999999858e-01
7.295506999999999964e-01 1.584237500000000021e-01 4.679389250000000056e-01
7.348623499999999975e-01 1.582377500000000103e-01 4.646840999999999888e-01
7.264088250000000357e-01 1.712565000000000059e-01 4.721039830000000048e-01
7.313445000000000640e-01 1.708837500000000009e-01 4.684310749999999746e-01
7.363139499999999948e-01 1.705435000000000145e-01 4.647474500000000064e-01
7.272468500000000002e-01 1.829020000000000090e-01 4.692534499999999609e-01
7.323857500000000575e-01 1.823617499999999891e-01 4.683923499999999573e-01
7.372905750000000591e-01 1.827427500000000093e-01 4.650439999999999574e-01
7.290168000000000204e-01 1.941352500000000092e-01 4.741469624999999910e-01
7.334864250000000530e-01 1.943435000000000024e-01 4.699940449999999714e-01
7.379363500000000187e-01 1.945647500000000085e-01 4.658302749999999604e-01
7.307353250000000466e-01 2.052134999999999931e-01 4.766500499999999918e-01
7.348019250000000779e-01 2.055879999999999930e-01 4.721620982499999952e-01
7.388506750000000123e-01 2.059747500000000120e-01 4.676715999999999651e-01
7.331460750000000637e-01 2.158707500000000001e-01 4.801495999999999542e-01
7.368072749999999838e-01 2.164447499999999913e-01 4.755223999999999562e-01
7.404550000000000853e-01 2.170805000000000096e-01 4.707411499999999971e-01
7.365267750000000779e-01 2.257504999999999928e-01 4.835498249999999887e-01
7.397202500000000791e-01 2.263344999999999940e-01 4.793984749999999906e-01
7.429382500000000222e-01 2.272492500000000137e-01 4.744409424999999625e-01
7.403562500000000490e-01 2.346827499999999955e-01 4.898290750000000027e-01
7.430820000000000203e-01 2.357642500000000085e-01 4.845534499999999967e-01
7.458207500000000323e-01 2.368422500000000042e-01 4.793098499999999818e-01
7.443402500000000366e-01 2.439340000000000119e-01 4.938198749999999637e-01
7.466452500000000381e-01 2.451855000000000007e-01 4.884021000000000057e-01
7.489390000000000214e-01 2.463802499999999951e-01 4.829971499999999862e-01
7.478397500000000253e-01 2.542274999999999952e-01 4.988312500000000038e-01
7.498352500000000642e-01 2.550200000000000244e-01 4.931731749999999637e-01
7.518547500000000161e-01 2.558512499999999745e-01 4.875033749999999610e-01
7.509567500000000617e-01 2.645382499999999748e-01 5.021687499999999416e-01
7.527369999999999894e-01 2.651034999999999919e-01 4.963963999999999599e-01
7.545612500000000722e-01 2.657165000000000221e-01 4.906134749999999656e-01
7.520717500000000388e-01 2.749507500000000215e-01 5.049792499999999906e-01
7.538529999999999953e-01 2.755294999999999828e-01 4.991332499999999728e-01
7.556557500000000704e-01 2.761592499999999673e-01 4.932773999999999770e-01
7.515902500000000153e-01 2.851485000000000269e-01 5.070804999999999341e-01
7.533425000000000260e-01 2.858835000000000126e-01 5.011765000000000247e-01
7.551140000000000629e-01 2.866727500000000317e-01 4.952600249999999926e-01
7.484525000000000761e-01 2.946802499999999769e-01 5.089812499999999407e-01
7.501800000000000690e-01 2.957530000000000436e-01 5.030109999999999859e-01
7.518865000000000132e-01 2.968959999999999932e-01 4.970414999999999695e-01
7.441012500000000474e-01 3.036002500000000159e-01 5.103807499999999386e-01
7.457097500000000601e-01 3.050187500000000052e-01 5.043177500000000091e-01
7.472582500000000127e-01 3.065480000000000427e-01 4.982714999999999783e-01
7.372807000000000111e-01 3.107815000000000438e-01 5.117682500000000356e-01
7.385719000000000589e-01 3.125747500000000123e-01 5.055667499999999537e-01
7.396380000000000177e-01 3.144912500000000000e-01 4.994149999999999978e-01
7.273126750000000751e-01 3.163019999999999721e-01 5.138709999999999667e-01
7.281725749999999886e-01 3.184007500000000102e-01 5.075965000000000060e-01
7.284986500000000254e-01 3.206875000000000142e-01 5.013940000000000063e-01
7.129453600000000835e-01 3.204457499999999737e-01 5.167694999999999927e-01
7.134750450000000299e-01 3.229650000000000021e-01 5.104792499999999400e-01
7.131349675000000499e-01 3.257605000000000084e-01 5.042375000000000052e-01
6.954795249999999873e-01 3.270055000000000045e-01 5.217312499999999797e-01
6.949494500000000796e-01 3.303530000000000078e-01 5.154564999999999841e-01
6.939836999999999811e-01 3.331804999999999906e-01 5.091280000000000250e-01
6.792727499999999807e-01 3.266105000000000258e-01 5.258030000000000204e-01
6.781300000000000106e-01 3.303105000000000069e-01 5.192022499999999763e-01
6.768857500000000638e-01 3.331029999999999824e-01 5.122845000000000315e-01
6.650725000000000664e-01 3.211557500000000176e-01 5.287324999999999386e-01
6.634527500000000355e-01 3.252654999999999852e-01 5.213727499999999404e-01
6.618045000000000178e-01 3.284305000000000141e-01 5.136745000000000339e-01
6.528005000000000058e-01 3.119922499999999710e-01 5.308169999999999833e-01
6.511622500000000535e-01 3.167119999999999935e-01 5.220390000000000308e-01
6.487165000000000292e-01 3.203052499999999858e-01 5.131357500000000016e-01
6.430120000000000280e-01 3.018492500000000134e-01 5.334375000000000089e-01
6.409995000000000553e-01 3.073820000000000441e-01 5.223517500000000036e-01
6.380057500000000381e-01 3.116959999999999731e-01 5.120495000000000463e-01
6.366032500000000649e-01 2.929439999999999822e-01 5.320372500000000171e-01
6.326829999999999954e-01 2.976332500000000159e-01 5.212164999999999715e-01
6.293895000000000461e-01 3.017252500000000004e-01 5.110632499999999689e-01
6.315095000000000569e-01 2.860369999999999857e-01 5.272007499999999958e-01
6.285647500000000054e-01 2.898760000000000225e-01 5.191317500000000029e-01
6.255295000000000716e-01 2.929367499999999680e-01 5.111390000000000100e-01
6.286182500000000450e-01 2.768442500000000139e-01 5.219367499999999493e-01
6.259232500000000421e-01 2.799119999999999941e-01 5.152672499999999545e-01
6.231725000000000181e-01 2.827177499999999899e-01 5.085427499999999323e-01
6.272010000000000085e-01 2.676722500000000005e-01 5.170784999999999965e-01
6.245025000000000714e-01 2.699762500000000287e-01 5.111799999999999677e-01
6.217692500000000511e-01 2.721304999999999974e-01 5.052827500000000027e-01
6.284540000000000681e-01 2.586690000000000378e-01 5.120114999999999528e-01
6.256442500000000129e-01 2.602357499999999879e-01 5.063429999999999875e-01
6.228015000000000079e-01 2.617120000000000002e-01 5.006754999999999400e-01
6.311775000000000579e-01 2.497165000000000079e-01 5.072020000000000417e-01
6.284910000000000219e-01 2.507449999999999957e-01 5.014899999999999913e-01
6.257730000000000237e-01 2.518124999999999947e-01 4.957832500000000087e-01
6.353232500000000060e-01 2.410927499999999946e-01 5.028127500000000305e-01
6.327114999999999823e-01 2.414497499999999908e-01 4.970482499999999693e-01
6.301027500000000447e-01 2.417819999999999969e-01 4.912790750000000095e-01
6.409679999999999822e-01 2.326720000000000177e-01 4.992642499999999650e-01
6.384360000000000035e-01 2.324545000000000083e-01 4.934361499999999623e-01
6.359027500000000721e-01 2.322232499999999922e-01 4.875972499999999821e-01
6.479145000000000598e-01 2.250367500000000076e-01 4.955239750000000054e-01
6.455170000000000075e-01 2.244635000000000102e-01 4.899338500000000041e-01
6.431342500000000184e-01 2.238644999999999941e-01 4.843296249999999858e-01
6.560500000000000220e-01 2.183767500000000084e-01 4.919028500000000026e-01
6.536702500000000082e-01 2.175052500000000111e-01 4.861401249999999785e-01
6.512875000000000192e-01 2.166184999999999916e-01 4.803611999999999882e-01
6.641660000000000341e-01 2.111552500000000165e-01 4.892248999999999626e-01
6.620102500000000223e-01 2.098780000000000090e-01 4.836460750000000086e-01
6.598555000000000392e-01 2.085892500000000038e-01 4.780439249999999807e-01
6.730920000000000236e-01 2.049442499999999945e-01 4.866105749999999897e-01
6.709762500000000518e-01 2.032772499999999927e-01 4.810692749999999629e-01
6.688662499999999955e-01 2.016044999999999920e-01 4.755274499999999627e-01
6.828690000000000593e-01 1.995517500000000000e-01 4.841869500000000048e-01
6.809222500000000622e-01 1.973910000000000109e-01 4.787248000000000059e-01
6.789955000000000851e-01 1.952097500000000152e-01 4.732433349999999872e-01
6.929516000000000009e-01 1.956645000000000190e-01 4.818777499999999936e-01
6.912371500000000779e-01 1.929580000000000184e-01 4.766576999999999620e-01
6.895294250000000291e-01 1.902340000000000142e-01 4.714213150000000074e-01
7.036166000000000365e-01 1.930160000000000209e-01 4.796229750000000069e-01
7.021467500000000417e-01 1.897590000000000110e-01 4.746665999999999941e-01
7.007386250000000594e-01 1.863985000000000225e-01 4.698636599999999608e-01
7.144173655000000123e-01 1.911734999999999962e-01 4.781734499999999999e-01
7.135451325000000677e-01 1.878977500000000023e-01 4.729702599999999757e-01
7.126803925000000373e-01 1.855067499999999980e-01 4.678746999999999767e-01
7.255148750000000035e-01 1.892490000000000006e-01 4.776858749999999820e-01
7.249721250000000783e-01 1.862782500000000063e-01 4.722109059999999858e-01
7.248139500000000401e-01 1.832927500000000043e-01 4.696303249999999596e-01
7.367919750000000434e-01 1.882504999999999873e-01 4.773143749999999574e-01
7.364878249999999849e-01 1.848597499999999894e-01 4.721034409999999570e-01
7.363750500000000310e-01 1.816842499999999916e-01 4.679859499999999839e-01
7.481364999999999821e-01 1.880114999999999981e-01 4.771344999999999614e-01
7.480712500000000764e-01 1.842477499999999879e-01 4.721450342499999842e-01
7.480232500000000284e-01 1.804962500000000247e-01 4.671711749999999941e-01
7.596332500000000376e-01 1.885187500000000127e-01 4.772131499999999749e-01
7.597447500000000797e-01 1.844480000000000008e-01 4.724012499999999948e-01
7.598632499999999901e-01 1.803859999999999908e-01 4.675960749999999999e-01
7.711312500000000458e-01 1.895982500000000237e-01 4.774718499999999755e-01
7.715170000000000083e-01 1.852182500000000009e-01 4.727363074999999526e-01
7.719360000000000666e-01 1.808710000000000040e-01 4.680363999999999636e-01
7.826370000000000271e-01 1.910135000000000027e-01 4.776921749999999967e-01
7.830842500000000372e-01 1.864252499999999868e-01 4.730253099999999766e-01
7.835670000000000135e-01 1.818712499999999843e-01 4.683958249999999879e-01
7.943917500000000631e-01 1.923974999999999991e-01 4.780162249999999613e-01
7.947270000000000723e-01 1.876167499999999988e-01 4.733307699999999563e-01
7.950800000000000090e-01 1.828502499999999920e-01 4.686623500000000053e-01
8.062519999999999687e-01 1.940310000000000090e-01 4.783078999999999525e-01
8.066185000000000160e-01 1.890664999999999984e-01 4.735071974999999767e-01
8.070247500000000684e-01 1.840960000000000096e-01 4.687286249999999543e-01
8.179920000000000524e-01 1.963540000000000008e-01 4.783001499999999795e-01
8.183825000000000127e-01 1.911027499999999879e-01 4.733305525000000014e-01
8.187995000000000134e-01 1.858210000000000139e-01 4.683758249999999679e-01
8.295802500000000190e-01 1.996344999999999925e-01 4.778371499999999883e-01
8.299487500000000129e-01 1.938380000000000103e-01 4.725185574999999916e-01
8.303057500000000646e-01 1.880192500000000266e-01 4.671729999999999494e-01
8.402275000000000160e-01 2.032134999999999914e-01 4.775188499999999947e-01
8.406130000000000546e-01 1.965170000000000250e-01 4.714398174999999691e-01
8.408682499999999838e-01 1.897604999999999986e-01 4.653621249999999598e-01
8.507577500000000903e-01 2.060222500000000179e-01 4.779560249999999511e-01
8.516765000000000585e-01 1.984750000000000125e-01 4.710772849999999567e-01
8.524757499999999766e-01 1.909505000000000230e-01 4.642654499999999684e-01
8.603994999999999838e-01 2.093527500000000041e-01 4.804269499999999637e-01
8.620065000000000088e-01 2.000082499999999985e-01 4.719381829999999556e-01
8.632325000000000692e-01 1.911562500000000275e-01 4.639625749999999882e-01
8.696777500000000272e-01 2.107787500000000147e-01 4.807397499999999657e-01
8.713892500000000041e-01 2.014239999999999919e-01 4.725977274999999533e-01
8.730605000000000171e-01 1.920610000000000372e-01 4.645427499999999488e-01
8.811630000000000296e-01 2.114872500000000155e-01 4.790651499999999952e-01
8.825377500000000097e-01 2.039617499999999972e-01 4.725347974999999923e-01
8.837582500000000785e-01 1.963427500000000103e-01 4.659920749999999501e-01
8.927690000000000348e-01 2.130984999999999963e-01 4.780943999999999749e-01
8.939607500000000817e-01 2.064610000000000056e-01 4.723485924999999974e-01
8.950697499999999973e-01 1.997717499999999979e-01 4.665893749999999729e-01
9.159310000000000507e-01 2.112387500000000029e-01 4.719314147499999446e-01
