4.870030000000000747e-01 -7.939675000000001592e-02 4.678643749999999990e-01
5.294392500000000279e-01 -6.039125000000000743e-02 4.676741749999999698e-01
5.313180000000000680e-01 -7.254599999999999937e-02 4.670224000000000042e-01
5.331290000000000751e-01 -8.465100000000000402e-02 4.662224249999999959e-01
5.407885000000000053e-01 -5.869749999999998580e-02 4.677546000000000204e-01
5.427425000000000166e-01 -7.092199999999998505e-02 4.670268249999999788e-01
5.444942500000000685e-01 -8.290675000000000128e-02 4.661347249999999720e-01
5.512814999999999799e-01 -5.749599999999999156e-02 4.683495249999999888e-01
5.538232499999999892e-01 -6.933875000000000455e-02 4.674661749999999838e-01
5.563020000000000742e-01 -8.144750000000000600e-02 4.662313249999999742e-01
5.635887500000000827e-01 -5.675025000000000208e-02 4.696996449999999990e-01
5.655572500000000113e-01 -6.832849999999998647e-02 4.687569249999999910e-01
5.673027500000000778e-01 -8.006399999999999628e-02 4.674833749999999788e-01
5.756742500000000540e-01 -5.580599999999999450e-02 4.703883999999999843e-01
5.771905000000000507e-01 -6.713500000000000023e-02 4.694074750000000185e-01
5.786500000000001087e-01 -7.841899999999998871e-02 4.681562750000000106e-01
5.880297500000000177e-01 -5.469599999999999462e-02 4.701190075000000190e-01
5.888777499999999776e-01 -6.585474999999998968e-02 4.691542499999999949e-01
5.894307500000000033e-01 -7.704125000000000556e-02 4.679345249999999901e-01
5.995212500000000055e-01 -5.255550000000000499e-02 4.692350249999999723e-01
6.007640000000000757e-01 -6.375675000000000092e-02 4.682518499999999695e-01
6.015965000000000895e-01 -7.481974999999999043e-02 4.670158749999999692e-01
6.115965000000000984e-01 -5.045174999999998966e-02 4.680069000000000035e-01
6.124380000000000379e-01 -6.168724999999999903e-02 4.670912249999999988e-01
6.130922500000000053e-01 -7.275974999999998416e-02 4.658748249999999924e-01
6.235640000000000072e-01 -4.861074999999999424e-02 4.671846499999999791e-01
6.238887500000001030e-01 -5.968350000000000044e-02 4.665012499999999784e-01
6.243765000000001120e-01 -7.059974999999998890e-02 4.654398249999999737e-01
6.357255000000000544e-01 -4.744450000000000056e-02 4.666744250000000038e-01
6.356460000000000443e-01 -5.839174999999999227e-02 4.660164749999999856e-01
6.360742500000000632e-01 -6.924049999999998262e-02 4.650725499999999735e-01
6.486130000000001061e-01 -4.707725000000000104e-02 4.669255499999999670e-01
6.481015000000001081e-01 -5.789425000000000820e-02 4.663217499999999793e-01
6.479757500000000725e-01 -6.875899999999998680e-02 4.653919249999999841e-01
6.614997500000000530e-01 -4.725249999999998896e-02 4.680312749999999689e-01
6.606412500000000687e-01 -5.801324999999998844e-02 4.674183249999999679e-01
6.599317500000000392e-01 -6.879350000000000742e-02 4.664504499999999609e-01
6.742047500000000193e-01 -4.863075000000000037e-02 4.700157649999999743e-01
6.730172500000000113e-01 -5.909975000000000644e-02 4.689236749999999843e-01
6.717957500000000248e-01 -6.965625000000000289e-02 4.678899999999999726e-01
6.866952500000000903e-01 -5.051200000000000134e-02 4.716454474999999813e-01
6.847480000000000233e-01 -6.084124999999998562e-02 4.707921250000000057e-01
6.832002500000000644e-01 -7.137925000000000519e-02 4.702167624999999962e-01
6.981924000000000463e-01 -5.254624999999998880e-02 4.727521674999999868e-01
6.967259250000000792e-01 -6.292999999999998595e-02 4.723246574999999670e-01
6.954745750000000948e-01 -7.324524999999998398e-02 4.723721449999999655e-01
7.096580000000000110e-01 -5.398675000000000002e-02 4.746036499999999880e-01
7.085084500000000673e-01 -6.401249999999999996e-02 4.731640449999999776e-01
7.077135250000000655e-01 -7.406825000000000214e-02 4.732426825000000115e-01
7.200446750000000229e-01 -5.407624999999999238e-02 4.753136499999999764e-01
7.199599000000000970e-01 -6.441174999999998985e-02 4.737395249999999947e-01
7.196324000000000609e-01 -7.415874999999999551e-02 4.737568974999999960e-01
7.307364250000000228e-01 -5.436799999999999966e-02 4.757369750000000064e-01
7.310259250000000764e-01 -6.404699999999999283e-02 4.737874324999999942e-01
7.314162000000000718e-01 -7.372324999999999018e-02 4.740275574999999741e-01
7.402270000000000794e-01 -5.378349999999998410e-02 4.742070274999999890e-01
7.416172500000000056e-01 -6.329124999999999335e-02 4.721083617499999829e-01
7.433335000000000914e-01 -7.297999999999998932e-02 4.696117774999999939e-01
7.494415000000000937e-01 -5.211174999999998447e-02 4.744906749999999729e-01
7.516972500000000945e-01 -6.103824999999998835e-02 4.705542500000000072e-01
7.543975000000000541e-01 -6.967024999999998913e-02 4.667164999999999786e-01
7.596990000000000132e-01 -4.921449999999999436e-02 4.762601750000000078e-01
7.619790000000000729e-01 -5.779924999999999646e-02 4.716407974999999864e-01
7.653040000000000953e-01 -6.574599999999999889e-02 4.671233999999999664e-01
7.714792500000000608e-01 -4.562249999999999639e-02 4.773895249999999812e-01
7.734822500000000378e-01 -5.370174999999999255e-02 4.721804302500000050e-01
7.770515000000000061e-01 -6.109100000000000641e-02 4.671104249999999958e-01
7.850885000000000780e-01 -4.260224999999999429e-02 4.776757749999999692e-01
7.859562500000000229e-01 -5.033024999999999305e-02 4.720198409999999956e-01
7.884152500000000119e-01 -5.785424999999999596e-02 4.664149499999999948e-01
8.003575000000000550e-01 -4.280524999999998914e-02 4.773726499999999540e-01
7.993655000000000621e-01 -5.013299999999999701e-02 4.715435224999999786e-01
7.995754999999999946e-01 -5.730325000000000002e-02 4.657733000000000012e-01
8.147650000000000725e-01 -4.757699999999999430e-02 4.769562499999999705e-01
8.121925000000000949e-01 -5.452250000000000152e-02 4.709296574999999874e-01
8.100205000000000322e-01 -6.150374999999999592e-02 4.650063749999999718e-01
8.274974999999999969e-01 -5.585424999999999418e-02 4.766783749999999875e-01
8.237607500000000416e-01 -6.219800000000000328e-02 4.705233699999999963e-01
8.208592500000000403e-01 -6.912199999999998901e-02 4.644806499999999949e-01
8.389615000000000267e-01 -6.487175000000000580e-02 4.773344749999999803e-01
8.345277500000000126e-01 -7.072575000000000389e-02 4.710523649999999729e-01
8.306502500000000344e-01 -7.706899999999999862e-02 4.648818999999999591e-01
8.484205000000000219e-01 -7.499000000000000110e-02 4.790115499999999527e-01
8.432749999999999968e-01 -8.009050000000000891e-02 4.725335224999999695e-01
8.386817500000001147e-01 -8.612675000000000192e-02 4.660108999999999502e-01
8.542925000000000102e-01 -8.430274999999998187e-02 4.828971999999999709e-01
8.489020000000000454e-01 -8.937950000000000061e-02 4.759532749999999535e-01
8.437500000000000000e-01 -9.493799999999999462e-02 4.688874999999999571e-01
8.537097500000000450e-01 -9.269549999999998624e-02 4.900636250000000027e-01
8.486562500000000009e-01 -9.654075000000000850e-02 4.819745249999999870e-01
8.427095000000000002e-01 -1.011094999999999910e-01 4.737542549999999575e-01
8.541360000000000063e-01 -1.025770000000000015e-01 4.956678749999999800e-01
8.489705000000000723e-01 -1.052804999999999991e-01 4.863723999999999825e-01
8.412352499999999900e-01 -1.085015000000000007e-01 4.750204249999999684e-01
8.527937500000000171e-01 -1.108617500000000089e-01 4.995307499999999679e-01
8.478495000000000337e-01 -1.145777500000000060e-01 4.909832499999999822e-01
8.402227500000000182e-01 -1.182687500000000058e-01 4.803148999999999891e-01
8.542580000000000728e-01 -1.209957499999999853e-01 5.014579999999999593e-01
8.492262500000000713e-01 -1.225367499999999998e-01 4.926924499999999485e-01
8.436449999999999783e-01 -1.253657499999999980e-01 4.832650749999999884e-01
8.571300000000000585e-01 -1.341432499999999917e-01 4.994122500000000020e-01
8.525535000000000752e-01 -1.341209999999999902e-01 4.906098249999999994e-01
8.482387500000000413e-01 -1.346977500000000050e-01 4.818318999999999797e-01
8.557425000000000725e-01 -1.482475000000000043e-01 4.966045000000000043e-01
8.524097500000000771e-01 -1.458487499999999992e-01 4.883361749999999835e-01
8.489157500000000800e-01 -1.439927500000000027e-01 4.800286500000000012e-01
8.491182500000000744e-01 -1.598147500000000054e-01 4.935476999999999781e-01
8.472500000000000586e-01 -1.559969999999999968e-01 4.857495499999999744e-01
8.447025000000000228e-01 -1.525729999999999864e-01 4.779888749999999797e-01
8.384962500000000540e-01 -1.668715000000000059e-01 4.911571499999999868e-01
8.377499999999999947e-01 -1.625397499999999829e-01 4.836718749999999734e-01
8.364142500000000258e-01 -1.583785000000000054e-01 4.762767249999999564e-01
8.255832500000001017e-01 -1.687622500000000025e-01 4.894562249999999670e-01
8.260097500000000981e-01 -1.643597499999999989e-01 4.821787749999999484e-01
8.261365000000000514e-01 -1.599347499999999866e-01 4.749464499999999645e-01
8.129465000000000163e-01 -1.652267500000000056e-01 4.888454250000000001e-01
8.142625000000001112e-01 -1.611662499999999831e-01 4.817170999999999537e-01
8.153140000000000942e-01 -1.570384999999999975e-01 4.745790999999999760e-01
8.020992500000000414e-01 -1.578442499999999915e-01 4.892460499999999879e-01
8.038085000000000369e-01 -1.541457499999999980e-01 4.822469249999999930e-01
8.052142500000000203e-01 -1.503960000000000019e-01 4.751249499999999903e-01
7.897677500000001016e-01 -1.531077499999999869e-01 4.887387749999999587e-01
7.920710000000000806e-01 -1.496079999999999910e-01 4.817622249999999884e-01
7.942405000000000159e-01 -1.461172500000000041e-01 4.745997249999999723e-01
7.769087500000000368e-01 -1.523504999999999998e-01 4.843156750000000010e-01
7.802657500000000912e-01 -1.489037500000000014e-01 4.779198499999999794e-01
7.834952500000000875e-01 -1.454719999999999902e-01 4.713550074999999784e-01
7.648705000000000087e-01 -1.489277499999999976e-01 4.801132249999999768e-01
7.688650000000000206e-01 -1.452862500000000057e-01 4.743310224999999769e-01
7.727097500000000840e-01 -1.416030000000000066e-01 4.684552249999999751e-01
7.539800000000000946e-01 -1.420394999999999852e-01 4.766120999999999830e-01
7.587895000000000056e-01 -1.384485000000000021e-01 4.716605824999999808e-01
7.634205000000000574e-01 -1.346765000000000045e-01 4.665907999999999722e-01
7.458027500000000698e-01 -1.346457500000000085e-01 4.748726500000000073e-01
7.505135000000000556e-01 -1.309697499999999959e-01 4.701511899999999966e-01
7.550607500000000583e-01 -1.271447500000000008e-01 4.653732999999999898e-01
7.376996500000000401e-01 -1.265982499999999955e-01 4.740558074999999816e-01
7.424052500000000165e-01 -1.230370000000000075e-01 4.695255624999999933e-01
7.468765000000000542e-01 -1.192887499999999990e-01 4.650158249999999938e-01
7.306755500000000625e-01 -1.173912500000000025e-01 4.742821849999999673e-01
7.355791000000000412e-01 -1.139122499999999927e-01 4.698314249999999692e-01
7.404842500000000660e-01 -1.105599999999999916e-01 4.654707249999999741e-01
7.244150500000000603e-01 -1.050607500000000083e-01 4.736223674999999744e-01
7.301896250000000643e-01 -1.026604999999999879e-01 4.695944049999999925e-01
7.360481250000000530e-01 -1.003080000000000083e-01 4.656857749999999685e-01
7.219956750000000589e-01 -9.079624999999999502e-02 4.700385125000000053e-01
7.275014500000001050e-01 -9.001524999999999110e-02 4.687530249999999898e-01
7.342806000000000610e-01 -8.871799999999999131e-02 4.667875999999999692e-01
7.207260500000000070e-01 -7.830850000000000311e-02 4.709988424999999590e-01
7.262013250000000086e-01 -7.751425000000000676e-02 4.702168800000000037e-01
7.327953750000000266e-01 -7.614175000000000804e-02 4.694035999999999764e-01
7.167888975000000773e-01 -6.515275000000000927e-02 4.732506149999999856e-01
7.237549250000000489e-01 -6.464749999999999663e-02 4.725627424999999660e-01
7.306996000000000047e-01 -6.380500000000000060e-02 4.707546950000000008e-01
7.160126950000000878e-01 -5.291574999999998363e-02 4.751837499999999603e-01
7.228516500000000677e-01 -5.237600000000000589e-02 4.741915574999999716e-01
7.296908500000000020e-01 -5.167325000000000390e-02 4.726886124999999939e-01
7.150457975000000799e-01 -4.089374999999999261e-02 4.751868750000000086e-01
7.218686000000000824e-01 -4.017549999999998900e-02 4.738977899999999854e-01
7.286496000000000084e-01 -3.942824999999999802e-02 4.726150699999999705e-01
7.138847400000000176e-01 -3.034049999999999248e-02 4.732845049999999665e-01
7.206818000000000390e-01 -2.954874999999999863e-02 4.719835547499999784e-01
7.274997750000000707e-01 -2.887374999999998970e-02 4.707117200000000001e-01
7.125500575000000003e-01 -1.843824999999998937e-02 4.711519124999999919e-01
7.192747500000000738e-01 -1.772974999999998857e-02 4.698757650000000008e-01
7.260645000000000016e-01 -1.710699999999999721e-02 4.686387750000000074e-01
7.124993000000000576e-01 -4.924749999999991634e-03 4.698550174999999718e-01
7.192641750000000611e-01 -4.130250000000001975e-03 4.685631249999999692e-01
7.260901750000000598e-01 -3.669999999999992712e-03 4.673771250000000044e-01
7.123301400000000561e-01 1.083100000000000729e-02 4.698115449999999971e-01
7.191641500000000020e-01 1.149525000000000546e-02 4.685279749999999854e-01
7.259946750000000337e-01 1.188100000000000267e-02 4.674299000000000093e-01
7.117395000000000804e-01 2.585475000000000273e-02 4.719068667499999870e-01
7.193576250000000005e-01 2.657875000000000515e-02 4.704608200000000018e-01
7.268507250000000308e-01 2.741025000000000406e-02 4.693428000000000044e-01
7.105322000000000582e-01 4.096775000000000416e-02 4.711337549999999874e-01
7.193685499999999955e-01 4.189425000000000787e-02 4.694753749999999726e-01
7.278042750000000005e-01 4.295750000000000957e-02 4.683119249999999623e-01
7.071956249999999944e-01 5.292802500000000354e-02 4.699654600000000015e-01
7.185960000000000125e-01 5.456480000000000358e-02 4.678456749999999609e-01
7.296195000000000874e-01 5.560730000000000534e-02 4.665796999999999861e-01
7.069691250000000871e-01 6.510922500000000668e-02 4.683772999999999964e-01
7.185590250000000179e-01 6.386387500000000050e-02 4.666769499999999793e-01
7.309092750000000249e-01 6.193435000000000606e-02 4.647022249999999688e-01
7.113998750000000149e-01 7.557724250000000255e-02 4.693892499999999801e-01
7.202302500000000718e-01 7.443855750000000215e-02 4.681125250000000015e-01
7.298814750000000018e-01 7.400793925000000162e-02 4.667487499999999900e-01
7.155619100000000232e-01 8.617477500000000901e-02 4.694800999999999558e-01
7.230839500000000308e-01 8.549577500000000996e-02 4.684357249999999695e-01
7.304368250000000673e-01 8.532182500000000391e-02 4.674165750000000008e-01
7.183304000000000356e-01 9.687397500000000106e-02 4.706728124999999818e-01
7.248444250000000144e-01 9.605937500000000240e-02 4.697632174999999966e-01
7.314565000000000650e-01 9.565465000000000773e-02 4.688485000000000014e-01
7.195098000000000882e-01 1.057107500000000061e-01 4.720010768499999787e-01
7.258713500000000263e-01 1.053250000000000020e-01 4.712028050000000023e-01
7.321576000000000750e-01 1.049887500000000057e-01 4.703835599999999784e-01
7.202712250000000704e-01 1.159102500000000063e-01 4.721016355000000053e-01
7.265750250000000410e-01 1.153320000000000040e-01 4.713220850000000017e-01
7.328377999999999837e-01 1.148467499999999974e-01 4.705571699999999691e-01
7.211266250000000211e-01 1.263190000000000146e-01 4.707705949999999584e-01
7.273471000000000242e-01 1.254632499999999984e-01 4.700607099999999927e-01
7.335913250000000163e-01 1.248830000000000079e-01 4.693539999999999934e-01
7.239457500000000545e-01 1.369592500000000046e-01 4.694689999999999697e-01
7.299362500000000642e-01 1.357962500000000072e-01 4.690068749999999898e-01
7.360197250000000135e-01 1.348567499999999975e-01 4.684475750000000049e-01
7.278792250000000186e-01 1.453982500000000067e-01 4.651140749999999602e-01
7.326111000000000706e-01 1.450457500000000011e-01 4.669605249999999597e-01
7.385228249999999939e-01 1.450150000000000050e-01 4.662786999999999904e-01
7.284752250000000595e-01 1.546565000000000023e-01 4.666534249999999551e-01
7.336383750000000648e-01 1.553350000000000009e-01 4.672311499999999840e-01
7.394412750000000090e-01 1.561527500000000068e-01 4.663952749999999980e-01
7.281252000000000280e-01 1.658367500000000050e-01 4.671508749999999655e-01
7.325599750000000299e-01 1.663202500000000028e-01 4.676349750000000083e-01
7.375096750000000867e-01 1.677474999999999938e-01 4.683287749999999749e-01
7.284793500000000810e-01 1.860552500000000054e-01 4.703764324999999968e-01
7.309962750000000842e-01 1.857550000000000034e-01 4.705720075000000002e-01
7.350538500000000086e-01 1.852617500000000028e-01 4.709060424999999550e-01
7.225744000000000611e-01 1.796167499999999917e-01 4.797354749999999668e-01
7.264444500000000193e-01 1.814832499999999849e-01 4.804507499999999820e-01
7.309778250000000810e-01 1.845185000000000020e-01 4.815899999999999626e-01
7.168704450000000783e-01 1.785384999999999889e-01 4.866217999999999932e-01
7.204842000000000191e-01 1.824257499999999976e-01 4.892358249999999575e-01
7.241668500000000286e-01 1.862572499999999853e-01 4.917623499999999592e-01
7.117004000000000108e-01 1.776409999999999934e-01 4.940813499999999747e-01
7.145270392500000511e-01 1.814439999999999942e-01 4.977524999999999866e-01
7.172809749999999873e-01 1.851639999999999953e-01 5.014359999999999928e-01
7.048733249999999950e-01 1.739864999999999884e-01 5.012747499999999912e-01
7.075506249999999886e-01 1.777120000000000088e-01 5.051002500000000284e-01
7.101790749999999930e-01 1.814002499999999851e-01 5.090054999999999996e-01
6.994193000000000771e-01 1.693272499999999847e-01 5.077877499999999822e-01
7.017016999999999838e-01 1.727759999999999851e-01 5.121217499999999312e-01
7.039956750000000429e-01 1.762100000000000055e-01 5.164632499999999293e-01
6.951890500000000861e-01 1.625352500000000200e-01 5.129350000000000298e-01
6.970722000000000307e-01 1.655077500000000090e-01 5.178530000000000078e-01
6.989908500000000524e-01 1.684817499999999857e-01 5.227612499999999551e-01
6.916601500000000291e-01 1.549597500000000072e-01 5.167512499999999953e-01
6.930482500000000323e-01 1.572510000000000019e-01 5.222445000000000004e-01
6.944654500000000397e-01 1.595469999999999944e-01 5.277312499999999851e-01
6.855760000000000742e-01 1.483500000000000096e-01 5.187547500000000422e-01
6.863307499999999894e-01 1.500075000000000158e-01 5.246929999999999650e-01
6.871140000000000025e-01 1.516717499999999941e-01 5.306132500000000363e-01
6.783687500000000759e-01 1.428095000000000059e-01 5.196912499999999380e-01
6.784292499999999837e-01 1.439885000000000193e-01 5.259192499999999493e-01
6.784522500000000900e-01 1.451195000000000124e-01 5.321342500000000308e-01
6.699042500000000899e-01 1.396332499999999865e-01 5.182820000000000205e-01
6.689092500000000108e-01 1.404815000000000091e-01 5.246667499999999595e-01
6.677417500000000228e-01 1.412120000000000042e-01 5.309527499999999733e-01
6.618025000000000713e-01 1.334547500000000109e-01 5.145309999999999606e-01
6.599072500000000563e-01 1.336940000000000073e-01 5.208882499999999416e-01
6.577012500000000150e-01 1.337282499999999930e-01 5.270279999999999410e-01
6.539719999999999978e-01 1.241187499999999999e-01 5.077064999999999495e-01
6.513495000000000257e-01 1.236669999999999991e-01 5.139832500000000026e-01
6.480125000000001023e-01 1.228287500000000004e-01 5.198454999999999604e-01
6.418390000000000484e-01 1.176437499999999914e-01 4.967921499999999879e-01
6.381460000000001020e-01 1.163474999999999926e-01 5.028417499999999762e-01
6.341075000000000461e-01 1.149152499999999966e-01 5.083692499999999947e-01
6.312119999999999953e-01 1.250364999999999949e-01 4.874386499999999733e-01
6.271915000000000129e-01 1.236239999999999978e-01 4.938695750000000051e-01
6.225772500000000820e-01 1.222570000000000046e-01 4.998012499999999747e-01
6.255017500000000785e-01 1.351712499999999928e-01 4.828347749999999938e-01
6.207387500000000058e-01 1.343535000000000146e-01 4.897364499999999898e-01
6.154410000000000158e-01 1.332065000000000055e-01 4.962943249999999806e-01
6.177337500000000814e-01 1.424152499999999932e-01 4.760666249999999655e-01
6.120625000000000648e-01 1.419257500000000172e-01 4.841133750000000124e-01
6.055542500000000716e-01 1.416047500000000015e-01 4.915066750000000040e-01
6.147372500000000128e-01 1.509300000000000086e-01 4.691340749999999837e-01
6.070335000000000036e-01 1.513162499999999855e-01 4.786217999999999861e-01
5.992107500000000142e-01 1.519107499999999833e-01 4.869679249999999682e-01
6.133090000000001041e-01 1.607727500000000198e-01 4.660851999999999773e-01
6.044709999999999805e-01 1.625850000000000073e-01 4.746271750000000123e-01
5.965322500000000971e-01 1.640257499999999702e-01 4.825916499999999831e-01
6.112859999999999960e-01 1.698550000000000060e-01 4.670894500000000171e-01
6.047010000000000440e-01 1.712425000000000197e-01 4.736299050000000177e-01
5.984817500000000345e-01 1.732347499999999929e-01 4.798285499999999648e-01
6.094127500000000586e-01 1.797427500000000067e-01 4.649919750000000018e-01
6.039947500000000247e-01 1.815492499999999954e-01 4.702715100000000037e-01
5.986722500000000169e-01 1.836062499999999709e-01 4.755062999999999929e-01
6.100039999999999907e-01 1.891512499999999930e-01 4.633550750000000051e-01
6.054015000000000368e-01 1.916579999999999950e-01 4.677109999999999879e-01
6.009499999999999842e-01 1.943634999999999946e-01 4.720686840000000162e-01
6.141010000000000080e-01 1.975962500000000011e-01 4.630840749999999839e-01
6.103760000000000296e-01 2.010012499999999924e-01 4.670859250000000129e-01
6.068012500000000697e-01 2.045587500000000114e-01 4.711009649999999827e-01
6.207765000000000644e-01 2.046727500000000144e-01 4.637049249999999900e-01
6.178500000000000103e-01 2.086264999999999925e-01 4.676336249999999972e-01
6.149355000000000793e-01 2.126365000000000061e-01 4.715977199999999980e-01
6.289032500000000248e-01 2.094285000000000174e-01 4.647877750000000141e-01
6.272497500000000503e-01 2.139635000000000009e-01 4.687855999999999690e-01
6.256950000000000012e-01 2.185187500000000116e-01 4.728146174999999785e-01
6.383557499999999996e-01 2.114680000000000171e-01 4.656742999999999855e-01
6.379797500000000676e-01 2.161702500000000082e-01 4.698549249999999788e-01
6.376709999999999878e-01 2.208637499999999976e-01 4.740661975000000083e-01
6.483380000000000809e-01 2.110147500000000009e-01 4.671825499999999742e-01
6.488654999999999839e-01 2.154097500000000109e-01 4.713295650000000059e-01
6.494702500000000267e-01 2.197805000000000175e-01 4.754891749999999861e-01
6.583337500000000508e-01 2.082137500000000030e-01 4.687623249999999797e-01
6.594062500000000826e-01 2.124097500000000083e-01 4.732359325000000116e-01
6.605360000000000120e-01 2.165882500000000099e-01 4.777311499999999933e-01
6.681607500000000810e-01 2.042162500000000158e-01 4.696744374999999860e-01
6.696207499999999868e-01 2.079222500000000029e-01 4.742527324999999960e-01
6.711004999999999887e-01 2.116162500000000057e-01 4.788360500000000131e-01
6.783082500000000570e-01 1.999292500000000028e-01 4.700084124999999724e-01
6.797090000000000076e-01 2.034084999999999921e-01 4.748381499999999589e-01
6.810915000000000719e-01 2.068587500000000079e-01 4.796485500000000068e-01
6.890752500000000280e-01 1.952225000000000210e-01 4.705475674999999858e-01
6.902626500000000886e-01 1.987875000000000059e-01 4.753861749999999664e-01
6.914726250000000629e-01 2.022899999999999976e-01 4.802181999999999840e-01
6.999510500000000190e-01 1.910745000000000082e-01 4.714405050000000097e-01
7.007401250000000470e-01 1.943247499999999905e-01 4.763271749999999916e-01
7.015883750000000418e-01 1.975302500000000183e-01 4.812609999999999943e-01
7.114629250000000793e-01 1.868684999999999929e-01 4.728146449999999779e-01
7.116592500000000765e-01 1.903382499999999866e-01 4.776487999999999845e-01
7.119911100000000381e-01 1.937590000000000146e-01 4.826415499999999748e-01
7.233346000000000497e-01 1.822384999999999977e-01 4.739207349999999819e-01
7.248249749999999825e-01 1.821709999999999996e-01 4.742177224999999940e-01
7.258230500000000252e-01 1.817927500000000030e-01 4.744941749999999625e-01
7.368946750000000545e-01 1.796002500000000168e-01 4.754215999999999998e-01
7.383498000000000561e-01 1.791802499999999854e-01 4.758558250000000100e-01
7.397000000000000242e-01 1.786242499999999844e-01 4.762437250000000066e-01
7.480237499999999873e-01 1.777132499999999893e-01 4.735676875000000008e-01
7.483307500000000445e-01 1.734955000000000247e-01 4.773041000000000089e-01
7.481472500000000414e-01 1.691905000000000214e-01 4.806388500000000064e-01
7.592535000000000256e-01 1.758707500000000201e-01 4.724814149999999602e-01
7.591514999999999791e-01 1.711969999999999881e-01 4.763225749999999703e-01
7.591205000000000869e-01 1.664585000000000092e-01 4.801302999999999543e-01
7.707307500000000200e-01 1.743167500000000203e-01 4.716131699999999705e-01
7.703747499999999970e-01 1.695597500000000091e-01 4.754909749999999824e-01
7.699970000000000425e-01 1.647832499999999922e-01 4.793651499999999621e-01
7.821902500000000868e-01 1.727237500000000092e-01 4.707068024999999656e-01
7.818095000000000461e-01 1.678197499999999898e-01 4.746433499999999639e-01
7.813762499999999944e-01 1.629427500000000251e-01 4.785670249999999792e-01
7.947575000000000056e-01 1.707859999999999934e-01 4.692666749999999665e-01
7.938570000000000348e-01 1.658374999999999988e-01 4.733192824999999937e-01
7.930360000000000742e-01 1.609062500000000007e-01 4.773433249999999850e-01
8.075620000000000021e-01 1.694065000000000154e-01 4.693109749999999636e-01
8.062420000000000142e-01 1.643620000000000081e-01 4.734492174999999636e-01
8.050010000000000776e-01 1.593182499999999946e-01 4.775623749999999834e-01
8.203302500000000386e-01 1.673395000000000021e-01 4.692501999999999507e-01
8.186325000000000962e-01 1.621647500000000242e-01 4.735072899999999696e-01
8.170857500000000551e-01 1.569665000000000088e-01 4.777501749999999991e-01
8.314274999999999860e-01 1.650090000000000168e-01 4.697733174999999539e-01
8.296132500000000798e-01 1.596317500000000167e-01 4.741965399999999997e-01
8.278360000000000163e-01 1.542260000000000297e-01 4.786215999999999804e-01
8.425785000000000080e-01 1.637297500000000072e-01 4.714427449999999964e-01
8.404660000000000464e-01 1.579027500000000361e-01 4.761765000000000025e-01
8.383430000000000604e-01 1.520450000000000135e-01 4.809480749999999749e-01
8.529145000000000199e-01 1.634110000000000285e-01 4.734057224999999591e-01
8.504722500000000407e-01 1.567000000000000060e-01 4.787907249999999726e-01
8.478537500000000726e-01 1.499882500000000174e-01 4.841982749999999558e-01
8.631090000000000151e-01 1.627352499999999980e-01 4.745010749999999944e-01
8.609022500000000910e-01 1.550197500000000117e-01 4.806795249999999964e-01
8.584665000000000212e-01 1.473990000000000022e-01 4.868236249999999821e-01
8.728895000000000959e-01 1.642732500000000373e-01 4.751265999999999545e-01
8.707717500000000665e-01 1.546030000000000182e-01 4.829168999999999823e-01
8.682202500000000267e-01 1.456005000000000216e-01 4.902066749999999806e-01
8.821347500000000785e-01 1.636067500000000230e-01 4.769904999999999839e-01
8.799354999999999816e-01 1.542140000000000177e-01 4.848730749999999867e-01
8.776860000000000772e-01 1.449557500000000221e-01 4.927603249999999990e-01
8.930587500000000123e-01 1.606600000000000250e-01 4.799457249999999897e-01
8.912775000000000558e-01 1.531207500000000277e-01 4.862906499999999910e-01
8.892817500000000930e-01 1.456052500000000194e-01 4.926728999999999692e-01
9.044162500000000326e-01 1.584642500000000287e-01 4.822219249999999957e-01
9.028022500000000283e-01 1.518395000000000161e-01 4.878087499999999577e-01
9.010787500000000394e-01 1.452165000000000261e-01 4.934225499999999598e-01
9.249530000000000252e-01 1.492887500000000256e-01 4.907276499999999597e-01
