4.855417500000000497e-01 -6.869350000000001844e-02 4.658111249999999925e-01
5.290890000000000315e-01 -5.359099999999999975e-02 4.719522915000000096e-01
5.301474999999999937e-01 -6.560099999999999265e-02 4.694514750000000070e-01
5.311230000000000118e-01 -7.755249999999999644e-02 4.668243750000000136e-01
5.405167500000001013e-01 -5.282775000000000665e-02 4.729414524999999703e-01
5.416552500000000325e-01 -6.489074999999999704e-02 4.704707074999999739e-01
5.425500000000000878e-01 -7.671775000000000122e-02 4.678201249999999756e-01
5.511332500000000190e-01 -5.241175000000000694e-02 4.736212300000000042e-01
5.528432500000000083e-01 -6.412424999999999375e-02 4.713779000000000163e-01
5.542970000000000397e-01 -7.613999999999998547e-02 4.682970499999999925e-01
5.628480000000000150e-01 -5.203199999999999492e-02 4.746262499999999718e-01
5.642047500000000326e-01 -6.347749999999999226e-02 4.723497724999999869e-01
5.653452500000000214e-01 -7.498874999999999291e-02 4.694070000000000187e-01
5.744620000000000282e-01 -5.110149999999999415e-02 4.745971499999999677e-01
5.754460000000000131e-01 -6.228025000000000921e-02 4.723167799999999916e-01
5.764900000000000579e-01 -7.327849999999999642e-02 4.695079300000000178e-01
5.866257500000000569e-01 -4.985975000000000823e-02 4.735527875000000164e-01
5.867560000000000553e-01 -6.086274999999999324e-02 4.713550274999999679e-01
5.869942500000000507e-01 -7.171399999999999997e-02 4.686742749999999735e-01
5.976762500000000200e-01 -4.816225000000000367e-02 4.717999502499999886e-01
5.980374999999999996e-01 -5.923124999999998530e-02 4.695767200000000030e-01
5.982465000000000144e-01 -7.000324999999998909e-02 4.669066749999999932e-01
6.093885000000001106e-01 -4.668250000000000177e-02 4.697002599999999806e-01
6.092442500000000427e-01 -5.776200000000000778e-02 4.675616249999999807e-01
6.090805000000000247e-01 -6.853499999999998482e-02 4.650052749999999957e-01
6.213805000000001133e-01 -4.613724999999999077e-02 4.686358749999999795e-01
6.205320000000000835e-01 -5.702699999999999436e-02 4.664931749999999822e-01
6.198980000000000601e-01 -6.779999999999999916e-02 4.642486249999999703e-01
6.335377500000000106e-01 -4.644500000000000017e-02 4.684656749999999703e-01
6.321480000000000432e-01 -5.705124999999999780e-02 4.661735750000000067e-01
6.313425000000000287e-01 -6.780774999999999997e-02 4.643637749999999786e-01
6.462025000000000130e-01 -4.789374999999999882e-02 4.692014250000000053e-01
6.444157500000000649e-01 -5.832249999999999934e-02 4.669100999999999946e-01
6.430232500000000462e-01 -6.900275000000000158e-02 4.650818250000000043e-01
6.586720000000000352e-01 -4.990999999999999603e-02 4.705127849999999889e-01
6.566552500000000236e-01 -6.026599999999998625e-02 4.682482000000000033e-01
6.547052500000000164e-01 -7.077674999999999939e-02 4.663400500000000060e-01
6.710750000000000881e-01 -5.279375000000000040e-02 4.715724000000000027e-01
6.686684999999999990e-01 -6.294949999999999157e-02 4.697545674999999976e-01
6.664510000000000156e-01 -7.323749999999998317e-02 4.682359999999999856e-01
6.833440000000000625e-01 -5.554624999999999146e-02 4.721494102500000123e-01
6.809135000000000604e-01 -6.584024999999998906e-02 4.709433624999999624e-01
6.784760000000000790e-01 -7.619024999999998715e-02 4.700463225000000023e-01
6.951589750000000123e-01 -5.848824999999999164e-02 4.719932204749999749e-01
6.929614250000000197e-01 -6.867550000000000043e-02 4.714628274999999591e-01
6.911351000000000022e-01 -7.893424999999998359e-02 4.712568299999999599e-01
7.068833500000000214e-01 -6.083874999999999700e-02 4.725014324999999848e-01
7.051163500000000584e-01 -7.069675000000000264e-02 4.712620624999999674e-01
7.038893750000000393e-01 -8.070825000000000915e-02 4.711815149999999952e-01
7.176045500000000077e-01 -6.151550000000000074e-02 4.724548000000000081e-01
7.169599500000000125e-01 -7.154699999999999949e-02 4.708048125000000028e-01
7.165762300000000362e-01 -8.127024999999998833e-02 4.710022499999999557e-01
7.284479750000000253e-01 -6.153600000000000736e-02 4.732149774999999670e-01
7.287264500000000256e-01 -7.128224999999999145e-02 4.710840974999999653e-01
7.291781750000000395e-01 -8.085475000000000301e-02 4.713629950000000068e-01
7.386638500000000107e-01 -6.000524999999998221e-02 4.717983047500000082e-01
7.400850000000001039e-01 -6.975524999999999087e-02 4.697605749999999580e-01
7.418700000000000294e-01 -7.945225000000000204e-02 4.673713250000000041e-01
7.492252500000000648e-01 -5.784924999999999096e-02 4.717956824999999799e-01
7.509417500000000745e-01 -6.715625000000000067e-02 4.680552749999999929e-01
7.531192500000000178e-01 -7.608375000000000554e-02 4.644292749999999748e-01
7.606380000000000363e-01 -5.562000000000000277e-02 4.731414599999999582e-01
7.624300000000000521e-01 -6.448175000000000434e-02 4.687554499999999624e-01
7.645062500000000538e-01 -7.300524999999999376e-02 4.644198250000000083e-01
7.727800000000000225e-01 -5.402550000000000407e-02 4.743863374999999771e-01
7.739365000000000272e-01 -6.240024999999999045e-02 4.694793499999999620e-01
7.756485000000000740e-01 -7.060449999999998671e-02 4.646468749999999592e-01
7.855635000000000812e-01 -5.424499999999998767e-02 4.759816999999999521e-01
7.861255000000000326e-01 -6.214400000000000479e-02 4.704015899999999806e-01
7.869665000000000132e-01 -7.044124999999998304e-02 4.652138999999999580e-01
7.983372500000001093e-01 -5.651999999999998692e-02 4.784971749999999968e-01
7.979510000000000769e-01 -6.392875000000000640e-02 4.723614349999999962e-01
7.978530000000000344e-01 -7.172599999999998421e-02 4.667351249999999729e-01
8.108765000000000001e-01 -6.092000000000000193e-02 4.807836749999999659e-01
8.092975000000000030e-01 -6.768299999999999317e-02 4.741048350000000022e-01
8.078735000000000221e-01 -7.474000000000000088e-02 4.678407249999999573e-01
8.228267500000000512e-01 -6.722124999999998241e-02 4.818117999999999568e-01
8.198015000000000718e-01 -7.311874999999998237e-02 4.748440250000000029e-01
8.169870000000000188e-01 -7.930349999999999899e-02 4.681618999999999642e-01
8.333355000000000068e-01 -7.502500000000000835e-02 4.825645499999999810e-01
8.291085000000000260e-01 -7.997774999999998635e-02 4.754275749999999912e-01
8.250007500000000604e-01 -8.511925000000000741e-02 4.684117250000000010e-01
8.416710000000000580e-01 -8.459074999999999234e-02 4.835685499999999859e-01
8.364785000000000137e-01 -8.829100000000000836e-02 4.762656999999999585e-01
8.312277500000000430e-01 -9.230449999999998378e-02 4.688497249999999950e-01
8.462545000000000206e-01 -9.508900000000000685e-02 4.859050749999999641e-01
8.406565000000000287e-01 -9.773699999999999055e-02 4.780994249999999668e-01
8.346442500000000875e-01 -1.005512500000000087e-01 4.700933249999999508e-01
8.455147499999999816e-01 -1.053757499999999903e-01 4.900651999999999786e-01
8.399920000000000719e-01 -1.066857499999999959e-01 4.815705499999999861e-01
8.335695000000000743e-01 -1.082559999999999911e-01 4.723826174999999905e-01
8.463962500000000722e-01 -1.165482499999999921e-01 4.910772749999999798e-01
8.406862500000000793e-01 -1.164004999999999901e-01 4.817928749999999538e-01
8.326547500000001101e-01 -1.162229999999999930e-01 4.699157399999999707e-01
8.456877500000000714e-01 -1.252402499999999974e-01 4.920198999999999545e-01
8.406400000000000539e-01 -1.271727500000000011e-01 4.827259250000000002e-01
8.330200000000000937e-01 -1.280455000000000065e-01 4.710692049999999909e-01
8.472352499999999953e-01 -1.354617499999999919e-01 4.915873249999999639e-01
8.420717500000000078e-01 -1.355559999999999821e-01 4.826056999999999708e-01
8.363115000000000965e-01 -1.367237500000000050e-01 4.726977524999999569e-01
8.488340000000000884e-01 -1.480525000000000035e-01 4.885256749999999926e-01
8.442302500000000709e-01 -1.474537499999999945e-01 4.796188499999999855e-01
8.396432500000000632e-01 -1.476075000000000026e-01 4.707953274999999715e-01
8.461750000000001215e-01 -1.612692500000000029e-01 4.867905750000000031e-01
8.426875000000000338e-01 -1.594140000000000001e-01 4.783166999999999836e-01
8.389185000000000114e-01 -1.583009999999999973e-01 4.699339074999999699e-01
8.393207500000000598e-01 -1.726909999999999834e-01 4.859786749999999711e-01
8.368147500000000516e-01 -1.700992500000000074e-01 4.777594749999999890e-01
8.338732500000000103e-01 -1.678257499999999958e-01 4.696418049999999678e-01
8.291005000000000180e-01 -1.810919999999999752e-01 4.857784249999999582e-01
8.274467500000000086e-01 -1.780269999999999908e-01 4.777641249999999840e-01
8.252750000000000918e-01 -1.751617500000000049e-01 4.698798624999999674e-01
8.165877500000000566e-01 -1.860220000000000207e-01 4.856992249999999567e-01
8.158185000000000020e-01 -1.826495000000000202e-01 4.778585749999999521e-01
8.146545000000000591e-01 -1.793744999999999923e-01 4.701263674999999753e-01
8.030815000000000037e-01 -1.865994999999999737e-01 4.859753749999999872e-01
8.032000000000000250e-01 -1.832420000000000160e-01 4.782999000000000001e-01
8.030490000000000128e-01 -1.798894999999999800e-01 4.707013800000000026e-01
7.901027500000000758e-01 -1.828219999999999845e-01 4.867714749999999535e-01
7.909345000000000958e-01 -1.796719999999999984e-01 4.792040749999999516e-01
7.916242500000000293e-01 -1.765145000000000186e-01 4.716999074999999597e-01
7.785180000000000433e-01 -1.744797499999999890e-01 4.878484249999999744e-01
7.804429999999999978e-01 -1.720849999999999880e-01 4.803500249999999583e-01
7.823040000000001104e-01 -1.696224999999999816e-01 4.728695450000000022e-01
7.658187500000001036e-01 -1.676959999999999840e-01 4.852319499999999675e-01
7.691627500000000062e-01 -1.659092500000000081e-01 4.782050250000000058e-01
7.724647500000000333e-01 -1.640129999999999921e-01 4.711339499999999680e-01
7.560880000000000933e-01 -1.576160000000000061e-01 4.819260749999999538e-01
7.605717500000001019e-01 -1.564097499999999863e-01 4.755477249999999767e-01
7.650552500000000755e-01 -1.550539999999999974e-01 4.691263499999999698e-01
7.496265000000000844e-01 -1.453572499999999934e-01 4.784513499999999975e-01
7.549617500000000980e-01 -1.447799999999999920e-01 4.728608974999999881e-01
7.603282500000000388e-01 -1.439985000000000015e-01 4.671778999999999793e-01
7.457407500000000633e-01 -1.346424999999999983e-01 4.761401499999999842e-01
7.510052500000000686e-01 -1.337244999999999961e-01 4.707286999999999999e-01
7.563022500000000647e-01 -1.327139999999999986e-01 4.652883250000000026e-01
7.416200000000000570e-01 -1.237982499999999986e-01 4.744865349999999871e-01
7.467727500000000962e-01 -1.224434999999999829e-01 4.692127999999999854e-01
7.519252500000001005e-01 -1.210475000000000023e-01 4.639746750000000031e-01
7.377102750000000819e-01 -1.124249999999999972e-01 4.744007275000000079e-01
7.430795000000000039e-01 -1.105902500000000011e-01 4.694824749999999547e-01
7.484637500000000943e-01 -1.089114999999999944e-01 4.646326499999999804e-01
7.339589750000000690e-01 -9.858700000000000796e-02 4.734056150000000018e-01
7.398187500000000805e-01 -9.733824999999998728e-02 4.690742499999999704e-01
7.457457500000000961e-01 -9.610799999999999899e-02 4.647978499999999569e-01
7.322550250000000593e-01 -8.428649999999998643e-02 4.698976049999999960e-01
7.377595000000000125e-01 -8.371299999999998187e-02 4.682747499999999619e-01
7.443865000000000620e-01 -8.276100000000000123e-02 4.659069999999999601e-01
7.305090750000000632e-01 -7.077025000000000676e-02 4.708328574999999794e-01
7.363154500000000935e-01 -7.041949999999999599e-02 4.700607824999999962e-01
7.431557500000000038e-01 -6.931874999999998455e-02 4.688366999999999951e-01
7.279990750000000510e-01 -5.794174999999998632e-02 4.740397925000000012e-01
7.347218250000000506e-01 -5.700900000000000412e-02 4.726361849999999865e-01
7.413359999999999950e-01 -5.592674999999999730e-02 4.703114624999999993e-01
7.260549750000000468e-01 -4.458624999999999394e-02 4.756026250000000011e-01
7.326972750000000367e-01 -4.355449999999999600e-02 4.735062499999999619e-01
7.393244750000000920e-01 -4.249074999999999380e-02 4.713938699999999926e-01
7.238757749999999991e-01 -3.129149999999999987e-02 4.743070325000000032e-01
7.305423750000000771e-01 -3.019849999999998924e-02 4.725319674999999831e-01
7.371601750000000841e-01 -2.901574999999999294e-02 4.707260624999999865e-01
7.218077500000000812e-01 -1.913174999999998904e-02 4.714827524999999908e-01
7.284437750000000156e-01 -1.803074999999999817e-02 4.699282174999999673e-01
7.351165250000000206e-01 -1.694149999999999823e-02 4.682846499999999690e-01
7.191276750000000773e-01 -7.887999999999992240e-03 4.681481999999999588e-01
7.256497750000000524e-01 -6.372499999999989284e-03 4.665792749999999600e-01
7.322238750000000795e-01 -5.007999999999998564e-03 4.649938750000000010e-01
7.165144175000000004e-01 3.475500000000006362e-03 4.669903999999999722e-01
7.229992250000000231e-01 5.365000000000008651e-03 4.654555249999999811e-01
7.295479250000000970e-01 7.097249999999999392e-03 4.640023500000000078e-01
7.128956475000000070e-01 1.671900000000000469e-02 4.685821249999999605e-01
7.194341250000000354e-01 1.866475000000000772e-02 4.670086749999999842e-01
7.259916500000000994e-01 2.041525000000000284e-02 4.656227249999999596e-01
7.094699000000000977e-01 2.903650000000000675e-02 4.734026000000000067e-01
7.167911675000000482e-01 3.126375000000000681e-02 4.715222175000000071e-01
7.239809500000000675e-01 3.331750000000000683e-02 4.700184499999999765e-01
7.055236250000000986e-01 4.219950000000000784e-02 4.755684499999999759e-01
7.141515150000000700e-01 4.445500000000000840e-02 4.732101999999999697e-01
7.224391749999999890e-01 4.632600000000000606e-02 4.714831849999999713e-01
7.014362750000000535e-01 5.481230000000000824e-02 4.751684999999999937e-01
7.125249125000000516e-01 5.769430000000000391e-02 4.717844159999999842e-01
7.233450750000000040e-01 5.960157500000000386e-02 4.698025499999999854e-01
7.002017000000000380e-01 6.802682499999999910e-02 4.731209375000000050e-01
7.118700500000000320e-01 6.733145000000000102e-02 4.708041324999999722e-01
7.241116250000000365e-01 6.611037499999999900e-02 4.677289749999999913e-01
7.044981000000000160e-01 7.941655000000000242e-02 4.735678624999999919e-01
7.133522375000000970e-01 7.841920000000000834e-02 4.720816817499999818e-01
7.229714750000000301e-01 7.805402499999999910e-02 4.704077299999999684e-01
7.087380750000000784e-01 9.097715000000000662e-02 4.736233049999999944e-01
7.163256950000000955e-01 9.038887500000000741e-02 4.723778100000000091e-01
7.236800750000000892e-01 9.016105000000000647e-02 4.710505499999999568e-01
7.118733250000000012e-01 1.030142500000000017e-01 4.733405374999999915e-01
7.185220250000000641e-01 1.022490000000000065e-01 4.721865172499999930e-01
7.252275000000000249e-01 1.017237500000000017e-01 4.709338849999999965e-01
7.149159274999999925e-01 1.149570000000000036e-01 4.723149775000000106e-01
7.212787999999999977e-01 1.142375000000000057e-01 4.711564199999999647e-01
7.276013000000000064e-01 1.135362500000000052e-01 4.699345325000000018e-01
7.179545500000000802e-01 1.269875000000000032e-01 4.709035424999999941e-01
7.241443250000000331e-01 1.262260000000000049e-01 4.695995074999999574e-01
7.303296750000000115e-01 1.255257499999999915e-01 4.682684999999999764e-01
7.204919000000000739e-01 1.390832499999999916e-01 4.695642074999999971e-01
7.265172000000000851e-01 1.383737500000000176e-01 4.680926999999999727e-01
7.325443750000000254e-01 1.377170000000000061e-01 4.666102249999999896e-01
7.230362250000000879e-01 1.514040000000000108e-01 4.685993499999999701e-01
7.288836499999999941e-01 1.505182500000000201e-01 4.668465749999999859e-01
7.347753000000000201e-01 1.497022500000000089e-01 4.651055249999999641e-01
7.257756750000000645e-01 1.623094999999999954e-01 4.655569749999999840e-01
7.308678000000000674e-01 1.616400000000000059e-01 4.664213999999999860e-01
7.365797750000000477e-01 1.617465000000000153e-01 4.647275999999999629e-01
7.261246000000000089e-01 1.723905000000000021e-01 4.703295825000000097e-01
7.316702000000000483e-01 1.731989999999999919e-01 4.681651249999999598e-01
7.372579500000000507e-01 1.739612500000000117e-01 4.660329749999999605e-01
7.257805250000000097e-01 1.823512500000000203e-01 4.741564924999999708e-01
7.311727500000000379e-01 1.837977500000000097e-01 4.722099965000000066e-01
7.366097999999999812e-01 1.852989999999999915e-01 4.700668674999999852e-01
7.277434999999999876e-01 1.951479999999999881e-01 4.785990999999999995e-01
7.300886250000000466e-01 1.931377499999999969e-01 4.782890750000000080e-01
7.352731750000000011e-01 1.953607499999999997e-01 4.764789749999999713e-01
7.248734000000000011e-01 1.987967500000000221e-01 4.869891000000000081e-01
7.289790999999999910e-01 2.002912500000000040e-01 4.858309249999999690e-01
7.339476249999999924e-01 2.032667499999999960e-01 4.844866250000000041e-01
7.223564250000000797e-01 2.013987500000000153e-01 4.965244749999999652e-01
7.270907250000000488e-01 2.049269999999999980e-01 4.955299249999999822e-01
7.318132250000000116e-01 2.083972500000000061e-01 4.945556499999999578e-01
7.214683250000000214e-01 2.046354999999999980e-01 5.060257499999999409e-01
7.259634750000000247e-01 2.085772499999999918e-01 5.053889999999999771e-01
7.304322000000000870e-01 2.124624999999999986e-01 5.047412500000000302e-01
7.194926249999999968e-01 2.069482500000000003e-01 5.169679999999999831e-01
7.239335000000000075e-01 2.109297499999999992e-01 5.160635000000000083e-01
7.283952750000000087e-01 2.149032500000000179e-01 5.152034999999999254e-01
7.185284750000000553e-01 2.090545000000000042e-01 5.274212499999999526e-01
7.228773250000000150e-01 2.131524999999999948e-01 5.265187500000000353e-01
7.272633250000000160e-01 2.172360000000000124e-01 5.256604999999999750e-01
7.183042500000000885e-01 2.094205000000000094e-01 5.378627499999999451e-01
7.226337000000000454e-01 2.136762500000000120e-01 5.371672499999999850e-01
7.269918750000000651e-01 2.179257500000000014e-01 5.365149999999999642e-01
7.173671500000000645e-01 2.100565000000000071e-01 5.478475000000000428e-01
7.216116500000000489e-01 2.145137500000000030e-01 5.474647499999999445e-01
7.258779750000000641e-01 2.189822500000000172e-01 5.471337499999999743e-01
7.137616175000000007e-01 2.118687499999999946e-01 5.568060000000000231e-01
7.178558250000000029e-01 2.166162500000000102e-01 5.568754999999999677e-01
7.219527500000000320e-01 2.213640000000000052e-01 5.569922499999999665e-01
7.088664250000000777e-01 2.144672499999999982e-01 5.647022499999999612e-01
7.127439250000000559e-01 2.195287499999999947e-01 5.651920000000000277e-01
7.165793624999999833e-01 2.246012500000000023e-01 5.657662500000000261e-01
7.015298500000000104e-01 2.174702500000000038e-01 5.701709999999999834e-01
7.049580250000000436e-01 2.229820000000000135e-01 5.710720000000000240e-01
7.081783500000000675e-01 2.285244999999999915e-01 5.721062500000000384e-01
6.933682750000000894e-01 2.180242500000000028e-01 5.780027500000000096e-01
6.963356500000000837e-01 2.238187500000000107e-01 5.793777500000000247e-01
6.988651750000000051e-01 2.296279999999999988e-01 5.811472500000000041e-01
6.835172500000000761e-01 2.160569999999999991e-01 5.883952500000000363e-01
6.861615000000000908e-01 2.220177500000000137e-01 5.904082499999999678e-01
6.879927500000000418e-01 2.281497500000000123e-01 5.927749999999999408e-01
6.677432500000000104e-01 2.156717499999999954e-01 5.967860000000000387e-01
6.694555000000000922e-01 2.221542499999999976e-01 5.992450000000000276e-01
6.705337500000000395e-01 2.285449999999999982e-01 6.018657499999999771e-01
6.539627500000000371e-01 2.180605000000000182e-01 5.903285000000000338e-01
6.555140000000000411e-01 2.251154999999999962e-01 5.926982499999999821e-01
6.563047499999999923e-01 2.322410000000000030e-01 5.951674999999999605e-01
6.463392500000000318e-01 2.198515000000000053e-01 5.773642500000000233e-01
6.480562500000000004e-01 2.278185000000000071e-01 5.797215000000000007e-01
6.489967500000000111e-01 2.359022500000000078e-01 5.822217499999999824e-01
6.367460000000000342e-01 2.224085000000000090e-01 5.659622500000000000e-01
6.389460000000000139e-01 2.316914999999999947e-01 5.690629999999999855e-01
6.401620000000000088e-01 2.412377500000000008e-01 5.714304999999999524e-01
6.302220000000000599e-01 2.228502499999999997e-01 5.537662500000000154e-01
6.330527500000000529e-01 2.343872499999999914e-01 5.574722500000000025e-01
6.347147499999999942e-01 2.455589999999999995e-01 5.598657499999999398e-01
6.287802500000000405e-01 2.248887499999999984e-01 5.436689999999999579e-01
6.303042500000000103e-01 2.370935000000000126e-01 5.455119999999999969e-01
6.318660000000000387e-01 2.482374999999999998e-01 5.472702499999999581e-01
6.295722500000000554e-01 2.295232500000000120e-01 5.354782499999999335e-01
6.308885000000000742e-01 2.387190000000000145e-01 5.369202499999999878e-01
6.321620000000000017e-01 2.476365000000000094e-01 5.375544999999999352e-01
6.275654999999999983e-01 2.327707499999999985e-01 5.257229999999999404e-01
6.286789999999999878e-01 2.404512500000000053e-01 5.263507499999999784e-01
6.297667500000000418e-01 2.481244999999999978e-01 5.266775000000000206e-01
6.266970000000000596e-01 2.344107500000000011e-01 5.160724999999999341e-01
6.276307500000000150e-01 2.411687500000000151e-01 5.157380000000000297e-01
6.285387500000000349e-01 2.478905000000000136e-01 5.152010000000000201e-01
6.284270000000000689e-01 2.340247500000000036e-01 5.065822500000000117e-01
6.294300000000000450e-01 2.402525000000000077e-01 5.051594999999999835e-01
6.304372500000000601e-01 2.464397500000000130e-01 5.036009999999999653e-01
6.319029999999999925e-01 2.319007500000000166e-01 4.974544999999999662e-01
6.331060000000000576e-01 2.377370000000000039e-01 4.953029250000000050e-01
6.342915000000000081e-01 2.436072499999999974e-01 4.931605499999999753e-01
6.367285000000000306e-01 2.283449999999999924e-01 4.895596500000000129e-01
6.382110000000000838e-01 2.336575000000000180e-01 4.865423749999999714e-01
6.397217500000000889e-01 2.389374999999999971e-01 4.834792250000000124e-01
6.427300000000000235e-01 2.231029999999999958e-01 4.832561249999999808e-01
6.445070000000000521e-01 2.278962499999999947e-01 4.795488749999999856e-01
6.463112500000000038e-01 2.326690000000000147e-01 4.758176749999999955e-01
6.503167499999999990e-01 2.174647500000000122e-01 4.786884000000000139e-01
6.521860000000000435e-01 2.216704999999999925e-01 4.747179750000000142e-01
6.540952500000000169e-01 2.258425000000000016e-01 4.707316449999999763e-01
6.590710000000000734e-01 2.117132499999999917e-01 4.760820000000000052e-01
6.611330000000000817e-01 2.157197500000000157e-01 4.717333149999999864e-01
6.632197499999999968e-01 2.197100000000000164e-01 4.673640749999999899e-01
6.683967499999999839e-01 2.059467500000000117e-01 4.750489749999999844e-01
6.705887500000000667e-01 2.094094999999999984e-01 4.705444024999999586e-01
6.728060000000000151e-01 2.128550000000000164e-01 4.660259999999999958e-01
6.782235000000000902e-01 2.007569999999999910e-01 4.754245500000000013e-01
6.804232500000000350e-01 2.038669999999999927e-01 4.706112749999999956e-01
6.826385000000000369e-01 2.069475000000000064e-01 4.658054249999999952e-01
6.885667500000000052e-01 1.958505000000000107e-01 4.769438749999999616e-01
6.907486999999999933e-01 1.985192500000000082e-01 4.718291887499999615e-01
6.929956999999999923e-01 2.011594999999999911e-01 4.667379749999999716e-01
6.990253250000000307e-01 1.919555000000000011e-01 4.791370999999999825e-01
7.009434500000000234e-01 1.940932499999999949e-01 4.737901975000000099e-01
7.029575750000000012e-01 1.963064999999999949e-01 4.684688249999999776e-01
7.100278250000000568e-01 1.886880000000000224e-01 4.816203000000000012e-01
7.114622000000000446e-01 1.903427500000000050e-01 4.759315000000000073e-01
7.131609850000000250e-01 1.919970000000000010e-01 4.703850149999999619e-01
7.209940500000000529e-01 1.862219999999999986e-01 4.838270749999999953e-01
7.221486500000000586e-01 1.859870000000000134e-01 4.784839999999999649e-01
7.230185500000000376e-01 1.844554999999999945e-01 4.742843350000000013e-01
7.323172749999999898e-01 1.838345000000000118e-01 4.859695249999999578e-01
7.333775750000000038e-01 1.844257499999999994e-01 4.800739499999999715e-01
7.339113500000000734e-01 1.833275000000000043e-01 4.764966749999999807e-01
7.437255000000000393e-01 1.815222499999999961e-01 4.871446249999999978e-01
7.444605000000000805e-01 1.817132499999999928e-01 4.810665000000000080e-01
7.448772500000000463e-01 1.814450000000000229e-01 4.759191749999999721e-01
7.551812500000000261e-01 1.800467500000000054e-01 4.880772499999999625e-01
7.556590000000000806e-01 1.797347499999999987e-01 4.819163249999999787e-01
7.561927500000000801e-01 1.794452500000000006e-01 4.757612499999999689e-01
7.667715000000000503e-01 1.793799999999999839e-01 4.890722499999999862e-01
7.671540000000000026e-01 1.786962500000000009e-01 4.828611999999999904e-01
7.675387500000000474e-01 1.780622500000000052e-01 4.766482499999999956e-01
7.783685000000000187e-01 1.796425000000000105e-01 4.900605749999999983e-01
7.788167500000000576e-01 1.786625000000000019e-01 4.837208999999999537e-01
7.792827500000000240e-01 1.777289999999999981e-01 4.774162999999999601e-01
7.899977500000000541e-01 1.805657500000000248e-01 4.908386999999999611e-01
7.902687500000000753e-01 1.797432500000000211e-01 4.843624499999999999e-01
7.905920000000000725e-01 1.789367500000000055e-01 4.779274499999999759e-01
8.017800000000000482e-01 1.801000000000000101e-01 4.914647749999999649e-01
8.018435000000000423e-01 1.792314999999999880e-01 4.848363499999999715e-01
8.019395000000000273e-01 1.783790000000000098e-01 4.782218500000000039e-01
8.137022500000000713e-01 1.806122500000000020e-01 4.921511999999999554e-01
8.137105000000000032e-01 1.797040000000000026e-01 4.853171749999999895e-01
8.137612499999999915e-01 1.788155000000000161e-01 4.784720499999999821e-01
8.255185000000000439e-01 1.825002500000000027e-01 4.926940749999999536e-01
8.254202500000000775e-01 1.815464999999999995e-01 4.855297999999999559e-01
8.253395000000000037e-01 1.805747500000000061e-01 4.783464249999999640e-01
8.371112500000000844e-01 1.859377500000000127e-01 4.932400499999999854e-01
8.367967500000000891e-01 1.848455000000000237e-01 4.854597249999999531e-01
8.365075000000000705e-01 1.837180000000000202e-01 4.776408749999999648e-01
8.476797500000000651e-01 1.898135000000000239e-01 4.940714249999999530e-01
8.471707500000000834e-01 1.885235000000000105e-01 4.851412499999999683e-01
8.465722500000000261e-01 1.871272500000000227e-01 4.761769249999999731e-01
8.574657500000000265e-01 1.947000000000000119e-01 4.946448999999999985e-01
8.572372500000000617e-01 1.934125000000000150e-01 4.844832499999999764e-01
8.569415000000000227e-01 1.920242500000000074e-01 4.743968375000000015e-01
8.668965000000000698e-01 1.985942500000000277e-01 4.970719999999999583e-01
8.670090000000000297e-01 1.971382500000000149e-01 4.844246249999999976e-01
8.668702500000000644e-01 1.956085000000000185e-01 4.725446924999999743e-01
8.756817500000000365e-01 2.019869999999999999e-01 4.967597499999999444e-01
8.759490000000000887e-01 2.003272500000000123e-01 4.843415999999999833e-01
8.762612499999999915e-01 1.985860000000000125e-01 4.720192207499999681e-01
8.860897500000000093e-01 2.066225000000000145e-01 4.942356249999999562e-01
8.863290000000000335e-01 2.052770000000000150e-01 4.842697999999999725e-01
8.864315000000000389e-01 2.038107500000000127e-01 4.742637449999999588e-01
8.966962499999999725e-01 2.115245000000000042e-01 4.928012999999999977e-01
8.968930000000000513e-01 2.103192500000000131e-01 4.840263749999999532e-01
8.970110000000000028e-01 2.090535000000000032e-01 4.752219749999999632e-01
9.171807499999999891e-01 2.200215000000000087e-01 4.834939249999999911e-01
