4.894717500000000387e-01 -8.765799999999998593e-02 4.659848249999999914e-01
5.304962500000000025e-01 -6.579625000000000057e-02 4.667435999999999807e-01
5.332149999999999945e-01 -7.776374999999999260e-02 4.657513249999999938e-01
5.358565000000000689e-01 -8.968475000000000752e-02 4.646046249999999933e-01
5.416942500000000438e-01 -6.334249999999999603e-02 4.670157249999999927e-01
5.445075000000000331e-01 -7.535875000000000212e-02 4.659550499999999817e-01
5.470654999999999824e-01 -8.715499999999998249e-02 4.647306250000000083e-01
5.520550000000000734e-01 -6.144299999999999762e-02 4.677695749999999930e-01
5.554797500000000499e-01 -7.302775000000000238e-02 4.665813750000000204e-01
5.587157500000000665e-01 -8.489099999999999424e-02 4.650221999999999967e-01
5.641800000000000148e-01 -5.978400000000000380e-02 4.692591500000000138e-01
5.669345000000000079e-01 -7.116875000000000284e-02 4.680316250000000067e-01
5.694332500000000019e-01 -8.271799999999998598e-02 4.664460750000000155e-01
5.761247500000000743e-01 -5.798249999999999238e-02 4.700832199999999683e-01
5.783137500000000708e-01 -6.917424999999999269e-02 4.688372000000000095e-01
5.804314999999999891e-01 -8.030799999999999050e-02 4.672880749999999694e-01
5.883810000000000429e-01 -5.609100000000000197e-02 4.700229149999999856e-01
5.897742500000000554e-01 -6.718074999999998353e-02 4.687928499999999832e-01
5.908822500000000533e-01 -7.829500000000000348e-02 4.672581499999999832e-01
5.995680000000001009e-01 -5.340049999999998964e-02 4.695351574999999666e-01
6.013012500000000093e-01 -6.451124999999999221e-02 4.682709999999999928e-01
6.025907500000000638e-01 -7.549824999999998898e-02 4.667305499999999663e-01
6.114520000000001065e-01 -5.074824999999999475e-02 4.687659000000000131e-01
6.127522499999999983e-01 -6.192000000000000282e-02 4.675447500000000089e-01
6.138380000000001058e-01 -7.291824999999999002e-02 4.660264499999999810e-01
6.233832500000000554e-01 -4.855699999999998906e-02 4.688347749999999814e-01
6.239970000000000239e-01 -5.956049999999998845e-02 4.674258749999999907e-01
6.247997500000000981e-01 -7.038099999999999912e-02 4.657989000000000157e-01
6.355450000000000266e-01 -4.710949999999999860e-02 4.685942499999999900e-01
6.356260000000000243e-01 -5.796375000000000832e-02 4.671116999999999631e-01
6.361750000000000460e-01 -6.870524999999999549e-02 4.652994749999999624e-01
6.484735000000000360e-01 -4.665249999999999952e-02 4.689522250000000003e-01
6.479915000000000536e-01 -5.737224999999998576e-02 4.673712250000000012e-01
6.478870000000001017e-01 -6.811400000000000787e-02 4.654797749999999845e-01
6.613730000000000997e-01 -4.693349999999998912e-02 4.700055424999999842e-01
6.604490000000000638e-01 -5.758949999999998792e-02 4.683502499999999680e-01
6.596802500000000791e-01 -6.822875000000000467e-02 4.663785749999999619e-01
6.741325000000000234e-01 -4.867900000000000005e-02 4.717816074999999776e-01
6.727055000000000673e-01 -5.894599999999999840e-02 4.696181174999999874e-01
6.713282500000000708e-01 -6.933000000000000274e-02 4.675364750000000069e-01
6.866107500000000474e-01 -5.107500000000000928e-02 4.731081924999999688e-01
6.842830000000000856e-01 -6.112899999999998890e-02 4.711885599999999785e-01
6.824912499999999937e-01 -7.151250000000000662e-02 4.695407600000000015e-01
6.977614750000000754e-01 -5.335724999999999496e-02 4.737962175000000054e-01
6.960399500000000739e-01 -6.360024999999999706e-02 4.722999649999999883e-01
6.945527500000000520e-01 -7.382474999999999454e-02 4.712750749999999877e-01
7.089796750000000314e-01 -5.506025000000000502e-02 4.750994000000000050e-01
7.075740249999999953e-01 -6.493450000000000610e-02 4.728156649999999961e-01
7.065333250000001009e-01 -7.492599999999999261e-02 4.717862800000000023e-01
7.192735500000000393e-01 -5.548549999999999316e-02 4.757376499999999564e-01
7.187771750000000459e-01 -6.554124999999999535e-02 4.730153675000000058e-01
7.182630250000000549e-01 -7.529824999999998325e-02 4.721630462499999958e-01
7.298091500000000176e-01 -5.621650000000000258e-02 4.765354249999999570e-01
7.298587750000000707e-01 -6.559524999999999384e-02 4.734544474999999863e-01
7.300148500000001039e-01 -7.524649999999999395e-02 4.726023999999999781e-01
7.393533000000001021e-01 -5.585149999999999837e-02 4.754843999999999737e-01
7.405727500000000019e-01 -6.507350000000000634e-02 4.722394999999999787e-01
7.420855000000000645e-01 -7.446574999999999722e-02 4.686878999999999906e-01
7.486177500000000817e-01 -5.457049999999999401e-02 4.762618999999999603e-01
7.508540000000000214e-01 -6.303899999999998394e-02 4.712687399999999638e-01
7.534000000000000696e-01 -7.123174999999998258e-02 4.664847249999999890e-01
7.595477500000000770e-01 -5.216750000000000553e-02 4.781837749999999776e-01
7.615697500000000453e-01 -6.026524999999999244e-02 4.726532449999999996e-01
7.645775000000000210e-01 -6.779199999999999116e-02 4.671876999999999835e-01
7.718797500000000866e-01 -4.904949999999999588e-02 4.791423749999999537e-01
7.736335000000000850e-01 -5.662949999999999928e-02 4.732056399999999829e-01
7.767795000000000671e-01 -6.351450000000000151e-02 4.672282499999999561e-01
7.856855000000000366e-01 -4.624149999999999094e-02 4.791499999999999648e-01
7.866570000000000507e-01 -5.348074999999999357e-02 4.727856049999999977e-01
7.885185000000000111e-01 -6.037000000000000699e-02 4.663052749999999635e-01
8.004682500000001033e-01 -4.613299999999999346e-02 4.791059749999999617e-01
7.998880000000000434e-01 -5.293200000000000682e-02 4.725646000000000013e-01
8.002267500000000977e-01 -5.928924999999998779e-02 4.659141499999999714e-01
8.147765000000000146e-01 -5.007649999999999602e-02 4.789095999999999909e-01
8.126707500000001083e-01 -5.647725000000000661e-02 4.721427622499999588e-01
8.110087500000000560e-01 -6.290350000000000108e-02 4.655106249999999557e-01
8.277145000000000197e-01 -5.772599999999999953e-02 4.788609499999999519e-01
8.244397500000000267e-01 -6.354124999999999357e-02 4.719499314999999751e-01
8.218640000000000390e-01 -6.998850000000000904e-02 4.653327250000000026e-01
8.391665000000000374e-01 -6.660599999999999854e-02 4.797732249999999699e-01
8.351092500000000252e-01 -7.190674999999999151e-02 4.727886749999999916e-01
8.315472500000000711e-01 -7.769899999999999030e-02 4.659879749999999987e-01
8.484255000000000546e-01 -7.689250000000000251e-02 4.815177249999999520e-01
8.435882500000000395e-01 -8.133324999999999583e-02 4.743746024999999644e-01
8.392337500000000006e-01 -8.659500000000000530e-02 4.671230499999999841e-01
8.536817500000000170e-01 -8.714174999999999005e-02 4.850976749999999504e-01
8.486137500000000555e-01 -9.126475000000000559e-02 4.774136999999999964e-01
8.437434999999999796e-01 -9.608249999999998736e-02 4.694935199999999975e-01
8.519935000000000702e-01 -9.623149999999999760e-02 4.911535499999999943e-01
8.473272499999999763e-01 -9.924149999999998251e-02 4.825038499999999564e-01
8.416992500000000099e-01 -1.029974999999999918e-01 4.735213449999999824e-01
8.514445000000000485e-01 -1.064077499999999954e-01 4.958865999999999552e-01
8.467410000000000769e-01 -1.084584999999999855e-01 4.861917999999999518e-01
8.393787500000000623e-01 -1.108852499999999908e-01 4.740911549999999863e-01
8.492422500000000873e-01 -1.143727499999999953e-01 4.994460000000000011e-01
8.446432500000000676e-01 -1.179614999999999969e-01 4.905856249999999696e-01
8.371035000000000004e-01 -1.211954999999999838e-01 4.794394499999999892e-01
8.500220000000000553e-01 -1.243852500000000028e-01 5.015760000000000218e-01
8.453747500000000636e-01 -1.259305000000000008e-01 4.925517749999999695e-01
8.400320000000000009e-01 -1.287677499999999864e-01 4.828903999999999974e-01
8.524555000000000327e-01 -1.374914999999999887e-01 5.002719999999999390e-01
8.483089999999999797e-01 -1.377615000000000089e-01 4.912206499999999809e-01
8.443599999999999994e-01 -1.387127499999999958e-01 4.822519499999999848e-01
8.510452500000000864e-01 -1.515297499999999908e-01 4.984037499999999787e-01
8.480747500000000993e-01 -1.496762499999999829e-01 4.898281249999999476e-01
8.449592500000000506e-01 -1.485042500000000043e-01 4.812468249999999892e-01
8.448295000000001220e-01 -1.633632499999999876e-01 4.961538999999999811e-01
8.431430000000000868e-01 -1.602092499999999975e-01 4.880053999999999781e-01
8.408467500000000872e-01 -1.574800000000000089e-01 4.798805999999999905e-01
8.346247500000000263e-01 -1.710679999999999978e-01 4.941725249999999736e-01
8.339347500000000579e-01 -1.673332499999999889e-01 4.863591999999999915e-01
8.326955000000000329e-01 -1.638272500000000076e-01 4.785857999999999501e-01
8.219077500000000480e-01 -1.737787499999999818e-01 4.925257749999999990e-01
8.223500000000000254e-01 -1.698759999999999992e-01 4.849556499999999604e-01
8.223992500000000261e-01 -1.660049999999999859e-01 4.774317999999999618e-01
8.091332500000000261e-01 -1.709044999999999870e-01 4.916870749999999735e-01
8.105035000000000434e-01 -1.672482499999999872e-01 4.843252999999999586e-01
8.115967500000000889e-01 -1.635454999999999826e-01 4.769727249999999863e-01
7.982197500000001167e-01 -1.636477500000000085e-01 4.917750249999999768e-01
7.999945000000000528e-01 -1.603662499999999880e-01 4.845340749999999530e-01
8.015350000000001085e-01 -1.570659999999999834e-01 4.772125249999999985e-01
7.862342500000000234e-01 -1.586707499999999993e-01 4.909440499999999652e-01
7.886937500000000822e-01 -1.556302499999999978e-01 4.837919999999999998e-01
7.910102500000000258e-01 -1.526297500000000085e-01 4.764513249999999811e-01
7.736910000000000176e-01 -1.575837499999999947e-01 4.863673000000000024e-01
7.772922500000000179e-01 -1.546377499999999905e-01 4.798571499999999546e-01
7.807507500000000489e-01 -1.516917499999999863e-01 4.731841999999999993e-01
7.622662500000000341e-01 -1.533092500000000080e-01 4.818431749999999569e-01
7.666720000000000201e-01 -1.502860000000000029e-01 4.760146999999999573e-01
7.709485000000000365e-01 -1.471722500000000045e-01 4.701013024999999845e-01
7.526922500000000626e-01 -1.452964999999999951e-01 4.780135749999999684e-01
7.579162500000000691e-01 -1.424587499999999951e-01 4.730221374999999950e-01
7.630517500000000286e-01 -1.393919999999999881e-01 4.679493249999999716e-01
7.459272500000000417e-01 -1.371519999999999961e-01 4.760277249999999571e-01
7.509935000000000915e-01 -1.341235000000000066e-01 4.712326374999999956e-01
7.560257500000000519e-01 -1.309207500000000024e-01 4.664336000000000038e-01
7.390372000000000607e-01 -1.286829999999999918e-01 4.748893249999999733e-01
7.439937500000000092e-01 -1.254780000000000062e-01 4.702953299999999559e-01
7.488662500000000666e-01 -1.221462499999999840e-01 4.657469999999999666e-01
7.319470500000000435e-01 -1.188682500000000086e-01 4.747127999999999903e-01
7.371124000000000009e-01 -1.154212500000000030e-01 4.705276724999999938e-01
7.422965000000000257e-01 -1.121419999999999917e-01 4.664005499999999693e-01
7.250237250000000078e-01 -1.063074999999999992e-01 4.736219524999999986e-01
7.309315500000000965e-01 -1.035490000000000022e-01 4.700445500000000054e-01
7.368868000000000640e-01 -1.009227500000000055e-01 4.665767249999999700e-01
7.212014750000000918e-01 -9.144274999999998932e-02 4.698006674999999910e-01
7.267740000000000311e-01 -9.027425000000000033e-02 4.689419999999999700e-01
7.335154750000000279e-01 -8.865375000000000338e-02 4.674921750000000098e-01
7.186104750000000818e-01 -7.716624999999999179e-02 4.700975599999999699e-01
7.244863250000000976e-01 -7.689299999999998914e-02 4.700190999999999675e-01
7.314071250000000468e-01 -7.566499999999998227e-02 4.696967249999999816e-01
7.163317175000000203e-01 -6.326249999999999929e-02 4.727963199999999921e-01
7.232418250000000048e-01 -6.329250000000000154e-02 4.722821999999999854e-01
7.302730250000000201e-01 -6.286800000000000721e-02 4.709214174999999947e-01
7.160261300000000384e-01 -5.063049999999999495e-02 4.744906749999999729e-01
7.229645500000000391e-01 -5.028774999999999218e-02 4.734524974999999580e-01
7.299026000000000680e-01 -4.989399999999999391e-02 4.723505199999999959e-01
7.155188475000000548e-01 -3.814025000000000054e-02 4.735409449999999909e-01
7.224090750000000671e-01 -3.740724999999998912e-02 4.726886524999999728e-01
7.292605250000000483e-01 -3.668924999999999270e-02 4.718304637499999843e-01
7.144421942249999935e-01 -2.725799999999999057e-02 4.712437449999999917e-01
7.212976000000000942e-01 -2.621500000000000219e-02 4.704328600000000082e-01
7.281682500000000724e-01 -2.535849999999999216e-02 4.696535049999999711e-01
7.130026325000000664e-01 -1.496174999999999589e-02 4.687034499999999659e-01
7.197736750000000017e-01 -1.384900000000000020e-02 4.678955999999999671e-01
7.265783000000000103e-01 -1.294249999999999567e-02 4.671486499999999986e-01
7.117216500000000945e-01 -2.574250000000000149e-03 4.678858499999999920e-01
7.185062250000000539e-01 -1.307249999999995915e-03 4.670802249999999600e-01
7.253338000000000285e-01 -3.557500000000018980e-04 4.663957249999999832e-01
7.098386250000000564e-01 1.189375000000000154e-02 4.685891249999999952e-01
7.167226225000000728e-01 1.300875000000000642e-02 4.677912249999999772e-01
7.235730250000000918e-01 1.389600000000000557e-02 4.671846249999999645e-01
7.076743750000000777e-01 2.575650000000000162e-02 4.714769950000000098e-01
7.154174725000000956e-01 2.678475000000000300e-02 4.705903724999999649e-01
7.229432749999999963e-01 2.796425000000000299e-02 4.700268074999999768e-01
7.053875500000000853e-01 4.010550000000000226e-02 4.710628499999999774e-01
7.144894382499999974e-01 4.108800000000000646e-02 4.700451274999999929e-01
7.230573500000000431e-01 4.224675000000000652e-02 4.694964474999999693e-01
7.031456750000000255e-01 5.265822500000000295e-02 4.685424749999999583e-01
7.148556000000000354e-01 5.385117500000000113e-02 4.671089999999999964e-01
7.259914500000000936e-01 5.445385000000000503e-02 4.667588999999999766e-01
7.042004500000000888e-01 6.517699999999999882e-02 4.661040999999999657e-01
7.157982150000000710e-01 6.322035000000000848e-02 4.652065749999999555e-01
7.280487250000000632e-01 6.031257500000000715e-02 4.645070749999999915e-01
7.097598500000000810e-01 7.557854249999999829e-02 4.666369999999999685e-01
7.185891000000000917e-01 7.383187950000000277e-02 4.658906999999999909e-01
7.282252000000000169e-01 7.262327000000000365e-02 4.654019500000000087e-01
7.148201050000000389e-01 8.591117500000000629e-02 4.681775499999999979e-01
7.223397500000000582e-01 8.468962500000000448e-02 4.675525749999999703e-01
7.297002750000000093e-01 8.390917500000000251e-02 4.671364000000000072e-01
7.184361250000000920e-01 9.638209999999999833e-02 4.706976974999999563e-01
7.249129500000000004e-01 9.507677500000000226e-02 4.700727925000000029e-01
7.315130000000000798e-01 9.413582500000000630e-02 4.695810049999999958e-01
7.203174750000000959e-01 1.051995000000000013e-01 4.726864424999999703e-01
7.266510750000000352e-01 1.043027499999999996e-01 4.721240102500000035e-01
7.329201499999999925e-01 1.034657500000000091e-01 4.716008599999999551e-01
7.218612250000000508e-01 1.152305000000000135e-01 4.734674849999999657e-01
7.281262750000000450e-01 1.141775000000000012e-01 4.728824074999999905e-01
7.343560000000000088e-01 1.132377499999999981e-01 4.722922224999999696e-01
7.235279250000000717e-01 1.255677500000000058e-01 4.728776275000000084e-01
7.296692750000000061e-01 1.242532500000000095e-01 4.722294972499999632e-01
7.358719750000000115e-01 1.232167500000000138e-01 4.715961274999999620e-01
7.270138750000000316e-01 1.358757500000000173e-01 4.714304950000000050e-01
7.329292500000000876e-01 1.343307499999999988e-01 4.710293600000000080e-01
7.389542000000000055e-01 1.330169999999999964e-01 4.705359449999999555e-01
7.313592500000000163e-01 1.438427500000000192e-01 4.669072249999999813e-01
7.360983000000000942e-01 1.433639999999999914e-01 4.687291249999999687e-01
7.419925000000000548e-01 1.429485000000000061e-01 4.680196749999999684e-01
7.323236000000000745e-01 1.530405000000000237e-01 4.680859749999999875e-01
7.374937500000000590e-01 1.535485000000000044e-01 4.685693749999999547e-01
7.432912500000000700e-01 1.541035000000000044e-01 4.675696500000000033e-01
7.323288500000000312e-01 1.642117499999999897e-01 4.679378499999999885e-01
7.368088500000000707e-01 1.645980000000000221e-01 4.682469499999999951e-01
7.418272500000000491e-01 1.658777499999999905e-01 4.687101499999999921e-01
7.333858750000000759e-01 1.839430000000000232e-01 4.700343274999999599e-01
7.359200750000000069e-01 1.836995000000000156e-01 4.701722224999999589e-01
7.400442500000000701e-01 1.834787500000000238e-01 4.704149699999999878e-01
7.285080999999999918e-01 1.821157500000000207e-01 4.816349999999999798e-01
7.325455750000000599e-01 1.837365000000000248e-01 4.809654749999999757e-01
7.373481500000000910e-01 1.866082500000000033e-01 4.802096750000000025e-01
7.242925250000000759e-01 1.845630000000000048e-01 4.896382249999999825e-01
7.286098250000000442e-01 1.886222499999999913e-01 4.895416249999999803e-01
7.329528750000000592e-01 1.926184999999999981e-01 4.894243749999999671e-01
7.212574999999999958e-01 1.875182499999999974e-01 4.980732499999999674e-01
7.251042500000000057e-01 1.920682499999999959e-01 4.987494999999999568e-01
7.288894250000000907e-01 1.965712500000000029e-01 4.994737499999999941e-01
7.168576925000000877e-01 1.884837500000000055e-01 5.077737500000000237e-01
7.206178250000000451e-01 1.930697499999999844e-01 5.085587499999999483e-01
7.243608750000000152e-01 1.976645000000000207e-01 5.094302499999999734e-01
7.136658850000000553e-01 1.881927500000000197e-01 5.170985000000000165e-01
7.171975250000000024e-01 1.928770000000000207e-01 5.183557500000000040e-01
7.207498250000000661e-01 1.975330000000000141e-01 5.196655000000000024e-01
7.113371000000000555e-01 1.854284999999999961e-01 5.260859999999999426e-01
7.146701167500000285e-01 1.901057500000000178e-01 5.279957499999999859e-01
7.180374750000000361e-01 1.947605000000000031e-01 5.299247499999999444e-01
7.093639999999999946e-01 1.814342500000000191e-01 5.343094999999999928e-01
7.124395300000000431e-01 1.859695000000000098e-01 5.370162499999999728e-01
7.155433125000000283e-01 1.905002500000000099e-01 5.397279999999999855e-01
7.044253750000000203e-01 1.779477500000000156e-01 5.413149999999999906e-01
7.070754500000000498e-01 1.823350000000000248e-01 5.448324999999999418e-01
7.097474500000000575e-01 1.867214999999999847e-01 5.483249999999999513e-01
6.980393500000000584e-01 1.751067500000000055e-01 5.472390000000000310e-01
7.001680750000000009e-01 1.793910000000000227e-01 5.514109999999999845e-01
7.022656750000000336e-01 1.836392500000000039e-01 5.556060000000000443e-01
6.896194500000000227e-01 1.732517500000000099e-01 5.504715000000000025e-01
6.908683250000000609e-01 1.775970000000000049e-01 5.551709999999999701e-01
6.919252250000000881e-01 1.817944999999999978e-01 5.599434999999999274e-01
6.807410000000000405e-01 1.677237500000000048e-01 5.535409999999999497e-01
6.812240000000000517e-01 1.717327499999999896e-01 5.588087499999999652e-01
6.812980000000000702e-01 1.754927500000000029e-01 5.641460000000000363e-01
6.710542500000000743e-01 1.579672500000000035e-01 5.560699999999999532e-01
6.708562500000000428e-01 1.615330000000000099e-01 5.618752499999999372e-01
6.698425000000000074e-01 1.647132500000000055e-01 5.677997499999999365e-01
6.557837499999999986e-01 1.492952499999999905e-01 5.551917499999999839e-01
6.545595000000000718e-01 1.522995000000000043e-01 5.616222499999999895e-01
6.528225000000000833e-01 1.549877500000000075e-01 5.678452499999999681e-01
6.424505000000000354e-01 1.524464999999999848e-01 5.470102500000000312e-01
6.410552500000000764e-01 1.556405000000000149e-01 5.538874999999999771e-01
6.389212499999999961e-01 1.587359999999999882e-01 5.605387499999999745e-01
6.354090000000000016e-01 1.592459999999999987e-01 5.393297499999999411e-01
6.334552500000000252e-01 1.633975000000000011e-01 5.463942499999999702e-01
6.308892500000000680e-01 1.672007500000000091e-01 5.535562499999999719e-01
6.256797500000000900e-01 1.628340000000000065e-01 5.322877499999999484e-01
6.232405000000000861e-01 1.681110000000000104e-01 5.402454999999999341e-01
6.197997500000000937e-01 1.733210000000000028e-01 5.478702500000000031e-01
6.202657500000000601e-01 1.662922500000000026e-01 5.229285000000000183e-01
6.163982500000000364e-01 1.735125000000000139e-01 5.320027499999999687e-01
6.120232500000000186e-01 1.802819999999999978e-01 5.401362499999999844e-01
6.175810000000000466e-01 1.726380000000000137e-01 5.151519999999999433e-01
6.122757500000000075e-01 1.806992500000000057e-01 5.229742499999999739e-01
6.076267499999999933e-01 1.879554999999999976e-01 5.303357499999999947e-01
6.157245000000000079e-01 1.807799999999999963e-01 5.109774999999999734e-01
6.118382500000000279e-01 1.869434999999999847e-01 5.168897500000000367e-01
6.081404999999999728e-01 1.932997499999999924e-01 5.220827500000000398e-01
6.128052500000000791e-01 1.876362500000000044e-01 5.039580000000000171e-01
6.095399999999999707e-01 1.932022500000000198e-01 5.083012500000000378e-01
6.063255000000000727e-01 1.989015000000000088e-01 5.124387499999999429e-01
6.122754999999999725e-01 1.938742499999999980e-01 4.967234749999999699e-01
6.093969999999999665e-01 1.992967499999999947e-01 4.996864999999999779e-01
6.066377499999999756e-01 2.048337500000000089e-01 5.024840000000000417e-01
6.154667500000000624e-01 1.995097500000000135e-01 4.898870249999999760e-01
6.131997500000000434e-01 2.052512499999999962e-01 4.917359000000000036e-01
6.110465000000000479e-01 2.110797500000000104e-01 4.934462250000000161e-01
6.213952500000000656e-01 2.041614999999999958e-01 4.836609749999999930e-01
6.197690000000000143e-01 2.101340000000000152e-01 4.848306000000000004e-01
6.181577500000000613e-01 2.161635000000000084e-01 4.859839499999999979e-01
6.289597500000000396e-01 2.070752500000000162e-01 4.787128250000000085e-01
6.284697500000000492e-01 2.133160000000000056e-01 4.791267249999999756e-01
6.280710000000000459e-01 2.195667500000000050e-01 4.795237250000000118e-01
6.379292500000000032e-01 2.076142500000000002e-01 4.748980250000000014e-01
6.386230000000000517e-01 2.138879999999999948e-01 4.749239249999999690e-01
6.393757500000000205e-01 2.201555000000000040e-01 4.749604499999999785e-01
6.479245000000000143e-01 2.066667500000000102e-01 4.731000624999999737e-01
6.493470000000000075e-01 2.125632500000000091e-01 4.728917699999999891e-01
6.508317500000000422e-01 2.184377500000000139e-01 4.726945925000000104e-01
6.582485000000000142e-01 2.042152500000000148e-01 4.728652875000000089e-01
6.602675000000000072e-01 2.101564999999999961e-01 4.728512524999999855e-01
6.623152500000000220e-01 2.160835000000000117e-01 4.728464974999999626e-01
6.687065000000000925e-01 2.006715000000000027e-01 4.727061025000000027e-01
6.709722500000000478e-01 2.062944999999999918e-01 4.729667624999999709e-01
6.732657499999999962e-01 2.119172500000000015e-01 4.732319325000000076e-01
6.793727500000000807e-01 1.967805000000000248e-01 4.721496167500000007e-01
6.816142499999999771e-01 2.024394999999999945e-01 4.727702449999999779e-01
6.838560000000000194e-01 2.080667499999999948e-01 4.733935049999999922e-01
6.905577250000000111e-01 1.927562500000000179e-01 4.716213400000000000e-01
6.926398500000000569e-01 1.985067500000000096e-01 4.723381949999999607e-01
6.947808250000000463e-01 2.041912499999999908e-01 4.730414949999999785e-01
7.018031250000000831e-01 1.895280000000000020e-01 4.707290799999999664e-01
7.033728750000000085e-01 1.951340000000000019e-01 4.718889117499999730e-01
7.050633000000000594e-01 2.007545000000000024e-01 4.730032324999999815e-01
7.135800850000000306e-01 1.867832500000000118e-01 4.699768974999999904e-01
7.144969775000000745e-01 1.925895000000000246e-01 4.711771200000000048e-01
7.157482225000000309e-01 1.983457499999999873e-01 4.721462597499999636e-01
7.255616750000000170e-01 1.842195000000000082e-01 4.690693750000000106e-01
7.266005500000000117e-01 1.843950000000000033e-01 4.695845799999999737e-01
7.276137000000000299e-01 1.842924999999999980e-01 4.695740099999999861e-01
7.366187750000000589e-01 1.828075000000000117e-01 4.712049274999999815e-01
7.381406249999999947e-01 1.833535000000000026e-01 4.708737024999999909e-01
7.398127500000000190e-01 1.832437500000000108e-01 4.705309249999999888e-01
7.476365000000000371e-01 1.785902500000000059e-01 4.711176950000000030e-01
7.493695000000000217e-01 1.834160000000000235e-01 4.686719249999999892e-01
7.503277500000000710e-01 1.878637499999999960e-01 4.659212499999999535e-01
7.592560000000000420e-01 1.761032499999999890e-01 4.711811174999999685e-01
7.603105000000000002e-01 1.812862500000000099e-01 4.682237249999999795e-01
7.614184999999999981e-01 1.864844999999999975e-01 4.652868499999999741e-01
7.711680000000000756e-01 1.744272500000000059e-01 4.715097225000000059e-01
7.717507500000000409e-01 1.797360000000000069e-01 4.684124499999999802e-01
7.723237500000000866e-01 1.850562500000000055e-01 4.653315999999999564e-01
7.831110000000000015e-01 1.733520000000000061e-01 4.718664799999999770e-01
7.834057500000000118e-01 1.787797500000000150e-01 4.685797749999999762e-01
7.836930000000000840e-01 1.841889999999999916e-01 4.653299249999999776e-01
7.950845000000000828e-01 1.733660000000000201e-01 4.725495149999999756e-01
7.949202499999999949e-01 1.788862500000000244e-01 4.691979000000000011e-01
7.948245000000000449e-01 1.843882500000000035e-01 4.658626999999999629e-01
8.069425000000000070e-01 1.729862500000000081e-01 4.715577099999999633e-01
8.064930000000000154e-01 1.786372500000000252e-01 4.681296249999999937e-01
8.060797500000000948e-01 1.842779999999999974e-01 4.647093999999999947e-01
8.189832500000000515e-01 1.730955000000000132e-01 4.710637524999999881e-01
8.183747500000000397e-01 1.789117500000000083e-01 4.675182749999999832e-01
8.178087500000000842e-01 1.847305000000000197e-01 4.639603749999999804e-01
8.310207500000000858e-01 1.738765000000000172e-01 4.715607774999999724e-01
8.302002500000000840e-01 1.799485000000000112e-01 4.678282749999999601e-01
8.294015000000000137e-01 1.860275000000000123e-01 4.640693999999999653e-01
8.430242500000000305e-01 1.753040000000000154e-01 4.732641299999999496e-01
8.418350000000001110e-01 1.818470000000000364e-01 4.691700499999999496e-01
8.406797500000000589e-01 1.884130000000000249e-01 4.650330999999999770e-01
8.540997500000000464e-01 1.766800000000000037e-01 4.754241749999999489e-01
8.525074999999999736e-01 1.841430000000000011e-01 4.706900324999999663e-01
8.508330000000000615e-01 1.915987500000000121e-01 4.658851749999999847e-01
8.645002500000000811e-01 1.786865000000000259e-01 4.784030499999999964e-01
8.630030000000000756e-01 1.872525000000000162e-01 4.731094049999999829e-01
8.614552500000000057e-01 1.957182500000000380e-01 4.677954749999999606e-01
8.746290000000001008e-01 1.786035000000000261e-01 4.812570499999999640e-01
8.731232500000000174e-01 1.893267500000000159e-01 4.747370749999999529e-01
8.714882500000000753e-01 1.993199999999999972e-01 4.685192999999999719e-01
8.837340000000000195e-01 1.807265000000000121e-01 4.826289499999999455e-01
8.823525000000000951e-01 1.911757500000000332e-01 4.759788749999999680e-01
8.810075000000000545e-01 2.015085000000000071e-01 4.692892749999999502e-01
8.943350000000001021e-01 1.854650000000000187e-01 4.838690249999999526e-01
8.932347500000000773e-01 1.938522500000000037e-01 4.785087499999999827e-01
8.919750000000000734e-01 2.022087499999999927e-01 4.730463724999999786e-01
9.052975000000000882e-01 1.893595000000000139e-01 4.857378999999999447e-01
9.042977500000000113e-01 1.967277500000000345e-01 4.810024249999999557e-01
9.032112500000000210e-01 2.040905000000000080e-01 4.762098999999999638e-01
9.255500000000000949e-01 2.023177500000000184e-01 4.857744499999999688e-01
