4.868032500000000207e-01 -7.805750000000002964e-02 4.654350999999999905e-01
5.294855000000000533e-01 -5.971499999999999031e-02 4.673943999999999876e-01
5.312122500000000525e-01 -7.187725000000000364e-02 4.664957750000000014e-01
5.328757500000000924e-01 -8.398524999999998353e-02 4.654589499999999824e-01
5.408467500000000427e-01 -5.819474999999998954e-02 4.679455750000000025e-01
5.426527500000000170e-01 -7.042999999999999261e-02 4.669641749999999814e-01
5.442584999999999784e-01 -8.242025000000000046e-02 4.658436249999999834e-01
5.513262500000000177e-01 -5.715024999999998578e-02 4.689581250000000034e-01
5.537327499999999958e-01 -6.903049999999999464e-02 4.678432750000000029e-01
5.560772500000000784e-01 -8.116149999999999753e-02 4.664139250000000070e-01
5.635704999999999742e-01 -5.671550000000000202e-02 4.707610624999999938e-01
5.654259999999999842e-01 -6.829374999999998641e-02 4.695490174999999988e-01
5.670612500000000722e-01 -8.002699999999998703e-02 4.680655750000000115e-01
5.755892500000000522e-01 -5.600849999999998885e-02 4.717467982499999879e-01
5.770465000000000177e-01 -6.730774999999999952e-02 4.704871800000000048e-01
5.784312500000000634e-01 -7.857624999999998638e-02 4.690197500000000130e-01
5.878747500000000015e-01 -5.502124999999999377e-02 4.714964474999999711e-01
5.887302500000000105e-01 -6.612524999999999653e-02 4.702568249999999894e-01
5.892427500000000373e-01 -7.727675000000000516e-02 4.687998250000000033e-01
5.993902500000000133e-01 -5.278800000000000159e-02 4.701648749999999821e-01
6.006492500000000234e-01 -6.395875000000000865e-02 4.689857499999999790e-01
6.014607500000000995e-01 -7.498974999999999391e-02 4.675315999999999916e-01
6.114710000000000978e-01 -5.054849999999999621e-02 4.683096749999999808e-01
6.123377500000000140e-01 -6.176799999999998958e-02 4.672686749999999667e-01
6.129840000000000844e-01 -7.281899999999999484e-02 4.658981249999999963e-01
6.234790000000001164e-01 -4.859149999999999581e-02 4.669991499999999740e-01
6.238312500000000593e-01 -5.965224999999999000e-02 4.662162249999999841e-01
6.243262500000000825e-01 -7.056250000000000022e-02 4.650945499999999955e-01
6.357190000000000341e-01 -4.735674999999998913e-02 4.663359499999999991e-01
6.356615000000001015e-01 -5.829824999999999591e-02 4.656263250000000076e-01
6.361060000000000603e-01 -6.914375000000000382e-02 4.646858500000000114e-01
6.487067500000001097e-01 -4.694849999999999024e-02 4.665850999999999749e-01
6.482095000000001050e-01 -5.776549999999999740e-02 4.659669499999999909e-01
6.480955000000000465e-01 -6.862925000000000275e-02 4.650539999999999674e-01
6.616910000000000291e-01 -4.709524999999999129e-02 4.677821999999999814e-01
6.608392500000001002e-01 -5.785974999999998758e-02 4.671859499999999610e-01
6.601307500000000994e-01 -6.863949999999999219e-02 4.662444499999999770e-01
6.744937500000000030e-01 -4.846974999999999201e-02 4.699243349999999708e-01
6.732945000000000180e-01 -5.893599999999998840e-02 4.688716499999999732e-01
6.720485000000000486e-01 -6.948999999999999622e-02 4.678992249999999742e-01
6.869700000000000806e-01 -5.036449999999999261e-02 4.717651334999999890e-01
6.850930000000000630e-01 -6.069399999999999795e-02 4.709679849999999779e-01
6.834215000000000151e-01 -7.123224999999999696e-02 4.704438049999999927e-01
6.983196000000000403e-01 -5.248025000000000606e-02 4.730929899999999910e-01
6.968181500000000250e-01 -6.285649999999998183e-02 4.727313874999999888e-01
6.954756500000000008e-01 -7.316899999999998405e-02 4.728697074999999583e-01
7.095572500000000282e-01 -5.408374999999998600e-02 4.753458749999999733e-01
7.083490000000000064e-01 -6.405874999999999764e-02 4.738453799999999827e-01
7.074823250000000785e-01 -7.410324999999998163e-02 4.739413399999999887e-01
7.196768500000000346e-01 -5.416274999999998174e-02 4.758731250000000079e-01
7.195811000000000845e-01 -6.456975000000000908e-02 4.746137249999999863e-01
7.192528250000000956e-01 -7.426925000000000887e-02 4.746311999999999753e-01
7.301778250000000581e-01 -5.444050000000000278e-02 4.759907499999999625e-01
7.304624000000000672e-01 -6.417074999999999863e-02 4.743002175000000098e-01
7.308888000000000051e-01 -7.383824999999999417e-02 4.747759249999999875e-01
7.394346750000000412e-01 -5.382950000000000235e-02 4.741891349999999838e-01
7.407980000000000675e-01 -6.339374999999999871e-02 4.723464699999999628e-01
7.425055000000000405e-01 -7.314850000000000518e-02 4.700676799999999877e-01
7.484345000000000026e-01 -5.207000000000000517e-02 4.741923724999999590e-01
7.506019999999999914e-01 -6.112024999999998709e-02 4.704774924999999830e-01
7.532755000000000978e-01 -6.986524999999998986e-02 4.668286249999999971e-01
7.581212500000000798e-01 -4.909199999999999675e-02 4.757283749999999811e-01
7.605150000000000521e-01 -5.778749999999999165e-02 4.713516899999999898e-01
7.639175000000000271e-01 -6.579899999999999638e-02 4.670665999999999984e-01
7.693477499999999969e-01 -4.527950000000000030e-02 4.767418249999999524e-01
7.715392500000000098e-01 -5.348574999999999857e-02 4.717619597499999595e-01
7.752217500000000427e-01 -6.096999999999999642e-02 4.669250749999999672e-01
7.825500000000000789e-01 -4.205799999999999816e-02 4.769758749999999936e-01
7.834637500000000143e-01 -4.994350000000000178e-02 4.715807749999999521e-01
7.861297500000000715e-01 -5.759999999999998455e-02 4.662423749999999867e-01
7.979620000000000601e-01 -4.213849999999999540e-02 4.766900499999999763e-01
7.970042500000000807e-01 -4.965825000000000100e-02 4.711104499999999584e-01
7.972500000000000142e-01 -5.704375000000000417e-02 4.656175499999999912e-01
8.125655000000000516e-01 -4.688874999999999293e-02 4.763538999999999968e-01
8.099657500000000399e-01 -5.402799999999999270e-02 4.705860949999999820e-01
8.077610000000000623e-01 -6.124124999999999708e-02 4.649715249999999966e-01
8.255672500000000857e-01 -5.505750000000000921e-02 4.760323749999999521e-01
8.217262500000001024e-01 -6.162999999999999035e-02 4.702094199999999891e-01
8.187210000000000321e-01 -6.877225000000000699e-02 4.645107249999999577e-01
8.374687500000000950e-01 -6.385099999999999110e-02 4.763679749999999991e-01
8.328287500000000065e-01 -6.994300000000000517e-02 4.704976824999999585e-01
8.287662500000000376e-01 -7.648949999999998806e-02 4.647253249999999669e-01
8.474622499999999725e-01 -7.380249999999999311e-02 4.773230249999999564e-01
8.419867500000000060e-01 -7.913424999999998932e-02 4.713310299999999842e-01
8.371390000000000775e-01 -8.537000000000000144e-02 4.652309749999999910e-01
8.539357499999999934e-01 -8.294774999999998677e-02 4.807591999999999977e-01
8.481655000000000166e-01 -8.825174999999998993e-02 4.742831274999999569e-01
8.426090000000000524e-01 -9.404574999999998353e-02 4.677729499999999652e-01
8.540245000000000752e-01 -9.123524999999998997e-02 4.881535750000000062e-01
8.485007500000000258e-01 -9.530500000000000083e-02 4.804877499999999912e-01
8.420335000000001013e-01 -1.001257499999999856e-01 4.728556974999999496e-01
8.549202500000000482e-01 -1.010550000000000059e-01 4.940290499999999696e-01
8.492027500000000062e-01 -1.039805000000000035e-01 4.851178250000000025e-01
8.407195000000000640e-01 -1.074884999999999868e-01 4.744361674999999501e-01
8.538932500000000481e-01 -1.093820000000000070e-01 4.981835000000000013e-01
8.484519999999999840e-01 -1.132039999999999991e-01 4.900277249999999696e-01
8.401987500000001052e-01 -1.171282499999999893e-01 4.800354999999999484e-01
8.555445000000000411e-01 -1.195745000000000002e-01 5.001102499999999784e-01
8.499817499999999804e-01 -1.211482499999999851e-01 4.917052749999999972e-01
8.438207500000000083e-01 -1.240442499999999948e-01 4.827224749999999842e-01
8.583152499999999741e-01 -1.328097500000000042e-01 4.978217499999999518e-01
8.532072500000000836e-01 -1.327182499999999821e-01 4.893350249999999790e-01
8.483617500000000256e-01 -1.332055000000000045e-01 4.808694000000000024e-01
8.567090000000000538e-01 -1.469959999999999878e-01 4.948043249999999893e-01
8.529160000000000075e-01 -1.444137500000000074e-01 4.868086499999999539e-01
8.489612500000000006e-01 -1.423212499999999825e-01 4.787831999999999644e-01
8.498077500000000839e-01 -1.585452499999999987e-01 4.916786249999999803e-01
8.475820000000000576e-01 -1.544567500000000038e-01 4.841266249999999771e-01
8.446782500000000748e-01 -1.507550000000000001e-01 4.766353999999999869e-01
8.389800000000000590e-01 -1.655049999999999855e-01 4.894120249999999728e-01
8.379617500000000607e-01 -1.608747499999999830e-01 4.821495749999999969e-01
8.363502500000000728e-01 -1.564210000000000045e-01 4.749953749999999975e-01
8.259392500000000137e-01 -1.672692500000000082e-01 4.880183499999999897e-01
8.261552500000000077e-01 -1.625675000000000037e-01 4.809291249999999573e-01
8.260715000000000696e-01 -1.578582500000000055e-01 4.738887499999999697e-01
8.132732500000000586e-01 -1.636457500000000065e-01 4.878385499999999819e-01
8.144147500000000761e-01 -1.592844999999999955e-01 4.808662499999999951e-01
8.152875000000000538e-01 -1.548642500000000088e-01 4.738934374999999588e-01
8.024762500000000021e-01 -1.562217499999999926e-01 4.887543999999999778e-01
8.040095000000000436e-01 -1.522232500000000044e-01 4.818907999999999525e-01
8.052640000000000908e-01 -1.481709999999999972e-01 4.749042749999999868e-01
7.900862500000001010e-01 -1.513960000000000028e-01 4.887080749999999640e-01
7.922305000000000597e-01 -1.475957499999999978e-01 4.818445499999999826e-01
7.942560000000000731e-01 -1.437874999999999848e-01 4.748015499999999611e-01
7.770847500000001018e-01 -1.504032499999999883e-01 4.845680499999999724e-01
7.802945000000001130e-01 -1.466732500000000050e-01 4.782625249999999939e-01
7.833897499999999958e-01 -1.429475000000000051e-01 4.717927172499999933e-01
7.649232500000000545e-01 -1.469084999999999974e-01 4.807269750000000008e-01
7.687295000000000655e-01 -1.429729999999999890e-01 4.750153500000000029e-01
7.724052500000000432e-01 -1.390004999999999991e-01 4.692219249999999842e-01
7.538092500000000973e-01 -1.402184999999999959e-01 4.776874499999999579e-01
7.583640000000000381e-01 -1.362690000000000012e-01 4.727574800000000077e-01
7.627455000000000762e-01 -1.321517499999999845e-01 4.677397249999999951e-01
7.452787500000001009e-01 -1.332065000000000055e-01 4.763528999999999680e-01
7.496542500000000775e-01 -1.291257499999999836e-01 4.716342774999999765e-01
7.538462500000000510e-01 -1.248942499999999844e-01 4.668746999999999758e-01
7.365911250000000132e-01 -1.257540000000000047e-01 4.759347250000000029e-01
7.409127500000000088e-01 -1.217502500000000043e-01 4.713777149999999749e-01
7.449490000000000833e-01 -1.175444999999999962e-01 4.668624749999999990e-01
7.289260500000001031e-01 -1.171722500000000056e-01 4.764770749999999722e-01
7.335011250000000871e-01 -1.133782499999999860e-01 4.719105275000000099e-01
7.380470250000000787e-01 -1.097505000000000008e-01 4.674060250000000027e-01
7.219862750000000107e-01 -1.051779999999999937e-01 4.757214499999999902e-01
7.275837000000000554e-01 -1.026917499999999983e-01 4.715034074999999714e-01
7.332548250000000545e-01 -1.002129999999999965e-01 4.674065249999999616e-01
7.191681000000000878e-01 -9.120249999999999191e-02 4.716611149999999641e-01
7.246441000000000132e-01 -9.041699999999999737e-02 4.702577649999999942e-01
7.313865000000000505e-01 -8.913925000000000320e-02 4.681167999999999996e-01
7.181167250000000113e-01 -7.883124999999999161e-02 4.722344022499999627e-01
7.235714250000000458e-01 -7.818824999999998693e-02 4.712940049999999603e-01
7.301761500000000238e-01 -7.698299999999999588e-02 4.702724399999999583e-01
7.148078950000000820e-01 -6.569474999999999620e-02 4.739835874999999699e-01
7.217288500000000884e-01 -6.549474999999999048e-02 4.734105849999999949e-01
7.286567500000000752e-01 -6.493550000000000710e-02 4.713974699999999851e-01
7.146874295000000821e-01 -5.367074999999998930e-02 4.756313999999999820e-01
7.214705250000000847e-01 -5.347450000000000814e-02 4.748822500000000058e-01
7.282893250000000984e-01 -5.301524999999998600e-02 4.731874074999999902e-01
7.141566550000000291e-01 -4.208199999999999441e-02 4.759341500000000003e-01
7.209648250000000314e-01 -4.154724999999999391e-02 4.744772499999999615e-01
7.277274250000000944e-01 -4.098199999999999066e-02 4.730131300000000039e-01
7.132570075000000953e-01 -3.182000000000000106e-02 4.739088300000000031e-01
7.200422499999999948e-01 -3.119849999999999013e-02 4.724541800000000014e-01
7.268416000000000876e-01 -3.067774999999998975e-02 4.710143274999999963e-01
7.122006225000000468e-01 -2.023149999999999948e-02 4.716732774999999878e-01
7.189121250000000130e-01 -1.967099999999999405e-02 4.702595324999999660e-01
7.256785500000000333e-01 -1.914699999999999736e-02 4.688603000000000076e-01
7.123287700000000555e-01 -6.391250000000001097e-03 4.701297174999999884e-01
7.190779000000000476e-01 -5.699749999999989547e-03 4.687006499999999964e-01
7.258818750000000097e-01 -5.319499999999990902e-03 4.673702249999999725e-01
7.123114675000000728e-01 9.785000000000002029e-03 4.698652600000000068e-01
7.191223750000000914e-01 1.040225000000000177e-02 4.684376499999999832e-01
7.259285000000000876e-01 1.074750000000000705e-02 4.672001000000000071e-01
7.118144000000000693e-01 2.522550000000000486e-02 4.717880784999999855e-01
7.194064749999999897e-01 2.595975000000000366e-02 4.702008400000000088e-01
7.268743000000000842e-01 2.678675000000000500e-02 4.689391749999999859e-01
7.106238000000000277e-01 4.069450000000000151e-02 4.711290824999999627e-01
7.194253250000000044e-01 4.172275000000000289e-02 4.692957249999999969e-01
7.278295500000000473e-01 4.280000000000000471e-02 4.679901499999999936e-01
7.071179000000000769e-01 5.251087500000000546e-02 4.704694975000000001e-01
7.184490250000000744e-01 5.432735000000000342e-02 4.681344499999999798e-01
7.294324750000000801e-01 5.551875000000000560e-02 4.666541499999999898e-01
7.066854750000000074e-01 6.464955000000000007e-02 4.693301999999999752e-01
7.182488250000000907e-01 6.360972500000000585e-02 4.673128249999999873e-01
7.305799000000000598e-01 6.193722500000000547e-02 4.649885749999999596e-01
7.109584500000000196e-01 7.508454999999999990e-02 4.706125724999999926e-01
7.197684500000000041e-01 7.410454924999999859e-02 4.691040999999999683e-01
7.293925749999999875e-01 7.388247450000000327e-02 4.675039500000000015e-01
7.149585474999999857e-01 8.578135000000000621e-02 4.708989124999999887e-01
7.224634500000000070e-01 8.524482500000001017e-02 4.696781250000000019e-01
7.297935250000000540e-01 8.522532500000000455e-02 4.684901999999999678e-01
7.175780500000000783e-01 9.656102500000000866e-02 4.722442249999999619e-01
7.240836000000000494e-01 9.587360000000000326e-02 4.711857249999999997e-01
7.306783250000000729e-01 9.560385000000000411e-02 4.701128974999999599e-01
7.185777750000000852e-01 1.055102499999999999e-01 4.733034050000000104e-01
7.249255500000000296e-01 1.052532500000000065e-01 4.723605224999999908e-01
7.311961500000000447e-01 1.050455000000000000e-01 4.713981499999999603e-01
7.190968750000000798e-01 1.157907499999999978e-01 4.730881275000000108e-01
7.253934000000000770e-01 1.153375000000000095e-01 4.721812874999999909e-01
7.316463000000000827e-01 1.149759999999999949e-01 4.712883949999999711e-01
7.196790499999999868e-01 1.262457499999999899e-01 4.714196499999999679e-01
7.259011499999999950e-01 1.255092500000000166e-01 4.706031699999999596e-01
7.321389750000000252e-01 1.250439999999999885e-01 4.697834724999999656e-01
7.222444250000000787e-01 1.369819999999999927e-01 4.697057899999999564e-01
7.282494500000000759e-01 1.359287500000000148e-01 4.691600750000000097e-01
7.343368000000000118e-01 1.350767499999999954e-01 4.685183499999999723e-01
7.259815250000000164e-01 1.454409999999999870e-01 4.649478499999999959e-01
7.307346250000000820e-01 1.451985000000000081e-01 4.667353499999999933e-01
7.366279749999999904e-01 1.452277499999999888e-01 4.659550749999999963e-01
7.265510500000000871e-01 1.548972499999999863e-01 4.660295749999999737e-01
7.317230500000000415e-01 1.556130000000000013e-01 4.665098249999999891e-01
7.375159749999999903e-01 1.563920000000000032e-01 4.655691750000000018e-01
7.262093000000000576e-01 1.661815000000000098e-01 4.658789249999999993e-01
7.306490749999999812e-01 1.666894999999999905e-01 4.663079249999999565e-01
7.356101999999999919e-01 1.681559999999999999e-01 4.668721750000000004e-01
7.269026250000000244e-01 1.869780000000000053e-01 4.677567999999999726e-01
7.292176000000000213e-01 1.865554999999999852e-01 4.677993500000000027e-01
7.332749000000000628e-01 1.860630000000000062e-01 4.681560499999999903e-01
7.213117000000000001e-01 1.821757500000000252e-01 4.780878249999999663e-01
7.245670000000000721e-01 1.836679999999999979e-01 4.781301749999999906e-01
7.291180750000000321e-01 1.867592499999999878e-01 4.789766500000000038e-01
7.148769074999999917e-01 1.815442500000000181e-01 4.842400749999999920e-01
7.183770750000000316e-01 1.856665000000000121e-01 4.866335749999999849e-01
7.219571500000000475e-01 1.897322499999999912e-01 4.889157749999999969e-01
7.094094000000000788e-01 1.814155000000000073e-01 4.914645249999999854e-01
7.120576200000000577e-01 1.855255000000000098e-01 4.949549249999999900e-01
7.146272277499999825e-01 1.895552500000000085e-01 4.984677499999999872e-01
7.022516000000000869e-01 1.782405000000000239e-01 4.985217499999999857e-01
7.047231999999999941e-01 1.822672499999999918e-01 5.021882500000000027e-01
7.071398750000000843e-01 1.862612499999999893e-01 5.059392499999999515e-01
6.965636250000000196e-01 1.739067499999999988e-01 5.050082499999999364e-01
6.986104000000000758e-01 1.776385000000000047e-01 5.092212499999999586e-01
7.006653500000000756e-01 1.813724999999999921e-01 5.134364999999999624e-01
6.922557000000000293e-01 1.672910000000000230e-01 5.102227499999999472e-01
6.938889000000000307e-01 1.704970000000000097e-01 5.150827500000000336e-01
6.955592999999999915e-01 1.737194999999999989e-01 5.199227499999999891e-01
6.888157500000000599e-01 1.597554999999999947e-01 5.140939999999999399e-01
6.899403000000000619e-01 1.622142500000000043e-01 5.195807500000000356e-01
6.910961750000000903e-01 1.646842500000000042e-01 5.250519999999999632e-01
6.829245000000000454e-01 1.528930000000000011e-01 5.160084999999999811e-01
6.834352500000000497e-01 1.546687500000000215e-01 5.219405000000000294e-01
6.839825000000000488e-01 1.564550000000000107e-01 5.278517499999999529e-01
6.759702499999999947e-01 1.469360000000000110e-01 5.168187499999999934e-01
6.758290000000000131e-01 1.481784999999999908e-01 5.230369999999999742e-01
6.756562500000000693e-01 1.493667499999999926e-01 5.292390000000000150e-01
6.677422500000000927e-01 1.431510000000000005e-01 5.152685000000000182e-01
6.665790000000000326e-01 1.439825000000000133e-01 5.216294999999999682e-01
6.652500000000000080e-01 1.446792500000000092e-01 5.278859999999999664e-01
6.601702500000000695e-01 1.363167500000000143e-01 5.114334999999999853e-01
6.581772500000000470e-01 1.364597499999999908e-01 5.177642499999999259e-01
6.558917499999999956e-01 1.363522500000000082e-01 5.238717499999999694e-01
6.531885000000000607e-01 1.262714999999999810e-01 5.045867499999999728e-01
6.505477500000000912e-01 1.256450000000000067e-01 5.108407499999999546e-01
6.472350000000000048e-01 1.245769999999999933e-01 5.166785000000000405e-01
6.417152500000000703e-01 1.186347499999999971e-01 4.936267500000000030e-01
6.381087500000000023e-01 1.170607499999999912e-01 4.996612500000000012e-01
6.341594999999999871e-01 1.153287500000000076e-01 5.051619999999999999e-01
6.305060000000000109e-01 1.250927500000000026e-01 4.842354749999999708e-01
6.266040000000000498e-01 1.233482499999999926e-01 4.906567499999999749e-01
6.221175000000001010e-01 1.215662500000000007e-01 4.965713499999999669e-01
6.240600000000000591e-01 1.349807499999999827e-01 4.798814249999999726e-01
6.193332500000000573e-01 1.335850000000000093e-01 4.867139249999999917e-01
6.141070000000000695e-01 1.318242500000000039e-01 4.932033249999999702e-01
6.158327500000000398e-01 1.419782500000000003e-01 4.733849274999999968e-01
6.101990000000000469e-01 1.407602500000000034e-01 4.813790250000000159e-01
6.037047500000000122e-01 1.397059999999999969e-01 4.887202499999999672e-01
6.124097500000000860e-01 1.506800000000000084e-01 4.669402999999999748e-01
6.047005000000000852e-01 1.501230000000000064e-01 4.764092749999999654e-01
5.968495000000000328e-01 1.498639999999999972e-01 4.847439749999999936e-01
6.105787500000000589e-01 1.606124999999999914e-01 4.645744250000000131e-01
6.016865000000000130e-01 1.614822499999999939e-01 4.731635074999999691e-01
5.936890000000000223e-01 1.620820000000000038e-01 4.811737999999999849e-01
6.082962499999999828e-01 1.695139999999999980e-01 4.662054749999999803e-01
6.016472500000000778e-01 1.701809999999999989e-01 4.727963275000000021e-01
5.953632500000000105e-01 1.715047499999999836e-01 4.791051499999999796e-01
6.062197500000000572e-01 1.795197500000000057e-01 4.649337749999999936e-01
6.007302500000000212e-01 1.806997499999999923e-01 4.703230549999999899e-01
5.953485000000000582e-01 1.821634999999999782e-01 4.756980000000000097e-01
6.067097500000000476e-01 1.890249999999999986e-01 4.642486499999999849e-01
6.020437499999999886e-01 1.909835000000000005e-01 4.688186500000000034e-01
5.975350000000000383e-01 1.931572500000000026e-01 4.734137924999999858e-01
6.108057500000000362e-01 1.973942499999999933e-01 4.650284499999999821e-01
6.070212500000000677e-01 2.002677499999999944e-01 4.693777499999999825e-01
6.033942500000000209e-01 2.032945000000000169e-01 4.737657249999999709e-01
6.175357500000000499e-01 2.042085000000000150e-01 4.667065750000000124e-01
6.145542500000000796e-01 2.076030000000000098e-01 4.710909974999999972e-01
6.115930000000000533e-01 2.110472499999999918e-01 4.755254500000000162e-01
6.257102500000000234e-01 2.085579999999999934e-01 4.686658249999999803e-01
6.240054999999999907e-01 2.124620000000000120e-01 4.732587199999999661e-01
6.224040000000000683e-01 2.163732500000000170e-01 4.778965499999999755e-01
6.351824999999999832e-01 2.101872499999999921e-01 4.701176724999999723e-01
6.347365000000000368e-01 2.141635000000000066e-01 4.749819249999999715e-01
6.343592500000000411e-01 2.181194999999999939e-01 4.798839749999999627e-01
6.451130000000000475e-01 2.092547500000000171e-01 4.718161792499999674e-01
6.455542499999999961e-01 2.128797500000000065e-01 4.766508250000000002e-01
6.460732500000000433e-01 2.164739999999999998e-01 4.815004250000000097e-01
6.550465000000000870e-01 2.060057500000000152e-01 4.731081874999999992e-01
6.559850000000000403e-01 2.093392500000000045e-01 4.782785499999999690e-01
6.569792500000000146e-01 2.126500000000000057e-01 4.834683249999999766e-01
6.649772500000000752e-01 2.020560000000000134e-01 4.735242799999999641e-01
6.662585000000000868e-01 2.048750000000000016e-01 4.787363749999999918e-01
6.675640000000000462e-01 2.076867500000000033e-01 4.839424250000000094e-01
6.753440000000000554e-01 1.980607500000000076e-01 4.732300274999999834e-01
6.764955000000000274e-01 2.006044999999999912e-01 4.786672750000000032e-01
6.776545000000000485e-01 2.031407500000000088e-01 4.840680749999999866e-01
6.864299999999999846e-01 1.939400000000000013e-01 4.730657325000000024e-01
6.873227499999999823e-01 1.965235000000000176e-01 4.785435749999999988e-01
6.882912500000000211e-01 1.990780000000000050e-01 4.839800750000000096e-01
6.979504500000000000e-01 1.906047499999999895e-01 4.732561049999999825e-01
6.983590750000000513e-01 1.928290000000000004e-01 4.786943750000000053e-01
6.989041249999999872e-01 1.950477500000000197e-01 4.841698749999999718e-01
7.101436500000000152e-01 1.872110000000000163e-01 4.739347425000000058e-01
7.098639250000000622e-01 1.895809999999999995e-01 4.793544750000000021e-01
7.097381750000000267e-01 1.918697500000000056e-01 4.848465499999999873e-01
7.223702250000000324e-01 1.829979999999999940e-01 4.739072424999999922e-01
7.238869250000000699e-01 1.826725000000000154e-01 4.743833100000000025e-01
7.245977749999999995e-01 1.820357499999999962e-01 4.741948749999999602e-01
7.372800000000000464e-01 1.801847500000000046e-01 4.760186750000000022e-01
7.389483749999999906e-01 1.796405000000000085e-01 4.764470999999999568e-01
7.404300000000000326e-01 1.790200000000000125e-01 4.767646499999999565e-01
7.494450000000000278e-01 1.789962500000000234e-01 4.741206799999999610e-01
7.498790000000000733e-01 1.741062500000000179e-01 4.769508999999999554e-01
7.497707500000000413e-01 1.692932500000000062e-01 4.794122249999999696e-01
7.611052500000000665e-01 1.773207499999999992e-01 4.726820949999999688e-01
7.609312500000000590e-01 1.720297500000000090e-01 4.755857249999999592e-01
7.608075000000000809e-01 1.666712499999999930e-01 4.784199749999999973e-01
7.727192500000000797e-01 1.753260000000000096e-01 4.710812775000000063e-01
7.722054999999999891e-01 1.699707500000000038e-01 4.740375424999999643e-01
7.716677499999999856e-01 1.645942499999999975e-01 4.769783499999999954e-01
7.842689999999999939e-01 1.732374999999999887e-01 4.694638250000000013e-01
7.836512500000000214e-01 1.677472500000000144e-01 4.724807174999999804e-01
7.829880000000000173e-01 1.622847500000000054e-01 4.754871499999999696e-01
7.970312500000000799e-01 1.710010000000000141e-01 4.680116999999999750e-01
7.958192500000000891e-01 1.654865000000000086e-01 4.711347674999999957e-01
7.947092500000000337e-01 1.599855000000000027e-01 4.742379724999999935e-01
8.099442500000000322e-01 1.689737500000000059e-01 4.681219999999999826e-01
8.082437500000000385e-01 1.633907500000000013e-01 4.713064649999999522e-01
8.066632500000000539e-01 1.577995000000000092e-01 4.744839524999999725e-01
8.221320000000000849e-01 1.668117500000000086e-01 4.683710749999999701e-01
8.201397500000000562e-01 1.610604999999999953e-01 4.716490549999999837e-01
8.183067500000000827e-01 1.552907500000000052e-01 4.749349749999999815e-01
8.327077500000000798e-01 1.643880000000000341e-01 4.690269999999999717e-01
8.306337500000000595e-01 1.583902500000000102e-01 4.724266274999999737e-01
8.286037500000000833e-01 1.523745000000000238e-01 4.758564999999999601e-01
8.433840000000000225e-01 1.629457500000000003e-01 4.709006774999999756e-01
8.410414999999999974e-01 1.564255000000000229e-01 4.745437499999999864e-01
8.386934999999999807e-01 1.498892500000000294e-01 4.782336999999999838e-01
8.527602499999999974e-01 1.619180000000000064e-01 4.729611824999999659e-01
8.502600000000000158e-01 1.544660000000000200e-01 4.771685249999999545e-01
8.475222500000000325e-01 1.469980000000000175e-01 4.813589499999999521e-01
8.621330000000000382e-01 1.608992500000000214e-01 4.739462074999999941e-01
8.601000000000000867e-01 1.523280000000000189e-01 4.788458249999999472e-01
8.576705000000000023e-01 1.438190000000000301e-01 4.836444249999999889e-01
8.712982500000000519e-01 1.623520000000000241e-01 4.745247499999999952e-01
8.696872500000000228e-01 1.516110000000000235e-01 4.808014749999999782e-01
8.672742500000000243e-01 1.415470000000000339e-01 4.865433750000000002e-01
8.805740000000000789e-01 1.616057500000000202e-01 4.761425749999999568e-01
8.787275000000001057e-01 1.510680000000000356e-01 4.825329499999999605e-01
8.767747500000000471e-01 1.406145000000000311e-01 4.888171749999999927e-01
8.916170000000001039e-01 1.584672500000000039e-01 4.784237999999999547e-01
8.901065000000000227e-01 1.500047500000000200e-01 4.835627999999999593e-01
8.883600000000000385e-01 1.415145000000000153e-01 4.886603249999999510e-01
9.030595000000000150e-01 1.561880000000000213e-01 4.801539999999999697e-01
9.016770000000000618e-01 1.487417500000000059e-01 4.846654499999999977e-01
9.001792500000000974e-01 1.412662500000000376e-01 4.891620749999999740e-01
9.239227500000000148e-01 1.462375000000000203e-01 4.867994499999999669e-01
