4.883122500000000032e-01 -8.309700000000000419e-02 4.658931000000000044e-01
5.302130000000000454e-01 -6.300249999999998907e-02 4.673714500000000216e-01
5.324320000000000164e-01 -7.504399999999999959e-02 4.660666499999999712e-01
5.345770000000000799e-01 -8.702974999999998906e-02 4.646112250000000166e-01
5.415017500000000039e-01 -6.102674999999999073e-02 4.677327749999999895e-01
5.438145000000000895e-01 -7.312425000000000175e-02 4.663489249999999697e-01
5.458822500000000133e-01 -8.498174999999999479e-02 4.648068249999999790e-01
5.519207500000000710e-01 -5.958125000000000226e-02 4.685939249999999667e-01
5.548690000000000566e-01 -7.128450000000000064e-02 4.670781499999999697e-01
5.576229999999999798e-01 -8.323774999999999924e-02 4.651984000000000119e-01
5.640307500000000251e-01 -5.857924999999999938e-02 4.702884875000000187e-01
5.663525000000000365e-01 -7.002300000000000191e-02 4.686817249999999935e-01
5.684067500000000717e-01 -8.161725000000000230e-02 4.667631500000000155e-01
5.759400000000000075e-01 -5.735950000000000770e-02 4.712883224999999676e-01
5.777650000000000841e-01 -6.856275000000000563e-02 4.696340499999999696e-01
5.794932500000000708e-01 -7.971475000000000088e-02 4.677353249999999796e-01
5.881385000000000085e-01 -5.593974999999998254e-02 4.712667574999999665e-01
5.892560000000000020e-01 -6.699225000000000319e-02 4.696109849999999808e-01
5.900285000000000668e-01 -7.807374999999999732e-02 4.677000499999999783e-01
5.994495000000000795e-01 -5.350749999999998563e-02 4.705521649999999667e-01
6.009132500000000654e-01 -6.460199999999999276e-02 4.688963999999999910e-01
6.019077500000000747e-01 -7.555899999999998728e-02 4.669710999999999723e-01
6.114272500000000887e-01 -5.108274999999998234e-02 4.693957500000000005e-01
6.124882500000000674e-01 -6.222824999999998496e-02 4.678017999999999899e-01
6.133182500000000648e-01 -7.319575000000000387e-02 4.659033499999999939e-01
6.233267500000000405e-01 -4.895474999999999133e-02 4.685940249999999696e-01
6.238332500000001168e-01 -5.996199999999998753e-02 4.672492999999999785e-01
6.244985000000000674e-01 -7.078124999999999001e-02 4.655162499999999648e-01
6.354342500000000893e-01 -4.753174999999999761e-02 4.680473499999999731e-01
6.355135000000000645e-01 -5.842249999999998833e-02 4.667326749999999858e-01
6.360717500000000468e-01 -6.918625000000000469e-02 4.651314999999999755e-01
6.483302500000001078e-01 -4.699824999999999142e-02 4.681659999999999711e-01
6.479055000000000231e-01 -5.776950000000000141e-02 4.669440750000000140e-01
6.478557500000000635e-01 -6.856349999999999945e-02 4.653866500000000128e-01
6.612430000000000252e-01 -4.712874999999999703e-02 4.690951250000000017e-01
6.603977500000000056e-01 -5.785299999999998777e-02 4.679053249999999831e-01
6.597057500000000907e-01 -6.856924999999999826e-02 4.663494750000000133e-01
6.740135000000000431e-01 -4.863649999999999918e-02 4.708996400000000082e-01
6.727037500000000447e-01 -5.901699999999998614e-02 4.692254499999999884e-01
6.714440000000000408e-01 -6.950599999999998446e-02 4.676693000000000100e-01
6.865255000000000107e-01 -5.077524999999999400e-02 4.723588699999999863e-01
6.843280000000000474e-01 -6.096650000000000680e-02 4.709548074999999612e-01
6.826587500000000919e-01 -7.144675000000000331e-02 4.698553149999999956e-01
6.977501249999999988e-01 -5.294750000000000845e-02 4.732622850000000048e-01
6.961459750000000835e-01 -6.327974999999999572e-02 4.723190049999999585e-01
6.947666250000000820e-01 -7.356624999999999970e-02 4.718465102499999619e-01
7.090108999999999995e-01 -5.449099999999998389e-02 4.747197499999999959e-01
7.077276000000000122e-01 -6.448199999999998377e-02 4.730010124999999843e-01
7.068221000000000087e-01 -7.452524999999998734e-02 4.725931700000000069e-01
7.192561500000000940e-01 -5.467299999999999938e-02 4.753725249999999902e-01
7.189866500000000604e-01 -6.494600000000000373e-02 4.732932850000000080e-01
7.185539250000000377e-01 -7.472224999999999007e-02 4.730426524999999938e-01
7.298260000000000858e-01 -5.512174999999999714e-02 4.760318249999999640e-01
7.299000500000000224e-01 -6.472200000000000175e-02 4.735807149999999854e-01
7.301721000000001016e-01 -7.439674999999998373e-02 4.733627624999999783e-01
7.392565000000000941e-01 -5.458474999999998745e-02 4.746182250000000047e-01
7.403982500000000355e-01 -6.404150000000000120e-02 4.720379192499999932e-01
7.418605000000000338e-01 -7.365150000000000863e-02 4.690962249999999778e-01
7.485135000000000538e-01 -5.313750000000000417e-02 4.749746999999999719e-01
7.503650000000000597e-01 -6.199949999999998518e-02 4.706024674999999546e-01
7.527085000000000026e-01 -7.055999999999998384e-02 4.663656999999999941e-01
7.586437500000000611e-01 -5.072924999999998963e-02 4.766870999999999747e-01
7.605637500000000939e-01 -5.922924999999998330e-02 4.717254274999999608e-01
7.634675000000000766e-01 -6.712075000000000680e-02 4.668217499999999798e-01
7.703097500000000153e-01 -4.763850000000000029e-02 4.776296499999999612e-01
7.719219999999999970e-01 -5.564700000000000202e-02 4.721716644999999768e-01
7.749745000000000106e-01 -6.298149999999999582e-02 4.667307499999999720e-01
7.837070000000000425e-01 -4.526249999999999718e-02 4.775944249999999891e-01
7.842125000000000901e-01 -5.290624999999998801e-02 4.717739742500000055e-01
7.860355000000001091e-01 -6.036849999999999161e-02 4.658151749999999702e-01
7.987475000000000547e-01 -4.608924999999999828e-02 4.773917249999999890e-01
7.977810000000000734e-01 -5.327950000000000741e-02 4.713374499999999911e-01
7.978082500000001076e-01 -6.019725000000000770e-02 4.652044749999999507e-01
8.130502500000000854e-01 -5.091049999999999742e-02 4.772204999999999919e-01
8.106967500000000770e-01 -5.775199999999999778e-02 4.709493949999999929e-01
8.087280000000001134e-01 -6.465399999999998926e-02 4.648448249999999615e-01
8.260100000000000220e-01 -5.897025000000000183e-02 4.773548499999999972e-01
8.225740000000000274e-01 -6.527900000000000369e-02 4.709522699999999507e-01
8.200535000000001018e-01 -7.222599999999998466e-02 4.647720999999999658e-01
8.378887500000000710e-01 -6.763325000000000586e-02 4.784283999999999759e-01
8.338035000000000307e-01 -7.351625000000000520e-02 4.719066719999999715e-01
8.303365000000000329e-01 -7.989650000000000918e-02 4.655350249999999912e-01
8.479225000000000234e-01 -7.744099999999998207e-02 4.803782249999999920e-01
8.430912500000000698e-01 -8.258050000000000113e-02 4.736585774999999554e-01
8.388772500000000187e-01 -8.863750000000000795e-02 4.668637249999999517e-01
8.541402500000000453e-01 -8.688724999999999921e-02 4.844697249999999622e-01
8.490967500000000667e-01 -9.169749999999998735e-02 4.771794999999999787e-01
8.442415000000000891e-01 -9.723624999999999630e-02 4.697701749999999565e-01
8.532640000000000224e-01 -9.586624999999998620e-02 4.912018499999999954e-01
8.485337500000000865e-01 -9.933975000000000444e-02 4.827907249999999761e-01
8.429120000000001056e-01 -1.036134999999999973e-01 4.741991924999999775e-01
8.532990000000000297e-01 -1.061149999999999871e-01 4.963624499999999551e-01
8.484660000000000535e-01 -1.084175000000000000e-01 4.868088499999999597e-01
8.411132500000000345e-01 -1.111707499999999849e-01 4.750111749999999522e-01
8.515800000000000036e-01 -1.145009999999999917e-01 4.998749999999999583e-01
8.468592500000000634e-01 -1.179429999999999923e-01 4.910575749999999684e-01
8.394050000000000678e-01 -1.213299999999999934e-01 4.800037749999999659e-01
8.526955000000000506e-01 -1.247137499999999843e-01 5.016654999999999864e-01
8.479167499999999968e-01 -1.259877499999999817e-01 4.926977750000000045e-01
8.425280000000000546e-01 -1.285682499999999950e-01 4.830449249999999584e-01
8.552175000000000749e-01 -1.379537499999999861e-01 4.995382499999999615e-01
8.509020000000000472e-01 -1.376817499999999916e-01 4.905991249999999693e-01
8.468020000000000547e-01 -1.380500000000000060e-01 4.816885999999999668e-01
8.534667500000000517e-01 -1.519794999999999896e-01 4.965620749999999917e-01
8.504127500000000506e-01 -1.493980000000000030e-01 4.882348499999999980e-01
8.471697500000000547e-01 -1.473957499999999921e-01 4.798510749999999603e-01
8.466097500000000498e-01 -1.633237499999999898e-01 4.933006249999999926e-01
8.449872500000000786e-01 -1.594015000000000015e-01 4.854925999999999964e-01
8.426860000000000461e-01 -1.558769999999999878e-01 4.776931749999999699e-01
8.358955000000000135e-01 -1.701344999999999941e-01 4.907059999999999755e-01
8.353377500000001010e-01 -1.657217500000000010e-01 4.832445749999999540e-01
8.342160000000000686e-01 -1.614942500000000059e-01 4.758417999999999815e-01
8.230107500000000131e-01 -1.717980000000000063e-01 4.888783999999999907e-01
8.235695000000000654e-01 -1.673262499999999819e-01 4.816458499999999865e-01
8.238042500000000157e-01 -1.628269999999999995e-01 4.744636474999999742e-01
8.104680000000000772e-01 -1.680552499999999894e-01 4.883201499999999529e-01
8.118587500000000734e-01 -1.639352500000000046e-01 4.812350249999999829e-01
8.129825000000000523e-01 -1.597527499999999989e-01 4.741429349999999876e-01
7.998275000000000245e-01 -1.604572499999999957e-01 4.889379749999999691e-01
8.015317500000000983e-01 -1.567099999999999882e-01 4.819578249999999509e-01
8.029920000000000391e-01 -1.529075000000000017e-01 4.748779249999999785e-01
7.878340000000000343e-01 -1.554224999999999912e-01 4.887457000000000051e-01
7.901190000000000158e-01 -1.518902500000000044e-01 4.817759249999999938e-01
7.923025000000000206e-01 -1.483629999999999949e-01 4.746325249999999718e-01
7.751392500000000574e-01 -1.542554999999999898e-01 4.846061999999999870e-01
7.784922499999999967e-01 -1.508162499999999850e-01 4.782047999999999854e-01
7.817182500000000589e-01 -1.473819999999999852e-01 4.716395824999999875e-01
7.633892500000000192e-01 -1.503027499999999850e-01 4.807857499999999562e-01
7.674030000000000573e-01 -1.467179999999999873e-01 4.749855749999999932e-01
7.712770000000001014e-01 -1.430684999999999873e-01 4.691050999999999971e-01
7.530310000000000059e-01 -1.428829999999999822e-01 4.778139750000000019e-01
7.578342500000000426e-01 -1.393874999999999975e-01 4.727988575000000027e-01
7.624937500000000812e-01 -1.356874999999999887e-01 4.677010249999999925e-01
7.453752500000000447e-01 -1.352342500000000003e-01 4.765476499999999893e-01
7.500310000000001143e-01 -1.315792500000000087e-01 4.717626429999999815e-01
7.545677500000000926e-01 -1.277662499999999979e-01 4.669704499999999814e-01
7.376706500000000943e-01 -1.271660000000000013e-01 4.760746750000000027e-01
7.422525000000000928e-01 -1.234682500000000016e-01 4.715161699999999567e-01
7.466492500000000421e-01 -1.196317500000000089e-01 4.670212499999999989e-01
7.303879500000000080e-01 -1.175914999999999877e-01 4.761873749999999683e-01
7.353521000000000640e-01 -1.141067500000000068e-01 4.718163642500000088e-01
7.402937500000000837e-01 -1.107537499999999842e-01 4.674958499999999906e-01
7.238340750000000767e-01 -1.050842499999999902e-01 4.749820999999999627e-01
7.296898750000000433e-01 -1.026729999999999865e-01 4.711129900000000092e-01
7.356078500000000631e-01 -1.003310000000000035e-01 4.673310999999999993e-01
7.210780250000000668e-01 -9.070575000000000165e-02 4.706034974999999676e-01
7.266178750000000797e-01 -8.982874999999998500e-02 4.695576499999999931e-01
7.334096750000000942e-01 -8.855799999999999783e-02 4.678486000000000034e-01
7.195789500000000505e-01 -7.739199999999998858e-02 4.706828174999999614e-01
7.251999250000000785e-01 -7.698025000000000007e-02 4.703617424999999574e-01
7.319619500000000833e-01 -7.580624999999999170e-02 4.698323050000000056e-01
7.164638300000000237e-01 -6.395024999999998627e-02 4.731579074999999746e-01
7.234634000000000897e-01 -6.381149999999999323e-02 4.725643724999999962e-01
7.304897250000000897e-01 -6.322249999999998704e-02 4.710892099999999805e-01
7.159762275000000065e-01 -5.174775000000000902e-02 4.750635749999999602e-01
7.229074000000000888e-01 -5.127799999999999025e-02 4.739499274999999789e-01
7.298235250000000285e-01 -5.073874999999999913e-02 4.727676074999999645e-01
7.152274575000000523e-01 -3.964499999999999968e-02 4.742955349999999903e-01
7.221093250000000241e-01 -3.887725000000000208e-02 4.733799624999999733e-01
7.289462000000000996e-01 -3.810650000000000148e-02 4.724547249999999643e-01
7.140767525000000226e-01 -2.907424999999999593e-02 4.720973444999999602e-01
7.209284750000000130e-01 -2.812049999999999272e-02 4.712073800000000090e-01
7.277947000000000166e-01 -2.731349999999999056e-02 4.703448399999999863e-01
7.126645475000000785e-01 -1.712849999999999095e-02 4.696757074999999837e-01
7.194403500000000617e-01 -1.617549999999999544e-02 4.688027999999999640e-01
7.262542000000000719e-01 -1.535124999999999684e-02 4.679855749999999870e-01
7.117785000000000917e-01 -4.201249999999989715e-03 4.686981499999999801e-01
7.185828250000000361e-01 -3.127499999999991398e-03 4.678246500000000085e-01
7.254294500000000312e-01 -2.356749999999990797e-03 4.670728749999999985e-01
7.105084750000000282e-01 1.094849999999999990e-02 4.691337499999999605e-01
7.174142250000000720e-01 1.184775000000000411e-02 4.682834499999999900e-01
7.242855250000000966e-01 1.249375000000000485e-02 4.676188499999999748e-01
7.089256000000000446e-01 2.543225000000000346e-02 4.716844000000000037e-01
7.166880950000000805e-01 2.627875000000000349e-02 4.707498674999999744e-01
7.242403500000000882e-01 2.721800000000000608e-02 4.701485799999999826e-01
7.071249000000000562e-01 4.022875000000000756e-02 4.710733099999999673e-01
7.162472500000000020e-01 4.108525000000000371e-02 4.700062700000000038e-01
7.248254250000000232e-01 4.198600000000000249e-02 4.694697749999999781e-01
7.049684999999999979e-01 5.246515000000000206e-02 4.683343249999999958e-01
7.167132575000000339e-01 5.362637500000000390e-02 4.670741250000000067e-01
7.278625750000000671e-01 5.408065000000000788e-02 4.668394249999999746e-01
7.059949500000000100e-01 6.466270000000000351e-02 4.656827749999999932e-01
7.176269500000000967e-01 6.279012500000000219e-02 4.650243000000000015e-01
7.299020000000000508e-01 5.992770000000000735e-02 4.645257749999999741e-01
7.114126000000000616e-01 7.491236750000000721e-02 4.661729749999999894e-01
7.202813500000000424e-01 7.328039000000000081e-02 4.656265749999999870e-01
7.299322000000000310e-01 7.214003500000000513e-02 4.653211749999999758e-01
7.162267900000000020e-01 8.506874999999999853e-02 4.677269499999999747e-01
7.237861750000000871e-01 8.399230000000000584e-02 4.673003749999999901e-01
7.311671750000000580e-01 8.333845000000000836e-02 4.670819999999999972e-01
7.194398250000000328e-01 9.532527500000000098e-02 4.702759999999999718e-01
7.259708500000000564e-01 9.420454999999999801e-02 4.698508124999999924e-01
7.326060000000000905e-01 9.344235000000000735e-02 4.695756150000000018e-01
7.209006250000000726e-01 1.039417499999999994e-01 4.722345107500000028e-01
7.272883500000000279e-01 1.032865000000000033e-01 4.719098270000000039e-01
7.336006250000000062e-01 1.026790000000000064e-01 4.716307874999999816e-01
7.220320500000000363e-01 1.140072500000000044e-01 4.729320649999999571e-01
7.283536750000000337e-01 1.131990000000000079e-01 4.726126324999999628e-01
7.346366500000000022e-01 1.125072500000000031e-01 4.722752825000000043e-01
7.232672500000000282e-01 1.243440000000000101e-01 4.722043984999999555e-01
7.294903500000000651e-01 1.233204999999999996e-01 4.718419769999999680e-01
7.357503000000000792e-01 1.225714999999999999e-01 4.714844424999999895e-01
7.263151500000000205e-01 1.347687499999999927e-01 4.707067849999999609e-01
7.323088750000000813e-01 1.335272500000000140e-01 4.705883449999999635e-01
7.384064000000000183e-01 1.325165000000000093e-01 4.703679474999999943e-01
7.304141250000000252e-01 1.428860000000000130e-01 4.662387249999999650e-01
7.350833750000000943e-01 1.426790000000000003e-01 4.682792249999999656e-01
7.410240000000000160e-01 1.426027500000000003e-01 4.678484749999999859e-01
7.307796250000000438e-01 1.520730000000000137e-01 4.673778499999999836e-01
7.358811250000000248e-01 1.529127499999999862e-01 4.680958249999999654e-01
7.416694999999999816e-01 1.538702499999999862e-01 4.673715999999999982e-01
7.299917500000000503e-01 1.631545000000000079e-01 4.672900749999999714e-01
7.344095750000000367e-01 1.638650000000000106e-01 4.678203249999999813e-01
7.392939500000000885e-01 1.655070000000000152e-01 4.685301499999999786e-01
7.295653000000000832e-01 1.836547500000000055e-01 4.694270249999999978e-01
7.320794500000000760e-01 1.833865000000000078e-01 4.695435049999999721e-01
7.361513250000000230e-01 1.830539999999999945e-01 4.699497424999999895e-01
7.241732250000000315e-01 1.786257499999999998e-01 4.804543249999999599e-01
7.280599500000000113e-01 1.806574999999999986e-01 4.804473750000000098e-01
7.325843000000000771e-01 1.839780000000000026e-01 4.806611499999999815e-01
7.191071500000000283e-01 1.789497500000000185e-01 4.881618249999999937e-01
7.229309999999999903e-01 1.833072500000000049e-01 4.893927999999999612e-01
7.267924000000000051e-01 1.876187500000000008e-01 4.905499249999999978e-01
7.150376099999999902e-01 1.796382499999999993e-01 4.965034499999999573e-01
7.182367000000000612e-01 1.842405000000000015e-01 4.986459999999999781e-01
7.213683250000000324e-01 1.887742500000000045e-01 5.008262500000000284e-01
7.096546750000000126e-01 1.778279999999999861e-01 5.054917500000000175e-01
7.127600800000000181e-01 1.823929999999999996e-01 5.077917499999999862e-01
7.158332325000000829e-01 1.869454999999999867e-01 5.101784999999999792e-01
7.056489249999999824e-01 1.748937500000000145e-01 5.138924999999999743e-01
7.084758500000000181e-01 1.793542499999999928e-01 5.167380000000000306e-01
7.113249750000000260e-01 1.837799999999999989e-01 5.196184999999999832e-01
7.027940500000000590e-01 1.696139999999999870e-01 5.213732500000000103e-01
7.053715750000000284e-01 1.738080000000000180e-01 5.248954999999999593e-01
7.079867250000000389e-01 1.779810000000000003e-01 5.284250000000000336e-01
7.004989249999999945e-01 1.633017500000000233e-01 5.277585000000000193e-01
7.027590250000000927e-01 1.670429999999999970e-01 5.320327499999999432e-01
7.050479500000000899e-01 1.707795000000000007e-01 5.363074999999999370e-01
6.953191250000000379e-01 1.574982500000000063e-01 5.326929999999999721e-01
6.971054750000000855e-01 1.607582499999999914e-01 5.376742500000000202e-01
6.989145250000000642e-01 1.640170000000000239e-01 5.426382499999999887e-01
6.887465000000000392e-01 1.524612499999999926e-01 5.365914999999999990e-01
6.899779500000000620e-01 1.553387499999999977e-01 5.421089999999999520e-01
6.911693250000000566e-01 1.581657499999999938e-01 5.476400000000000157e-01
6.803345000000000642e-01 1.490819999999999923e-01 5.379300000000000193e-01
6.806187500000000501e-01 1.516850000000000143e-01 5.439034999999999842e-01
6.807282500000000347e-01 1.541454999999999909e-01 5.498549999999999827e-01
6.718960000000000488e-01 1.422035000000000105e-01 5.378689999999999305e-01
6.713955000000000339e-01 1.442237499999999839e-01 5.441712499999999952e-01
6.705362500000000558e-01 1.459759999999999946e-01 5.504012499999999530e-01
6.631842500000000307e-01 1.314899999999999958e-01 5.357767500000000238e-01
6.620155000000000900e-01 1.328407500000000074e-01 5.423542500000000377e-01
6.600665000000000004e-01 1.337307500000000093e-01 5.488070000000000448e-01
6.491592500000000765e-01 1.226289999999999880e-01 5.300617499999999982e-01
6.469605000000000494e-01 1.231477500000000003e-01 5.369017499999999554e-01
6.443057500000000104e-01 1.234109999999999929e-01 5.433677500000000382e-01
6.365390000000000770e-01 1.276734999999999953e-01 5.217237500000000416e-01
6.341190000000000992e-01 1.281907499999999922e-01 5.290279999999999427e-01
6.310032500000000155e-01 1.286484999999999990e-01 5.359882499999999439e-01
6.297725000000000684e-01 1.364677499999999988e-01 5.159957499999999753e-01
6.267190000000000261e-01 1.377265000000000017e-01 5.237447499999999811e-01
6.230725000000000291e-01 1.386047499999999988e-01 5.313817499999999860e-01
6.205862500000000059e-01 1.420092500000000035e-01 5.094560000000000199e-01
6.168865000000000043e-01 1.439452500000000246e-01 5.183830000000000382e-01
6.122255000000000891e-01 1.459125000000000005e-01 5.268414999999999626e-01
6.160037500000000721e-01 1.484942499999999943e-01 5.013382499999999853e-01
6.106240000000000556e-01 1.517672500000000202e-01 5.118175000000000363e-01
6.048740000000000228e-01 1.549542500000000156e-01 5.211952499999999988e-01
6.137955000000000494e-01 1.572040000000000104e-01 4.961280750000000017e-01
6.070747499999999963e-01 1.616680000000000061e-01 5.055742500000000028e-01
6.011117500000000557e-01 1.655802499999999844e-01 5.143852500000000161e-01
6.119115000000000526e-01 1.662870000000000181e-01 4.950323999999999836e-01
6.069459999999999855e-01 1.697140000000000037e-01 5.022177500000000183e-01
6.022485000000000754e-01 1.736079999999999846e-01 5.088380000000000125e-01
6.094472499999999959e-01 1.752582500000000043e-01 4.907461999999999658e-01
6.053275000000000183e-01 1.787190000000000167e-01 4.963627499999999637e-01
6.012827500000000880e-01 1.823910000000000253e-01 5.018489999999999895e-01
6.094687500000000036e-01 1.837787499999999907e-01 4.864197749999999987e-01
6.059174999999999978e-01 1.876277500000000098e-01 4.907807750000000024e-01
6.025072500000000497e-01 1.916532499999999972e-01 4.950549750000000082e-01
6.132024999999999837e-01 1.916002499999999997e-01 4.828059499999999837e-01
6.103930000000000744e-01 1.961815000000000087e-01 4.863606500000000055e-01
6.077310000000000212e-01 2.008915000000000006e-01 4.898626249999999960e-01
6.196375000000000632e-01 1.982772500000000160e-01 4.797716499999999940e-01
6.175682500000000408e-01 2.033300000000000107e-01 4.829111249999999966e-01
6.155162499999999870e-01 2.084364999999999968e-01 4.860720749999999923e-01
6.276255000000000583e-01 2.028469999999999995e-01 4.774547000000000097e-01
6.267810000000000326e-01 2.084304999999999908e-01 4.801839999999999997e-01
6.260305000000000453e-01 2.140297499999999908e-01 4.829174999999999995e-01
6.369550000000000489e-01 2.047760000000000136e-01 4.753985749999999899e-01
6.373542500000000111e-01 2.105357499999999937e-01 4.779436499999999977e-01
6.378179999999999961e-01 2.162867499999999998e-01 4.805058500000000121e-01
6.470782500000000770e-01 2.045397499999999924e-01 4.745925249999999873e-01
6.483075000000000365e-01 2.100240000000000162e-01 4.768877750000000137e-01
6.496062500000000517e-01 2.154812500000000131e-01 4.791883749999999997e-01
6.573795000000000055e-01 2.021117500000000067e-01 4.748397500000000049e-01
6.591870000000000784e-01 2.076712500000000017e-01 4.770133999999999763e-01
6.610532500000000367e-01 2.132242500000000041e-01 4.791890249999999907e-01
6.675650000000000750e-01 1.988502500000000062e-01 4.738828224999999672e-01
6.697374999999999856e-01 2.040220000000000089e-01 4.762016499999999763e-01
6.719327500000000786e-01 2.091862500000000180e-01 4.785152500000000031e-01
6.780197500000000321e-01 1.951167500000000055e-01 4.729230024999999671e-01
6.801522500000000138e-01 2.004777500000000101e-01 4.749414499999999872e-01
6.822660000000000391e-01 2.058087500000000125e-01 4.769418999999999742e-01
6.891622500000000873e-01 1.914262500000000200e-01 4.718042754999999810e-01
6.910505750000000003e-01 1.968755000000000088e-01 4.738807349999999974e-01
6.929761750000000831e-01 2.022714999999999930e-01 4.759222499999999911e-01
7.004962750000000016e-01 1.886359999999999981e-01 4.706697624999999774e-01
7.019045250000000014e-01 1.938157500000000089e-01 4.731253449999999749e-01
7.034145250000000127e-01 1.990432500000000049e-01 4.755426749999999703e-01
7.124751175000000325e-01 1.863137500000000002e-01 4.698133649999999828e-01
7.132373175000000787e-01 1.916312500000000030e-01 4.723578900000000025e-01
7.142058825000000555e-01 1.970637500000000097e-01 4.748864749999999746e-01
7.245996000000000103e-01 1.838380000000000014e-01 4.690173499999999995e-01
7.259774500000000241e-01 1.837822500000000081e-01 4.693623999999999574e-01
7.270189500000000526e-01 1.837367500000000042e-01 4.693409499999999790e-01
7.375268999999999853e-01 1.821730000000000016e-01 4.702646600000000010e-01
7.390652500000000069e-01 1.823255000000000015e-01 4.703301899999999813e-01
7.405292500000000278e-01 1.824744999999999839e-01 4.702577625000000094e-01
7.483170000000000099e-01 1.782650000000000068e-01 4.706320724999999983e-01
7.501167499999999988e-01 1.830012500000000042e-01 4.680639249999999918e-01
7.513060000000000294e-01 1.873762500000000220e-01 4.651816999999999758e-01
7.599227500000000912e-01 1.756562500000000138e-01 4.711254699999999906e-01
7.611367500000000286e-01 1.807325000000000181e-01 4.680447749999999685e-01
7.624370000000000314e-01 1.858077499999999938e-01 4.649683749999999893e-01
7.717537500000000161e-01 1.736917500000000059e-01 4.717806820000000068e-01
7.725560000000000205e-01 1.789742500000000014e-01 4.686897749999999752e-01
7.733572499999999961e-01 1.842687500000000089e-01 4.656164250000000004e-01
7.835825000000000706e-01 1.719340000000000035e-01 4.719652713499999930e-01
7.841767500000000890e-01 1.774485000000000090e-01 4.688622749999999950e-01
7.847690000000000499e-01 1.829362500000000225e-01 4.657943749999999827e-01
7.955372500000000846e-01 1.712440000000000073e-01 4.726720174999999857e-01
7.956880000000000619e-01 1.768820000000000114e-01 4.695182249999999557e-01
7.959087500000000537e-01 1.824952499999999977e-01 4.663816499999999809e-01
8.073590000000000488e-01 1.701657500000000045e-01 4.715923724999999678e-01
8.072415000000000562e-01 1.759802500000000047e-01 4.684187249999999803e-01
8.071630000000000749e-01 1.817830000000000001e-01 4.652560000000000029e-01
8.194017500000000398e-01 1.694879999999999998e-01 4.709406874999999548e-01
8.191322500000000062e-01 1.755065000000000097e-01 4.677052250000000022e-01
8.189142500000000657e-01 1.815295000000000103e-01 4.644723499999999783e-01
8.315072500000000311e-01 1.693917500000000076e-01 4.711699649999999684e-01
8.310319999999999929e-01 1.757097499999999979e-01 4.678055249999999998e-01
8.305784999999999973e-01 1.820312500000000333e-01 4.644233249999999980e-01
8.436552500000000787e-01 1.698405000000000054e-01 4.724967424999999555e-01
8.428284999999999805e-01 1.766867500000000035e-01 4.688360249999999896e-01
8.420327499999999965e-01 1.835547500000000165e-01 4.651302499999999673e-01
8.549922500000000092e-01 1.697405000000000164e-01 4.733131949999999644e-01
8.538110000000000976e-01 1.775882500000000030e-01 4.691123999999999850e-01
8.525420000000000220e-01 1.854457500000000203e-01 4.648561499999999680e-01
8.658485000000000209e-01 1.702767500000000322e-01 4.750131999999999688e-01
8.648372500000000018e-01 1.792402500000000176e-01 4.702944199999999908e-01
8.637620000000000298e-01 1.881132500000000096e-01 4.655614999999999615e-01
8.761555000000000870e-01 1.687660000000000271e-01 4.765104249999999597e-01
8.752650000000000707e-01 1.799380000000000146e-01 4.706668374999999904e-01
8.741912499999999753e-01 1.903870000000000284e-01 4.651136999999999633e-01
8.855650000000000466e-01 1.696417500000000356e-01 4.767381749999999863e-01
8.847409999999999997e-01 1.805352500000000360e-01 4.707436574999999679e-01
8.839347500000001023e-01 1.913065000000000182e-01 4.647025749999999511e-01
8.967765000000000875e-01 1.729217500000000129e-01 4.767112249999999607e-01
8.961190000000001099e-01 1.816665000000000085e-01 4.718769352499999625e-01
8.952865000000000961e-01 1.904040000000000177e-01 4.669572999999999641e-01
9.083127500000000021e-01 1.752772500000000233e-01 4.772055249999999638e-01
9.076969999999999761e-01 1.829652500000000237e-01 4.729359149999999845e-01
9.069882500000000514e-01 1.906602500000000311e-01 4.686185249999999525e-01
9.299492500000000605e-01 1.855162500000000214e-01 4.749359749999999547e-01
