4.926735000000000420e-01 -5.731700000000000683e-02 4.597779499999999908e-01
5.367802500000000698e-01 -4.483175000000000354e-02 4.675538499999999931e-01
5.369025000000000603e-01 -5.714125000000000454e-02 4.672726249999999970e-01
5.369562500000000238e-01 -6.940949999999998510e-02 4.668373749999999989e-01
5.481409999999999894e-01 -4.479325000000000667e-02 4.693063499999999832e-01
5.483320000000000416e-01 -5.716250000000000497e-02 4.690785749999999976e-01
5.483275000000000787e-01 -6.930724999999998692e-02 4.685856999999999939e-01
5.586872500000000796e-01 -4.509525000000000339e-02 4.707683775000000015e-01
5.594472500000000625e-01 -5.712749999999999773e-02 4.707549349999999855e-01
5.600359999999999783e-01 -6.955675000000000052e-02 4.699164200000000013e-01
5.702407500000000740e-01 -4.546100000000001529e-02 4.727292725000000195e-01
5.706105000000000205e-01 -5.719274999999998665e-02 4.725971800000000056e-01
5.709915000000000962e-01 -6.904874999999999208e-02 4.718026382500000171e-01
5.815865000000000062e-01 -4.566975000000000895e-02 4.735041999999999862e-01
5.814805000000000668e-01 -5.711700000000000110e-02 4.732847825000000008e-01
5.815680000000000849e-01 -6.849125000000000352e-02 4.725290524999999908e-01
5.935357500000000286e-01 -4.600825000000001441e-02 4.731816074999999899e-01
5.924815000000001053e-01 -5.719124999999999903e-02 4.729572699999999852e-01
5.916255000000000264e-01 -6.836274999999999991e-02 4.722844199999999826e-01
6.047170000000000600e-01 -4.625925000000000176e-02 4.721066749999999757e-01
6.035690000000000222e-01 -5.742325000000000901e-02 4.717257374999999642e-01
6.026385000000000769e-01 -6.858649999999999469e-02 4.710538499999999962e-01
6.168530000000000957e-01 -4.691025000000000056e-02 4.702472050000000015e-01
6.153985000000000705e-01 -5.802024999999999544e-02 4.699776749999999836e-01
6.140807500000000640e-01 -6.906375000000000708e-02 4.692935749999999628e-01
6.290765000000000384e-01 -4.794024999999998982e-02 4.687659249999999722e-01
6.273580000000000823e-01 -5.888399999999999190e-02 4.688409499999999785e-01
6.257612500000000466e-01 -6.988800000000000567e-02 4.685689249999999695e-01
6.411875000000000213e-01 -4.907799999999999663e-02 4.677260500000000043e-01
6.394750000000000156e-01 -5.991399999999999504e-02 4.673766749999999637e-01
6.378597500000000586e-01 -7.072074999999999889e-02 4.665783249999999605e-01
6.532382500000000203e-01 -5.013574999999999282e-02 4.655732999999999677e-01
6.517682500000000489e-01 -6.093175000000000674e-02 4.657027249999999841e-01
6.502000000000001112e-01 -7.171274999999999178e-02 4.652586999999999695e-01
6.654470000000000107e-01 -5.104875000000000385e-02 4.642920749999999708e-01
6.640942499999999971e-01 -6.178249999999999020e-02 4.640792499999999987e-01
6.626410000000000355e-01 -7.253149999999999875e-02 4.640758999999999856e-01
6.776642500000000791e-01 -5.220700000000000340e-02 4.632276999999999645e-01
6.763395000000000934e-01 -6.278324999999998490e-02 4.623306749999999687e-01
6.751354999999999995e-01 -7.331274999999998210e-02 4.616498749999999873e-01
6.899409000000000791e-01 -5.306374999999999287e-02 4.626853999999999689e-01
6.888030000000000541e-01 -6.354650000000000576e-02 4.610717749999999615e-01
6.876687500000000508e-01 -7.399025000000000740e-02 4.596519000000000021e-01
7.021788750000000912e-01 -5.410249999999999782e-02 4.625851749999999596e-01
7.012162500000000964e-01 -6.433949999999999392e-02 4.602661000000000113e-01
7.003401750000000092e-01 -7.452899999999998415e-02 4.580988249999999873e-01
7.143030210000000935e-01 -5.498025000000000828e-02 4.629642749999999807e-01
7.136555275000000531e-01 -6.494225000000000692e-02 4.599318499999999754e-01
7.130539525000000323e-01 -7.488349999999999174e-02 4.579188249999999738e-01
7.263832750000001059e-01 -5.574674999999998382e-02 4.638229999999999853e-01
7.260522500000000656e-01 -6.539224999999998511e-02 4.600749000000000088e-01
7.257559500000000385e-01 -7.501425000000000454e-02 4.581045749999999583e-01
7.383736750000000626e-01 -5.656649999999999179e-02 4.651167999999999969e-01
7.383296750000000186e-01 -6.582674999999998944e-02 4.606624999999999748e-01
7.383867750000000507e-01 -7.503024999999999278e-02 4.562929249999999604e-01
7.501555000000000861e-01 -5.750225000000000475e-02 4.668191499999999605e-01
7.504270000000000662e-01 -6.631000000000000782e-02 4.616974499999999537e-01
7.507842500000000419e-01 -7.504974999999999841e-02 4.566653749999999845e-01
7.617910000000001070e-01 -5.863174999999998249e-02 4.688766500000000059e-01
7.623365000000000835e-01 -6.693674999999998931e-02 4.631539000000000073e-01
7.629802500000000265e-01 -7.515174999999998939e-02 4.575009749999999764e-01
7.732575000000000420e-01 -5.992700000000000804e-02 4.713273174999999537e-01
7.740257500000000679e-01 -6.768825000000000536e-02 4.650578749999999539e-01
7.749157500000000143e-01 -7.534799999999999831e-02 4.588404249999999962e-01
7.846842500000000831e-01 -6.147549999999998849e-02 4.741518100000000069e-01
7.854847500000000649e-01 -6.865625000000000200e-02 4.673531499999999950e-01
7.864347500000000712e-01 -7.569999999999998952e-02 4.606295499999999987e-01
7.960780000000000634e-01 -6.373750000000000249e-02 4.767848999999999560e-01
7.966665000000000552e-01 -7.032225000000000281e-02 4.694936849999999939e-01
7.974322500000000646e-01 -7.679900000000000615e-02 4.622606249999999806e-01
8.074872500000001008e-01 -6.653224999999998723e-02 4.795207249999999810e-01
8.074270000000001168e-01 -7.249474999999999669e-02 4.717860302499999881e-01
8.076717500000000216e-01 -7.841524999999999190e-02 4.641165749999999757e-01
8.185835000000000194e-01 -7.127374999999999683e-02 4.818606500000000015e-01
8.175145000000000328e-01 -7.645549999999998181e-02 4.737106674999999600e-01
8.167507500000000809e-01 -8.163824999999999554e-02 4.656307499999999822e-01
8.286740000000000217e-01 -7.824174999999999880e-02 4.837185999999999986e-01
8.263290000000000912e-01 -8.232174999999999909e-02 4.752921499999999688e-01
8.243917500000000897e-01 -8.660199999999998455e-02 4.669087749999999981e-01
8.365207500000000351e-01 -8.732349999999999834e-02 4.851554249999999735e-01
8.331765000000000976e-01 -9.017900000000000915e-02 4.765162749999999892e-01
8.301197500000000451e-01 -9.332750000000000767e-02 4.678822249999999849e-01
8.409935000000000604e-01 -9.813725000000000920e-02 4.864656249999999571e-01
8.370460000000000678e-01 -9.947524999999998729e-02 4.776667749999999879e-01
8.332965000000001066e-01 -1.013679999999999859e-01 4.686418499999999709e-01
8.411937500000000734e-01 -1.091407500000000086e-01 4.881502249999999932e-01
8.371462500000000917e-01 -1.092404999999999904e-01 4.789929749999999875e-01
8.331455000000000943e-01 -1.098852499999999899e-01 4.694381499999999985e-01
8.368225000000000247e-01 -1.186662500000000009e-01 4.905810499999999630e-01
8.331960000000000477e-01 -1.176989999999999981e-01 4.810128499999999918e-01
8.292835000000000623e-01 -1.171022499999999911e-01 4.703865749999999735e-01
8.350735000000000241e-01 -1.292112499999999997e-01 4.904283499999999574e-01
8.316745000000000942e-01 -1.270195000000000074e-01 4.803049249999999937e-01
8.266425000000000578e-01 -1.245937500000000031e-01 4.671699999999999742e-01
8.320150000000000601e-01 -1.371384999999999965e-01 4.906288249999999906e-01
8.286065000000000236e-01 -1.376709999999999878e-01 4.805099749999999781e-01
8.231382500000000713e-01 -1.362902500000000017e-01 4.678103249999999713e-01
8.309687500000000338e-01 -1.471625000000000016e-01 4.900703750000000025e-01
8.275110000000001076e-01 -1.461227499999999957e-01 4.803172249999999588e-01
8.232980000000000853e-01 -1.457499999999999907e-01 4.695552224999999802e-01
8.295722500000000110e-01 -1.596469999999999834e-01 4.871791999999999789e-01
8.267115000000000435e-01 -1.582444999999999824e-01 4.776378999999999486e-01
8.235527500000000556e-01 -1.574762499999999843e-01 4.681733750000000027e-01
8.239717500000001138e-01 -1.714765000000000039e-01 4.852640500000000023e-01
8.221692500000000736e-01 -1.694179999999999853e-01 4.762903749999999881e-01
8.198760000000000492e-01 -1.679627499999999940e-01 4.673874249999999675e-01
8.150365000000000526e-01 -1.808620000000000227e-01 4.841332999999999886e-01
8.140120000000000688e-01 -1.784945000000000004e-01 4.755190249999999841e-01
8.124955000000000371e-01 -1.765995000000000203e-01 4.669077999999999840e-01
8.037680000000000380e-01 -1.872269999999999768e-01 4.834393999999999636e-01
8.032985000000000264e-01 -1.847694999999999754e-01 4.750386999999999804e-01
8.024205000000000920e-01 -1.825970000000000093e-01 4.666753999999999625e-01
7.909395000000000175e-01 -1.906645000000000145e-01 4.825408499999999656e-01
7.911247500000000432e-01 -1.881419999999999759e-01 4.743231725000000010e-01
7.910340000000000149e-01 -1.857444999999999791e-01 4.661613749999999889e-01
7.774975000000000636e-01 -1.906645000000000145e-01 4.815412749999999908e-01
7.783690000000000886e-01 -1.882220000000000004e-01 4.735399925000000065e-01
7.790217500000000683e-01 -1.857894999999999963e-01 4.655904499999999890e-01
7.644140000000000379e-01 -1.872894999999999976e-01 4.806115749999999576e-01
7.658227500000001076e-01 -1.850094999999999934e-01 4.727864574999999792e-01
7.671272500000000383e-01 -1.827194999999999792e-01 4.650146499999999739e-01
7.521305000000000351e-01 -1.802745000000000042e-01 4.794829250000000043e-01
7.545017500000000821e-01 -1.785269999999999913e-01 4.719106087499999602e-01
7.568300000000001138e-01 -1.766719999999999957e-01 4.643439999999999790e-01
7.420467500000000882e-01 -1.702150000000000052e-01 4.776824499999999807e-01
7.453825000000000589e-01 -1.691412499999999930e-01 4.704824499999999965e-01
7.487052500000000999e-01 -1.679694999999999938e-01 4.632234249999999665e-01
7.347750000000000670e-01 -1.582917500000000088e-01 4.753147999999999818e-01
7.389249000000001066e-01 -1.577324999999999977e-01 4.686189249999999640e-01
7.430965000000000487e-01 -1.570664999999999978e-01 4.618860999999999661e-01
7.302571250000000624e-01 -1.451550000000000062e-01 4.729028124999999916e-01
7.350818500000000366e-01 -1.450774999999999981e-01 4.667631999999999892e-01
7.399497500000000727e-01 -1.449384999999999979e-01 4.606069250000000004e-01
7.282276500000000041e-01 -1.315919999999999868e-01 4.705751524999999824e-01
7.335698750000000379e-01 -1.318379999999999830e-01 4.650596750000000057e-01
7.389754250000000191e-01 -1.320647500000000085e-01 4.595227499999999798e-01
7.269791750000000885e-01 -1.183577499999999838e-01 4.688761249999999769e-01
7.325632000000000810e-01 -1.185299999999999965e-01 4.637515749999999715e-01
7.381050749999999994e-01 -1.186677499999999885e-01 4.586054499999999701e-01
7.242276750000000707e-01 -1.053542499999999826e-01 4.651919999999999944e-01
7.302167999999999992e-01 -1.054822499999999996e-01 4.607050249999999902e-01
7.362134000000000178e-01 -1.056157500000000082e-01 4.561917749999999661e-01
7.223192250000000092e-01 -9.206624999999998837e-02 4.621409499999999948e-01
7.286456500000000336e-01 -9.217449999999999255e-02 4.582719249999999689e-01
7.349893000000000676e-01 -9.228424999999998435e-02 4.543773500000000132e-01
7.216862000000000554e-01 -7.866699999999998694e-02 4.579981750000000074e-01
7.281684250000000080e-01 -7.866799999999998794e-02 4.566463749999999933e-01
7.346756750000000835e-01 -7.864499999999999269e-02 4.533867500000000050e-01
7.203584250000000244e-01 -6.530624999999998237e-02 4.581306749999999872e-01
7.271185000000000009e-01 -6.500249999999999084e-02 4.562259750000000058e-01
7.338910750000000593e-01 -6.470924999999999594e-02 4.535855249999999894e-01
7.190383500000000483e-01 -5.201849999999999530e-02 4.566745749999999715e-01
7.258032500000000109e-01 -5.155524999999999691e-02 4.545601750000000107e-01
7.325813250000000609e-01 -5.108799999999999453e-02 4.524390249999999947e-01
7.175958749999999942e-01 -3.856849999999999168e-02 4.562005499999999825e-01
7.243690000000000406e-01 -3.793950000000000100e-02 4.543605749999999888e-01
7.311512750000001004e-01 -3.731500000000000095e-02 4.525028999999999857e-01
7.165053775000000957e-01 -2.512174999999999825e-02 4.570654249999999696e-01
7.233113250000000605e-01 -2.431474999999999609e-02 4.555713499999999860e-01
7.301220750000000370e-01 -2.350399999999999712e-02 4.540833499999999967e-01
7.153022875000000225e-01 -1.209049999999999014e-02 4.594088249999999651e-01
7.220383250000000919e-01 -1.099899999999999489e-02 4.581957499999999572e-01
7.288209250000000639e-01 -9.894500000000000517e-03 4.570178249999999887e-01
7.132320250000000472e-01 2.962499999999979039e-04 4.629429749999999788e-01
7.198556500000000691e-01 1.874000000000000665e-03 4.619947249999999950e-01
7.265173000000000325e-01 3.443000000000001615e-03 4.611252249999999719e-01
7.110024249999999935e-01 1.214100000000000595e-02 4.676852499999999968e-01
7.176029500000000727e-01 1.413675000000000348e-02 4.670758999999999883e-01
7.241828000000000154e-01 1.610325000000000645e-02 4.666095749999999986e-01
7.085286000000000639e-01 2.359725000000000711e-02 4.744040024999999772e-01
7.152641950000000470e-01 2.539550000000000141e-02 4.738364374999999851e-01
7.219428250000000657e-01 2.709975000000000578e-02 4.734713949999999616e-01
7.052770000000000428e-01 3.563825000000000326e-02 4.784776249999999620e-01
7.129133750000000713e-01 3.744100000000000206e-02 4.778326499999999699e-01
7.203791250000000090e-01 3.904350000000000181e-02 4.775877000000000039e-01
7.025614000000000026e-01 4.869600000000000317e-02 4.788005999999999651e-01
7.115968750000000176e-01 5.030122500000000496e-02 4.778985249999999629e-01
7.202082250000000352e-01 5.141562500000000646e-02 4.777345000000000064e-01
7.001817750000000062e-01 6.102637500000000076e-02 4.759898750000000067e-01
7.119138750000000293e-01 6.271102500000000357e-02 4.744136924999999838e-01
7.230943250000000377e-01 6.360210000000000863e-02 4.741790524999999756e-01
7.007624000000000075e-01 7.304729249999999952e-02 4.717418724999999924e-01
7.125672475000000006e-01 7.176329750000000340e-02 4.718728134999999879e-01
7.250897250000000183e-01 6.947107500000000713e-02 4.712821299999999658e-01
7.054190000000000182e-01 8.364957500000000379e-02 4.721905469999999605e-01
7.144690439999999976e-01 8.273160000000000236e-02 4.718383507499999685e-01
7.244291000000000480e-01 8.174862500000000531e-02 4.706385274999999591e-01
7.093995250000000308e-01 9.502682500000000920e-02 4.722223624999999925e-01
7.171643250000000469e-01 9.479672499999999835e-02 4.718449945000000034e-01
7.246901500000000329e-01 9.451334999999999598e-02 4.708626249999999791e-01
7.116393250000000448e-01 1.070542500000000036e-01 4.719528992500000020e-01
7.184807500000000013e-01 1.068795000000000023e-01 4.715576099999999604e-01
7.253292250000000774e-01 1.069279999999999953e-01 4.710898649999999965e-01
7.132079500000000349e-01 1.191967500000000041e-01 4.726806275000000057e-01
7.196985500000000480e-01 1.193227500000000052e-01 4.720213424999999963e-01
7.261339749999999871e-01 1.195540000000000075e-01 4.714359149999999832e-01
7.142423115000000600e-01 1.316622500000000084e-01 4.728261899999999796e-01
7.205518250000000346e-01 1.319747500000000018e-01 4.717838400000000099e-01
7.268328250000000157e-01 1.323280000000000012e-01 4.707521199999999961e-01
7.146023492499999907e-01 1.442579999999999973e-01 4.732407249999999732e-01
7.206860500000000780e-01 1.446500000000000008e-01 4.717858729999999667e-01
7.267522499999999885e-01 1.450687500000000241e-01 4.703272099999999956e-01
7.149167650000000096e-01 1.570682500000000203e-01 4.740259900000000082e-01
7.207943749999999872e-01 1.574047500000000099e-01 4.720815422499999858e-01
7.266615000000000713e-01 1.577344999999999997e-01 4.701305699999999699e-01
7.153314400000000406e-01 1.699402500000000149e-01 4.750881249999999723e-01
7.209609750000000039e-01 1.701352500000000156e-01 4.726352074999999875e-01
7.265839500000000895e-01 1.703247500000000247e-01 4.701751174999999616e-01
7.161256599999999972e-01 1.828045000000000087e-01 4.763018499999999711e-01
7.214617500000000128e-01 1.828032500000000005e-01 4.733352825000000097e-01
7.267937250000000571e-01 1.827969999999999873e-01 4.703557649999999812e-01
7.172358750000000782e-01 1.954850000000000199e-01 4.776541499999999996e-01
7.222111250000000648e-01 1.952717500000000217e-01 4.742038449999999572e-01
7.271776500000000087e-01 1.950637500000000080e-01 4.707405349999999600e-01
7.185710499999999890e-01 2.081302500000000166e-01 4.791408249999999924e-01
7.231730000000000658e-01 2.077537500000000148e-01 4.751825499999999813e-01
7.277595500000000328e-01 2.073912499999999992e-01 4.712239349999999827e-01
7.202034999999999965e-01 2.201087499999999919e-01 4.799291249999999565e-01
7.243600749999999922e-01 2.196547500000000097e-01 4.756221499999999658e-01
7.285045500000000285e-01 2.192097500000000088e-01 4.713018149999999573e-01
7.214694249999999975e-01 2.324397500000000005e-01 4.811566999999999927e-01
7.251900749999999896e-01 2.317717499999999986e-01 4.764406999999999948e-01
7.289044500000000371e-01 2.311394999999999977e-01 4.717334099999999641e-01
7.231254500000000585e-01 2.439947500000000102e-01 4.809865999999999864e-01
7.264286750000000792e-01 2.432302500000000089e-01 4.760153749999999628e-01
7.297217249999999877e-01 2.424815000000000165e-01 4.710369274999999800e-01
7.240848000000000839e-01 2.557515000000000205e-01 4.817145749999999782e-01
7.270295250000000653e-01 2.547900000000000165e-01 4.765137749999999728e-01
7.299864750000000235e-01 2.538615000000000177e-01 4.712976975000000013e-01
7.247404499999999805e-01 2.669147499999999784e-01 4.812734999999999652e-01
7.273968499999999837e-01 2.659027499999999655e-01 4.758988999999999581e-01
7.300797250000000682e-01 2.649242499999999723e-01 4.705213549999999745e-01
7.236381000000000618e-01 2.777085000000000248e-01 4.804028249999999778e-01
7.261823499999999765e-01 2.767525000000000124e-01 4.748848999999999987e-01
7.287500250000000790e-01 2.758362500000000050e-01 4.693566249999999718e-01
7.241581249999999859e-01 2.881407500000000010e-01 4.805213749999999728e-01
7.265845499999999957e-01 2.874335000000000084e-01 4.748458249999999992e-01
7.290457500000000479e-01 2.867775000000000185e-01 4.691645999999999872e-01
7.224687750000000630e-01 2.983175000000000132e-01 4.803248749999999845e-01
7.247884250000000694e-01 2.979162499999999936e-01 4.744644825000000066e-01
7.271376000000000506e-01 2.975855000000000028e-01 4.686128749999999843e-01
7.222712250000000722e-01 3.084527499999999978e-01 4.808524249999999722e-01
7.245643000000000500e-01 3.084037499999999765e-01 4.748378249999999912e-01
7.268699750000000570e-01 3.084587500000000038e-01 4.688418749999999635e-01
7.195816999999999908e-01 3.183907500000000002e-01 4.812523499999999954e-01
7.217295500000000530e-01 3.186272500000000285e-01 4.750243999999999578e-01
7.237779750000000734e-01 3.190832500000000405e-01 4.688478500000000104e-01
7.138679399999999786e-01 3.289055000000000173e-01 4.821148000000000100e-01
7.157897800000000421e-01 3.293030000000000124e-01 4.757067249999999969e-01
7.174112000000000267e-01 3.301405000000000034e-01 4.693266999999999856e-01
7.047340500000000008e-01 3.414280000000000093e-01 4.831937749999999920e-01
7.063312750000000362e-01 3.418054999999999843e-01 4.766027499999999639e-01
7.074359250000000765e-01 3.431480000000000086e-01 4.699963799999999914e-01
6.923121500000000150e-01 3.565229999999999788e-01 4.844690249999999976e-01
6.934757249999999873e-01 3.580154999999999865e-01 4.776049249999999580e-01
6.941653749999999734e-01 3.591480000000000228e-01 4.706934574999999676e-01
6.776455000000000117e-01 3.640180000000000082e-01 4.860577749999999697e-01
6.782734999999999737e-01 3.657980000000000120e-01 4.786285750000000005e-01
6.784957500000000641e-01 3.667830000000000257e-01 4.711245974999999642e-01
6.625469999999999970e-01 3.644280000000000297e-01 4.879760249999999799e-01
6.628602500000000397e-01 3.664379999999999860e-01 4.796235749999999687e-01
6.627250000000000085e-01 3.672405000000000252e-01 4.711952024999999655e-01
6.487680000000000113e-01 3.588780000000000303e-01 4.905423250000000013e-01
6.491149999999999975e-01 3.608505000000000185e-01 4.806231999999999727e-01
6.484165000000000623e-01 3.617230000000000167e-01 4.707840174999999849e-01
6.376600000000000046e-01 3.507480000000000042e-01 4.943220999999999865e-01
6.380157499999999926e-01 3.528105000000000269e-01 4.819102249999999699e-01
6.370657499999999862e-01 3.538904999999999967e-01 4.704283599999999899e-01
6.312272500000000175e-01 3.418605000000000116e-01 4.943547999999999831e-01
6.295680000000000165e-01 3.432379999999999876e-01 4.821359000000000061e-01
6.284567500000000084e-01 3.438804999999999779e-01 4.707935500000000051e-01
6.273070000000000590e-01 3.337404999999999955e-01 4.909258750000000115e-01
6.259280000000000399e-01 3.349854999999999916e-01 4.816966749999999631e-01
6.246709999999999763e-01 3.353030000000000177e-01 4.727113774999999740e-01
6.260572500000000096e-01 3.232985000000000442e-01 4.881395499999999776e-01
6.246602500000000280e-01 3.241155000000000008e-01 4.804943500000000145e-01
6.234140000000000237e-01 3.245430000000000259e-01 4.728291224999999764e-01
6.265825000000000422e-01 3.130842500000000084e-01 4.860989000000000004e-01
6.250932500000000447e-01 3.133027499999999632e-01 4.793838999999999739e-01
6.237122500000000791e-01 3.133617499999999945e-01 4.726802975000000129e-01
6.300235000000000696e-01 3.034060000000000090e-01 4.842514250000000131e-01
6.284735000000000182e-01 3.029452499999999993e-01 4.779342999999999786e-01
6.269887499999999836e-01 3.024465000000000070e-01 4.715996149999999720e-01
6.350525000000000198e-01 2.942642500000000050e-01 4.829420500000000116e-01
6.336807500000000148e-01 2.932377499999999637e-01 4.767776249999999827e-01
6.323260000000000547e-01 2.922274999999999734e-01 4.706062074999999845e-01
6.394940000000000069e-01 2.845235000000000403e-01 4.827433749999999746e-01
6.381227500000000719e-01 2.829192500000000110e-01 4.767599499999999879e-01
6.367717500000000808e-01 2.813069999999999737e-01 4.707763225000000107e-01
6.452689999999999815e-01 2.752630000000000354e-01 4.833624750000000136e-01
6.438957499999999889e-01 2.731817500000000010e-01 4.775081499999999646e-01
6.425430000000000863e-01 2.710905000000000120e-01 4.716446400000000039e-01
6.523732500000000156e-01 2.666610000000000369e-01 4.836946749999999628e-01
6.510142500000000165e-01 2.643827499999999997e-01 4.781871249999999907e-01
6.496750000000000025e-01 2.620770000000000044e-01 4.726759724999999857e-01
6.606220000000000425e-01 2.589812499999999962e-01 4.839377999999999735e-01
6.592582500000000456e-01 2.564020000000000188e-01 4.783558499999999714e-01
6.578947500000000836e-01 2.537912500000000238e-01 4.727660449999999681e-01
6.686207499999999859e-01 2.510124999999999718e-01 4.851922999999999653e-01
6.673552500000000665e-01 2.481362500000000026e-01 4.799402749999999718e-01
6.660972499999999741e-01 2.452364999999999962e-01 4.746745499999999729e-01
6.774525000000000130e-01 2.439752500000000046e-01 4.862017750000000027e-01
6.761502500000000637e-01 2.407567499999999916e-01 4.811113499999999932e-01
6.748397500000000715e-01 2.375280000000000169e-01 4.760226750000000062e-01
6.871915000000000662e-01 2.378227499999999994e-01 4.872178500000000079e-01
6.859880000000000422e-01 2.341382499999999922e-01 4.823859500000000078e-01
6.847735000000000349e-01 2.304375000000000173e-01 4.775591999999999615e-01
6.975587250000000461e-01 2.328097500000000097e-01 4.879432249999999804e-01
6.962993250000000245e-01 2.287517500000000037e-01 4.835035999999999778e-01
6.950463500000000350e-01 2.246765000000000012e-01 4.790712500000000040e-01
7.085189750000000508e-01 2.287152500000000088e-01 4.881722249999999597e-01
7.072409750000000495e-01 2.242409999999999959e-01 4.841274999999999884e-01
7.059689500000000395e-01 2.197485000000000133e-01 4.800914000000000015e-01
7.198461000000000443e-01 2.254585000000000061e-01 4.879234999999999545e-01
7.185611750000000519e-01 2.206490000000000118e-01 4.843206749999999783e-01
7.172871250000000254e-01 2.158235000000000015e-01 4.807223999999999942e-01
7.313083000000000222e-01 2.228217500000000129e-01 4.873950749999999554e-01
7.300882750000000643e-01 2.176322499999999993e-01 4.841361999999999610e-01
7.288627000000000855e-01 2.124352499999999921e-01 4.808861749999999713e-01
7.428455000000000474e-01 2.206154999999999922e-01 4.866671999999999665e-01
7.417547500000000182e-01 2.151980000000000004e-01 4.838195999999999608e-01
7.406780000000000586e-01 2.097832500000000044e-01 4.809810749999999802e-01
7.544475000000000486e-01 2.189367500000000133e-01 4.857588749999999789e-01
7.535012500000000113e-01 2.132944999999999980e-01 4.832646749999999769e-01
7.525720000000000187e-01 2.076522500000000104e-01 4.807793750000000088e-01
7.661715000000000053e-01 2.179122500000000018e-01 4.847491999999999912e-01
7.653987500000000166e-01 2.120402500000000134e-01 4.825477749999999566e-01
7.646450000000000191e-01 2.061747500000000177e-01 4.803529999999999744e-01
7.778955000000000730e-01 2.173485000000000000e-01 4.836192999999999742e-01
7.772560000000000580e-01 2.112410000000000121e-01 4.816294999999999882e-01
7.766600000000000170e-01 2.051687500000000108e-01 4.796495749999999947e-01
7.895870000000000388e-01 2.169385000000000063e-01 4.823608749999999668e-01
7.889572500000000543e-01 2.106647500000000117e-01 4.805177499999999657e-01
7.883820000000000272e-01 2.044312500000000088e-01 4.786795749999999683e-01
8.013550000000000395e-01 2.165120000000000100e-01 4.810747499999999954e-01
8.006242500000000373e-01 2.100734999999999963e-01 4.793447750000000007e-01
7.999422499999999658e-01 2.036617500000000025e-01 4.776070000000000038e-01
8.130260000000000264e-01 2.161932500000000035e-01 4.795994499999999827e-01
8.121355000000000102e-01 2.095382500000000092e-01 4.779563249999999597e-01
8.112795000000000423e-01 2.028910000000000158e-01 4.762918499999999611e-01
8.245720000000000827e-01 2.160074999999999912e-01 4.773438499999999585e-01
8.234697500000000003e-01 2.090097499999999942e-01 4.758159999999999612e-01
8.223665000000000003e-01 2.019990000000000119e-01 4.742541499999999854e-01
8.361925000000000052e-01 2.156764999999999932e-01 4.760734499999999536e-01
8.348240000000000105e-01 2.080730000000000079e-01 4.745589749999999940e-01
8.333682500000000326e-01 2.004257500000000136e-01 4.729933774999999785e-01
8.477090000000000458e-01 2.157545000000000157e-01 4.760829749999999638e-01
8.462465000000000126e-01 2.069825000000000137e-01 4.744186849999999511e-01
8.445980000000000709e-01 1.981887500000000246e-01 4.726879874999999620e-01
8.587965000000000737e-01 2.157600000000000073e-01 4.771913999999999878e-01
8.577337500000000725e-01 2.057340000000000002e-01 4.753599749999999902e-01
8.565504999999999924e-01 1.957742500000000385e-01 4.734775399999999745e-01
8.689575000000000493e-01 2.176835000000000020e-01 4.796764749999999911e-01
8.682825000000000681e-01 2.051739999999999953e-01 4.774434749999999505e-01
8.673387500000000472e-01 1.934102500000000058e-01 4.752570249999999996e-01
8.782140000000000502e-01 2.170597499999999958e-01 4.813185499999999561e-01
8.777900000000000702e-01 2.046722500000000000e-01 4.794448999999999517e-01
8.773737500000000633e-01 1.923187500000000383e-01 4.776346999999999676e-01
8.896417500000000089e-01 2.144452500000000039e-01 4.821961249999999755e-01
8.893602500000000743e-01 2.044914999999999927e-01 4.807091749999999886e-01
8.889640000000000875e-01 1.944840000000000180e-01 4.792254999999999709e-01
9.013005000000000599e-01 2.129564999999999930e-01 4.832489999999999841e-01
9.010517500000000402e-01 2.041917500000000052e-01 4.819469499999999851e-01
9.007212500000000288e-01 1.953952500000000203e-01 4.806389499999999537e-01
9.234255000000000102e-01 2.035770000000000080e-01 4.842868999999999646e-01
