4.900640000000000551e-01 -7.429349999999998455e-02 4.667722750000000143e-01
5.332577499999999748e-01 -5.720349999999999047e-02 4.689834250000000093e-01
5.346300000000000496e-01 -6.926499999999999324e-02 4.669031499999999890e-01
5.359532500000000477e-01 -8.125599999999999490e-02 4.646654499999999799e-01
5.446762499999999729e-01 -5.603874999999999829e-02 4.693831749999999858e-01
5.461007500000000237e-01 -6.814324999999998855e-02 4.672320500000000099e-01
5.473885000000000556e-01 -7.999324999999998798e-02 4.649323999999999679e-01
5.552272500000000610e-01 -5.543324999999998948e-02 4.702306250000000132e-01
5.572110000000000118e-01 -6.708324999999998317e-02 4.679931499999999689e-01
5.592585000000001028e-01 -7.899775000000000547e-02 4.653709500000000054e-01
5.668180000000000440e-01 -5.502175000000000815e-02 4.719414857500000005e-01
5.684295000000000320e-01 -6.640499999999999181e-02 4.696231324999999845e-01
5.699460000000000637e-01 -7.790900000000000603e-02 4.669611999999999652e-01
5.782827500000000676e-01 -5.417099999999999693e-02 4.729233949999999687e-01
5.795942499999999775e-01 -6.530700000000000394e-02 4.705406099999999703e-01
5.808875000000000011e-01 -7.634499999999999620e-02 4.678898249999999814e-01
5.901395000000000390e-01 -5.299099999999998256e-02 4.728375375000000158e-01
5.907835000000000170e-01 -6.397049999999998571e-02 4.704766599999999910e-01
5.911890000000000756e-01 -7.489175000000000693e-02 4.677514999999999867e-01
6.010390000000001010e-01 -5.081150000000000944e-02 4.722954374999999705e-01
6.020637500000000086e-01 -6.180074999999998764e-02 4.698212075000000043e-01
6.026687500000000863e-01 -7.256850000000000800e-02 4.670141250000000022e-01
6.126310000000000366e-01 -4.864224999999999799e-02 4.713786024999999658e-01
6.132345000000000157e-01 -5.963299999999999157e-02 4.688449000000000089e-01
6.136102500000000237e-01 -7.035249999999998449e-02 4.659939750000000047e-01
6.244270000000000653e-01 -4.723424999999999152e-02 4.713222774999999976e-01
6.243279999999999941e-01 -5.801875000000000782e-02 4.686262250000000074e-01
6.244222500000000675e-01 -6.858875000000000388e-02 4.657111499999999626e-01
6.363847500000000545e-01 -4.658249999999999891e-02 4.709772649999999783e-01
6.357447500000000806e-01 -5.716299999999999160e-02 4.682462749999999896e-01
6.356045000000000167e-01 -6.764024999999998511e-02 4.651910249999999802e-01
6.489650000000000141e-01 -4.707074999999999454e-02 4.712068974999999993e-01
6.478227500000000028e-01 -5.747374999999999012e-02 4.684045749999999897e-01
6.470822500000000810e-01 -6.790899999999999714e-02 4.653088999999999698e-01
6.613985000000000003e-01 -4.832849999999999646e-02 4.721988037500000068e-01
6.599497500000000016e-01 -5.863550000000000706e-02 4.692819500000000033e-01
6.586215000000000819e-01 -6.893625000000000447e-02 4.661488500000000035e-01
6.738057500000000921e-01 -5.092900000000000205e-02 4.738971750000000038e-01
6.718405000000000626e-01 -6.077774999999999150e-02 4.704733449999999872e-01
6.701465000000000893e-01 -7.075249999999999595e-02 4.671907999999999617e-01
6.861712500000000103e-01 -5.375749999999998585e-02 4.749862999999999724e-01
6.837020000000000319e-01 -6.351324999999999332e-02 4.719334682499999878e-01
6.815482500000000776e-01 -7.359274999999998457e-02 4.691118499999999969e-01
6.971344500000000721e-01 -5.621224999999999139e-02 4.753079249999999645e-01
6.952873250000000116e-01 -6.622574999999999990e-02 4.727076725000000090e-01
6.936864000000000363e-01 -7.625999999999999446e-02 4.705848349999999791e-01
7.081435249999999959e-01 -5.803574999999999706e-02 4.763417999999999819e-01
7.067139250000000761e-01 -6.763025000000000286e-02 4.730289274999999738e-01
7.056395250000000452e-01 -7.744675000000000864e-02 4.708984949999999725e-01
7.183029250000000365e-01 -5.844374999999998876e-02 4.768616249999999557e-01
7.178052000000000321e-01 -6.817099999999998161e-02 4.731137950000000036e-01
7.173350000000000559e-01 -7.780124999999998847e-02 4.712755724999999618e-01
7.287624000000000324e-01 -5.914600000000000413e-02 4.775174249999999954e-01
7.288263750000000263e-01 -6.817324999999999080e-02 4.734787074999999845e-01
7.290015250000000391e-01 -7.768125000000000724e-02 4.716173575000000007e-01
7.382996500000000850e-01 -5.856474999999999875e-02 4.764556500000000083e-01
7.394358500000000056e-01 -6.743674999999998976e-02 4.721864817499999978e-01
7.408005000000000839e-01 -7.641624999999999113e-02 4.676082500000000031e-01
7.477902500000001007e-01 -5.742325000000000901e-02 4.769592749999999604e-01
7.496792500000000192e-01 -6.538125000000000187e-02 4.710425599999999990e-01
7.518415000000000514e-01 -7.308349999999999569e-02 4.653350249999999577e-01
7.590105000000000324e-01 -5.537100000000000355e-02 4.785704499999999806e-01
7.605860000000000953e-01 -6.296150000000000357e-02 4.722139209999999809e-01
7.630040000000000155e-01 -6.997799999999998466e-02 4.659093499999999999e-01
7.715870000000000228e-01 -5.292499999999999982e-02 4.793392749999999536e-01
7.729015000000000191e-01 -5.996224999999999472e-02 4.726856150000000034e-01
7.749237500000000223e-01 -6.643124999999999725e-02 4.658669749999999610e-01
7.853577500000000766e-01 -5.146899999999998698e-02 4.797172749999999986e-01
7.859815000000001106e-01 -5.807399999999998674e-02 4.726139099999999704e-01
7.871632500000000920e-01 -6.443124999999999547e-02 4.653928249999999545e-01
7.996870000000000367e-01 -5.266250000000000098e-02 4.802664749999999705e-01
7.990087500000000453e-01 -5.870724999999998861e-02 4.729739324999999717e-01
7.991130000000000733e-01 -6.438949999999998841e-02 4.656692999999999527e-01
8.135912500000000991e-01 -5.679275000000000295e-02 4.799961499999999548e-01
8.114500000000000046e-01 -6.264124999999998167e-02 4.726804399999999795e-01
8.098622500000001168e-01 -6.871274999999998911e-02 4.655644749999999776e-01
8.262617500000000170e-01 -6.365574999999998318e-02 4.790694499999999523e-01
8.226472500000000521e-01 -6.894624999999998671e-02 4.719085080000000043e-01
8.195900000000000407e-01 -7.473949999999998650e-02 4.649566249999999568e-01
8.372500000000000497e-01 -7.205224999999998436e-02 4.786005249999999989e-01
8.324795000000000389e-01 -7.667324999999999835e-02 4.716084749999999715e-01
8.280855000000000299e-01 -8.166575000000000917e-02 4.646907249999999712e-01
8.454407500000000741e-01 -8.239849999999998564e-02 4.788682249999999807e-01
8.397032500000000121e-01 -8.596124999999998906e-02 4.719245937499999544e-01
8.342587500000000489e-01 -9.014449999999998853e-02 4.647036999999999973e-01
8.492730000000000556e-01 -9.308074999999998989e-02 4.813391749999999525e-01
8.432355000000000267e-01 -9.592624999999999069e-02 4.738032999999999828e-01
8.371440000000001103e-01 -9.929674999999998919e-02 4.659018249999999917e-01
8.468390000000000084e-01 -1.020965000000000067e-01 4.867837250000000004e-01
8.412065000000000792e-01 -1.040234999999999910e-01 4.784037749999999756e-01
8.345237500000000086e-01 -1.064090000000000036e-01 4.695487399999999645e-01
8.458177500000000348e-01 -1.122792499999999971e-01 4.907060500000000047e-01
8.400210000000000177e-01 -1.132412499999999878e-01 4.814821999999999713e-01
8.312757500000000910e-01 -1.143974999999999853e-01 4.701014624999999558e-01
8.448245000000000893e-01 -1.205222499999999974e-01 4.931160249999999579e-01
8.394829999999999792e-01 -1.234979999999999967e-01 4.843840999999999841e-01
8.307760000000000700e-01 -1.258340000000000014e-01 4.737612149999999578e-01
8.468395000000000783e-01 -1.303914999999999935e-01 4.937391499999999600e-01
8.412262500000000642e-01 -1.315224999999999866e-01 4.851726249999999685e-01
8.349417500000000381e-01 -1.338060000000000083e-01 4.758825250000000007e-01
8.502705000000000402e-01 -1.426425000000000054e-01 4.909870249999999658e-01
8.451400000000000023e-01 -1.427972499999999867e-01 4.824106499999999964e-01
8.402825000000000433e-01 -1.435950000000000004e-01 4.738563674999999864e-01
8.501870000000000260e-01 -1.562725000000000086e-01 4.886854249999999511e-01
8.460625000000000506e-01 -1.545902499999999846e-01 4.805187249999999799e-01
8.419145000000001211e-01 -1.535890000000000033e-01 4.723643624999999679e-01
8.453195000000000014e-01 -1.686157500000000087e-01 4.869749749999999766e-01
8.423082500000000916e-01 -1.656812500000000021e-01 4.790950999999999960e-01
8.389005000000000489e-01 -1.631874999999999853e-01 4.712826624999999492e-01
8.359925000000000272e-01 -1.776444999999999830e-01 4.860994499999999885e-01
8.340765000000001095e-01 -1.740440000000000043e-01 4.784149999999999792e-01
8.316125000000000878e-01 -1.707272499999999971e-01 4.708453374999999608e-01
8.236530000000000795e-01 -1.821669999999999678e-01 4.857920249999999607e-01
8.228657500000000624e-01 -1.783119999999999705e-01 4.782150000000000012e-01
8.216635000000001021e-01 -1.744654999999999956e-01 4.707880975000000023e-01
8.104642500000001082e-01 -1.812920000000000087e-01 4.862301749999999867e-01
8.106752500000000694e-01 -1.775769999999999849e-01 4.787510749999999704e-01
8.107062500000000727e-01 -1.737044999999999839e-01 4.714057425000000023e-01
7.983412500000000023e-01 -1.758812499999999890e-01 4.872971249999999976e-01
7.992750000000000687e-01 -1.724172499999999941e-01 4.798607500000000026e-01
8.001912500000000206e-01 -1.687802499999999928e-01 4.725414699999999635e-01
7.877887500000000376e-01 -1.671189999999999898e-01 4.888258999999999799e-01
7.896375000000001032e-01 -1.642944999999999822e-01 4.813727749999999750e-01
7.914832500000000826e-01 -1.612717499999999915e-01 4.739111124999999536e-01
7.750290000000000790e-01 -1.617105000000000070e-01 4.862112249999999691e-01
7.782730000000001036e-01 -1.594447499999999962e-01 4.792645999999999851e-01
7.813975000000000781e-01 -1.571710000000000051e-01 4.721932544999999926e-01
7.640050000000000452e-01 -1.542395000000000016e-01 4.827762250000000033e-01
7.682910000000000572e-01 -1.522209999999999952e-01 4.764619499999999674e-01
7.724800000000000555e-01 -1.501564999999999983e-01 4.700320049999999750e-01
7.553455000000000030e-01 -1.443957499999999894e-01 4.790061250000000048e-01
7.605200000000000848e-01 -1.426967499999999833e-01 4.734903624999999838e-01
7.656242500000000062e-01 -1.408622499999999944e-01 4.678163249999999773e-01
7.493297500000000166e-01 -1.353999999999999926e-01 4.764716749999999834e-01
7.543497500000000411e-01 -1.333862499999999840e-01 4.711218600000000034e-01
7.593307500000000543e-01 -1.313037499999999969e-01 4.656921749999999860e-01
7.430842500000001127e-01 -1.262307500000000027e-01 4.746618249999999817e-01
7.479280000000000372e-01 -1.238670000000000049e-01 4.694527000000000005e-01
7.526975000000000193e-01 -1.214377499999999832e-01 4.642582749999999980e-01
7.369884500000000171e-01 -1.161500000000000032e-01 4.744776549999999982e-01
7.419827500000000242e-01 -1.133615000000000039e-01 4.696359399999999740e-01
7.469807500000000822e-01 -1.107444999999999957e-01 4.648510499999999879e-01
7.310318749999999977e-01 -1.033592499999999859e-01 4.734961149999999952e-01
7.366721000000000519e-01 -1.011052500000000076e-01 4.691927499999999918e-01
7.423587500000000672e-01 -9.898275000000000823e-02 4.649778749999999850e-01
7.277355500000000088e-01 -8.866525000000000101e-02 4.699399400000000004e-01
7.331933250000000069e-01 -8.770049999999998680e-02 4.683710499999999555e-01
7.397635000000000183e-01 -8.631199999999999983e-02 4.660397249999999603e-01
7.254528500000000379e-01 -7.471674999999999844e-02 4.703259924999999564e-01
7.312495000000001077e-01 -7.430724999999999136e-02 4.695503374999999702e-01
7.380862750000000139e-01 -7.310574999999999712e-02 4.682829749999999902e-01
7.230625000000000524e-01 -6.144050000000000900e-02 4.730471024999999829e-01
7.297938500000000772e-01 -6.072474999999999401e-02 4.716226275000000023e-01
7.364472000000000795e-01 -5.985250000000000292e-02 4.692649249999999994e-01
7.217000250000000783e-01 -4.784424999999999095e-02 4.742636399999999863e-01
7.283671250000000041e-01 -4.710599999999999510e-02 4.721543342499999740e-01
7.350299750000000021e-01 -4.632449999999999068e-02 4.700359974999999690e-01
7.201358250000000627e-01 -3.450249999999999151e-02 4.727642899999999759e-01
7.268250500000000835e-01 -3.360099999999999199e-02 4.709598849999999670e-01
7.334809500000000204e-01 -3.268899999999999584e-02 4.691690249999999618e-01
7.183903750000000255e-01 -2.303174999999998973e-02 4.701752999999999627e-01
7.250650000000000706e-01 -2.204824999999999147e-02 4.685441750000000072e-01
7.317601750000000127e-01 -2.115174999999999694e-02 4.668684999999999641e-01
7.164669399999999966e-01 -1.132174999999999154e-02 4.681402000000000063e-01
7.230350750000000826e-01 -1.011800000000000199e-02 4.664611750000000057e-01
7.296581000000000872e-01 -9.093499999999990480e-03 4.648219999999999574e-01
7.148317425000000336e-01 2.892500000000047811e-04 4.682047749999999620e-01
7.213960500000000664e-01 1.727500000000006808e-03 4.665247999999999617e-01
7.280334250000000118e-01 2.899999999999999800e-03 4.649596749999999612e-01
7.127510975000000970e-01 1.372875000000000484e-02 4.704852999999999952e-01
7.194049750000000021e-01 1.511075000000000612e-02 4.687956249999999936e-01
7.260691500000000520e-01 1.621350000000000569e-02 4.672754999999999548e-01
7.108302250000000377e-01 2.632475000000000787e-02 4.752906000000000075e-01
7.183036000000000421e-01 2.777725000000000333e-02 4.733052574999999651e-01
7.256505250000000462e-01 2.907150000000000706e-02 4.717350100000000102e-01
7.083509250000000756e-01 3.995900000000000146e-02 4.768686249999999904e-01
7.170870249999999890e-01 4.140950000000000186e-02 4.743550549999999699e-01
7.254881499999999983e-01 4.258525000000000504e-02 4.725105649999999935e-01
7.050766750000000416e-01 5.281027500000000374e-02 4.759912749999999915e-01
7.162286724999999965e-01 5.489692500000000613e-02 4.723895174999999669e-01
7.271555000000000657e-01 5.613339999999999996e-02 4.702510474999999635e-01
7.046035999999999966e-01 6.561327499999999868e-02 4.738926800000000106e-01
7.160190575000000557e-01 6.464575000000000182e-02 4.707205824999999844e-01
7.281209000000000708e-01 6.285670000000000146e-02 4.677431749999999555e-01
7.088063500000000294e-01 7.693317500000000642e-02 4.736186049999999703e-01
7.175551500000000305e-01 7.605395500000000641e-02 4.712429549999999634e-01
7.269073750000000222e-01 7.579441500000000387e-02 4.685397749999999917e-01
7.121371725000000819e-01 8.858960000000000445e-02 4.725079799999999941e-01
7.195881000000000638e-01 8.811787500000001216e-02 4.704689499999999969e-01
7.267259500000000649e-01 8.803372500000000711e-02 4.683667249999999838e-01
7.141742775000000654e-01 1.008745000000000058e-01 4.708549624999999739e-01
7.206913500000000639e-01 1.000940000000000024e-01 4.690865999999999647e-01
7.272357750000000287e-01 9.964000000000000634e-02 4.672544499999999879e-01
7.166586925000000274e-01 1.131077500000000069e-01 4.699656849999999664e-01
7.229235000000000522e-01 1.122589999999999977e-01 4.683129999999999793e-01
7.291100000000000358e-01 1.114775000000000071e-01 4.666389249999999822e-01
7.200112000000000734e-01 1.255614999999999926e-01 4.695513474999999937e-01
7.260792249999999948e-01 1.243355000000000016e-01 4.678766999999999787e-01
7.321402500000000479e-01 1.232292500000000124e-01 4.662107249999999925e-01
7.235487250000000037e-01 1.376539999999999986e-01 4.693710749999999710e-01
7.294510750000000598e-01 1.361322500000000102e-01 4.676439000000000012e-01
7.353657000000000110e-01 1.347507500000000025e-01 4.659162000000000026e-01
7.277365749999999966e-01 1.480184999999999973e-01 4.684996499999999897e-01
7.334872250000000760e-01 1.463869999999999894e-01 4.671190249999999655e-01
7.393203999999999887e-01 1.449300000000000033e-01 4.656951249999999876e-01
7.317567500000000669e-01 1.562534999999999896e-01 4.645946499999999979e-01
7.366768250000000906e-01 1.554250000000000076e-01 4.657000249999999619e-01
7.424197500000000449e-01 1.549597500000000072e-01 4.642174499999999759e-01
7.328812749999999987e-01 1.646610000000000018e-01 4.673411249999999684e-01
7.380771750000000297e-01 1.651600000000000013e-01 4.672877249999999871e-01
7.436977500000000463e-01 1.659539999999999904e-01 4.657083999999999668e-01
7.327901250000000699e-01 1.751715000000000078e-01 4.698500924999999828e-01
7.372707000000000566e-01 1.756495000000000140e-01 4.696310274999999645e-01
7.422775000000000345e-01 1.769447499999999840e-01 4.698522249999999567e-01
7.332518500000000383e-01 1.850735000000000019e-01 4.793537250000000083e-01
7.357028500000000193e-01 1.833542499999999964e-01 4.789551999999999699e-01
7.408080000000000220e-01 1.860195000000000043e-01 4.780346749999999645e-01
7.296209500000000459e-01 1.870705000000000007e-01 4.875815499999999747e-01
7.336212250000000434e-01 1.890270000000000006e-01 4.871831749999999683e-01
7.383992249999999924e-01 1.925235000000000141e-01 4.869250999999999996e-01
7.261444249999999823e-01 1.873912500000000092e-01 4.967518750000000094e-01
7.305393000000000026e-01 1.914087500000000164e-01 4.971712500000000090e-01
7.349446000000000589e-01 1.953502500000000031e-01 4.975609999999999755e-01
7.240690250000000328e-01 1.880687500000000068e-01 5.062354999999999494e-01
7.281109250000000754e-01 1.924040000000000195e-01 5.072599999999999332e-01
7.321309750000000172e-01 1.966725000000000001e-01 5.082740000000000036e-01
7.206639249999999830e-01 1.871007500000000101e-01 5.166275000000000173e-01
7.246829250000000888e-01 1.914892499999999997e-01 5.176174999999999526e-01
7.287158750000000129e-01 1.958467500000000139e-01 5.186499999999999444e-01
7.183005749999999967e-01 1.857210000000000250e-01 5.266075000000000061e-01
7.221909000000000800e-01 1.901732500000000159e-01 5.278287499999999577e-01
7.261159249999999954e-01 1.945915000000000006e-01 5.290825000000000111e-01
7.166316550000000341e-01 1.824772500000000075e-01 5.360797499999999660e-01
7.204306249999999912e-01 1.869567500000000049e-01 5.377172500000000355e-01
7.242634250000000717e-01 1.914147500000000224e-01 5.393852500000000383e-01
7.140813275000000848e-01 1.793700000000000017e-01 5.449157500000000320e-01
7.176886749999999981e-01 1.838447500000000012e-01 5.471127499999999255e-01
7.213153500000000218e-01 1.883097499999999980e-01 5.493487499999999413e-01
7.087115750000000380e-01 1.774295000000000178e-01 5.525517500000000082e-01
7.119923599999999908e-01 1.819300000000000084e-01 5.554014999999999924e-01
7.152757525000000838e-01 1.864149999999999974e-01 5.582715000000000316e-01
7.020119750000000103e-01 1.764625000000000221e-01 5.590907499999999697e-01
7.048884750000000698e-01 1.810289999999999955e-01 5.624974999999999836e-01
7.077061250000000747e-01 1.855727500000000085e-01 5.659612499999999713e-01
6.933504249999999924e-01 1.766522500000000107e-01 5.628404999999999658e-01
6.955409500000000467e-01 1.814155000000000073e-01 5.667522499999999575e-01
6.974949750000000170e-01 1.861265000000000003e-01 5.707487500000000269e-01
6.836440000000000294e-01 1.735022500000000245e-01 5.672492499999999271e-01
6.851412500000000350e-01 1.782219999999999915e-01 5.716875000000000151e-01
6.861632500000000023e-01 1.827890000000000070e-01 5.762920000000000265e-01
6.721707500000000390e-01 1.666557499999999914e-01 5.721882499999999538e-01
6.730595000000000327e-01 1.712227500000000069e-01 5.771797499999999914e-01
6.730792500000000178e-01 1.757245000000000057e-01 5.823012499999999925e-01
6.553280000000000216e-01 1.614747500000000002e-01 5.740935000000000343e-01
6.550412500000000193e-01 1.662430000000000019e-01 5.794334999999999347e-01
6.541560000000000707e-01 1.707867499999999872e-01 5.846652500000000252e-01
6.430342500000000294e-01 1.654607499999999898e-01 5.654175000000000173e-01
6.425637500000001001e-01 1.707172499999999871e-01 5.709069999999999423e-01
6.413490000000000579e-01 1.759247500000000186e-01 5.762927500000000203e-01
6.377132500000000093e-01 1.723040000000000127e-01 5.529927500000000329e-01
6.372385000000000410e-01 1.783925000000000094e-01 5.588892500000000041e-01
6.359865000000000101e-01 1.844272499999999870e-01 5.647617499999999513e-01
6.297095000000000331e-01 1.787465000000000026e-01 5.418792500000000345e-01
6.294237500000000596e-01 1.857202500000000034e-01 5.490757499999999736e-01
6.282017500000000032e-01 1.931402500000000133e-01 5.555322499999999497e-01
6.252062500000000744e-01 1.840102499999999863e-01 5.299402500000000016e-01
6.249934999999999796e-01 1.927785000000000193e-01 5.387625000000000330e-01
6.238845000000000640e-01 2.016897500000000010e-01 5.460172500000000095e-01
6.249857500000000066e-01 1.902645000000000031e-01 5.216965000000000074e-01
6.236785000000000245e-01 2.003452500000000025e-01 5.288564999999999516e-01
6.226005000000000011e-01 2.095422500000000132e-01 5.354782499999999335e-01
6.261349999999999971e-01 1.981539999999999968e-01 5.167469999999999564e-01
6.253077500000000510e-01 2.057700000000000085e-01 5.221884999999999444e-01
6.246240000000000681e-01 2.135007500000000169e-01 5.267997500000000111e-01
6.252152500000000002e-01 2.051825000000000176e-01 5.091592499999999522e-01
6.246369999999999978e-01 2.118355000000000099e-01 5.131510000000000238e-01
6.240910000000000624e-01 2.186135000000000161e-01 5.168732499999999508e-01
6.258409999999999807e-01 2.107982499999999926e-01 5.012602499999999628e-01
6.254420000000000535e-01 2.170615000000000183e-01 5.039264999999999439e-01
6.250912499999999872e-01 2.233872500000000094e-01 5.063900000000000068e-01
6.294217500000000021e-01 2.146872499999999961e-01 4.933370499999999992e-01
6.294969999999999732e-01 2.209707499999999936e-01 4.948161500000000101e-01
6.296240000000000725e-01 2.272820000000000118e-01 4.961572750000000087e-01
6.350547500000000012e-01 2.168852500000000016e-01 4.855523749999999805e-01
6.356410000000000116e-01 2.231375000000000164e-01 4.862604749999999698e-01
6.362075000000000369e-01 2.294259999999999911e-01 4.869823249999999937e-01
6.418682500000000291e-01 2.171095000000000108e-01 4.787699249999999851e-01
6.432685000000000208e-01 2.232290000000000108e-01 4.785006250000000128e-01
6.447410000000000085e-01 2.293322500000000153e-01 4.782012499999999666e-01
6.496217499999999978e-01 2.148390000000000022e-01 4.731172299999999997e-01
6.517922500000000730e-01 2.206714999999999927e-01 4.720504547500000148e-01
6.540135000000000254e-01 2.264869999999999939e-01 4.709777049999999687e-01
6.584260000000000668e-01 2.111905000000000032e-01 4.692967749999999993e-01
6.609857500000000385e-01 2.164874999999999994e-01 4.677708499999999603e-01
6.635982500000000561e-01 2.217522500000000119e-01 4.662455999999999823e-01
6.677662500000000056e-01 2.063959999999999961e-01 4.674283499999999925e-01
6.707220000000000404e-01 2.115812499999999985e-01 4.655379749999999928e-01
6.737020000000000231e-01 2.167540000000000022e-01 4.636469749999999612e-01
6.772210000000000729e-01 2.008155000000000079e-01 4.669027499999999775e-01
6.803784999999999972e-01 2.055317500000000130e-01 4.647088749999999657e-01
6.835572500000000051e-01 2.102445000000000008e-01 4.625045499999999588e-01
6.868237500000000662e-01 1.950572500000000153e-01 4.676829750000000008e-01
6.899713000000000651e-01 1.996232500000000021e-01 4.650655249999999796e-01
6.931226999999999805e-01 2.041610000000000091e-01 4.624431749999999841e-01
6.969026999999999861e-01 1.891415000000000179e-01 4.689001999999999892e-01
6.999293250000000466e-01 1.935514999999999874e-01 4.658120000000000038e-01
7.030125000000000401e-01 1.979120000000000046e-01 4.627401250000000021e-01
7.070279750000000307e-01 1.840050000000000019e-01 4.706941074999999586e-01
7.096849250000000220e-01 1.881180000000000074e-01 4.671172499999999839e-01
7.124381900000000822e-01 1.922617500000000090e-01 4.636124500000000093e-01
7.177616749999999879e-01 1.792360000000000064e-01 4.727317574999999605e-01
7.198204750000000152e-01 1.831720000000000015e-01 4.685680249999999991e-01
7.221261500000000222e-01 1.870157500000000084e-01 4.645632999999999568e-01
7.286345000000000738e-01 1.754412499999999930e-01 4.744354149999999715e-01
7.299120000000000053e-01 1.764007499999999951e-01 4.708963150000000097e-01
7.305052750000000650e-01 1.748109999999999942e-01 4.699406374999999803e-01
7.400562500000000821e-01 1.719817499999999888e-01 4.753374499999999947e-01
7.411115000000000341e-01 1.749382500000000173e-01 4.706769874999999770e-01
7.426315000000000000e-01 1.750730000000000064e-01 4.691610250000000093e-01
7.516365000000000407e-01 1.698307500000000025e-01 4.755200499999999719e-01
7.522777500000000783e-01 1.728132500000000016e-01 4.702189374999999893e-01
7.525802500000000617e-01 1.749567499999999942e-01 4.655176500000000051e-01
7.632615000000000371e-01 1.687144999999999895e-01 4.756576750000000020e-01
7.635247500000000853e-01 1.712942500000000090e-01 4.700478149999999800e-01
7.638525000000000453e-01 1.738485000000000169e-01 4.644245249999999769e-01
7.749927500000000080e-01 1.684027499999999899e-01 4.759875000000000078e-01
7.750742500000000756e-01 1.706750000000000211e-01 4.701576199999999983e-01
7.751250000000000639e-01 1.729670000000000096e-01 4.643342999999999776e-01
7.866755000000000830e-01 1.690380000000000216e-01 4.765738999999999947e-01
7.867285000000000528e-01 1.711192500000000005e-01 4.704872075000000042e-01
7.867770000000000596e-01 1.731997499999999857e-01 4.644453249999999644e-01
7.983447500000000474e-01 1.705309999999999881e-01 4.771429499999999546e-01
7.980949999999999989e-01 1.727342500000000058e-01 4.710050100000000017e-01
7.979077500000000267e-01 1.749277499999999930e-01 4.648910499999999724e-01
8.101147499999999946e-01 1.708692500000000003e-01 4.768815249999999728e-01
8.096635000000000915e-01 1.731119999999999881e-01 4.706022049999999957e-01
8.092475000000000085e-01 1.753447499999999937e-01 4.643317249999999730e-01
8.219790000000000152e-01 1.721307499999999990e-01 4.771373749999999747e-01
8.214552500000000812e-01 1.744327500000000253e-01 4.706623699999999966e-01
8.209715000000000762e-01 1.767314999999999858e-01 4.641731749999999934e-01
8.336227500000000790e-01 1.747302500000000314e-01 4.779237499999999805e-01
8.329707500000000930e-01 1.771175000000000388e-01 4.711340549999999960e-01
8.323382500000000572e-01 1.794962500000000238e-01 4.643176999999999999e-01
8.449360000000000204e-01 1.787200000000000177e-01 4.794484249999999559e-01
8.440192500000001097e-01 1.812372500000000164e-01 4.720581674999999588e-01
8.431305000000000049e-01 1.837460000000000204e-01 4.646179500000000018e-01
8.552095000000000669e-01 1.828987499999999988e-01 4.814762749999999536e-01
8.540155000000000385e-01 1.857312500000000144e-01 4.729801624999999676e-01
8.527332499999999982e-01 1.884862500000000218e-01 4.644142249999999583e-01
8.645977500000000537e-01 1.880197500000000133e-01 4.837788499999999825e-01
8.635787500000000616e-01 1.914387500000000186e-01 4.741757149999999976e-01
8.624920000000000364e-01 1.947397500000000170e-01 4.646023499999999973e-01
8.738715000000000233e-01 1.913897500000000251e-01 4.872988499999999501e-01
8.729847500000000871e-01 1.958212500000000023e-01 4.753968999999999556e-01
8.719177500000000469e-01 1.998135000000000050e-01 4.641536999999999469e-01
8.823000000000000842e-01 1.954810000000000159e-01 4.881964749999999631e-01
8.816077500000000233e-01 1.996467500000000117e-01 4.763943249999999519e-01
8.809675000000000145e-01 2.037017500000000148e-01 4.646414999999999851e-01
8.920522500000001020e-01 2.018485000000000140e-01 4.876340999999999593e-01
8.915242500000000181e-01 2.051854999999999929e-01 4.781508749999999752e-01
8.908599999999999852e-01 2.084160000000000179e-01 4.685890249999999924e-01
9.020890000000000297e-01 2.079890000000000072e-01 4.881378749999999989e-01
9.016042500000001070e-01 2.109040000000000081e-01 4.797851999999999673e-01
9.010450000000000959e-01 2.137705000000000022e-01 4.713818049999999871e-01
9.209642500000000398e-01 2.219347500000000140e-01 4.828670999999999935e-01
