4.953655000000000141e-01 -5.084375000000000699e-02 4.627548000000000217e-01
5.390407500000000685e-01 -3.490425000000001166e-02 4.655503500000000017e-01
5.398892500000000982e-01 -4.728225000000001177e-02 4.669399249999999779e-01
5.407122500000000054e-01 -5.966749999999998444e-02 4.683240000000000181e-01
5.502355000000000995e-01 -3.358750000000000624e-02 4.666695499999999885e-01
5.512152500000000455e-01 -4.625900000000000845e-02 4.681147499999999684e-01
5.519082500000001001e-01 -5.881849999999999579e-02 4.694920524999999789e-01
5.612137500000000667e-01 -3.273300000000001209e-02 4.675681500000000157e-01
5.617097500000000077e-01 -4.505200000000000871e-02 4.691406000000000187e-01
5.623567500000000718e-01 -5.779499999999998527e-02 4.701152925000000038e-01
5.720857500000000595e-01 -3.238025000000001319e-02 4.695680500000000146e-01
5.720235000000000181e-01 -4.419300000000001005e-02 4.709884025000000141e-01
5.723055000000000225e-01 -5.630499999999999394e-02 4.718521195000000001e-01
5.832832500000000309e-01 -3.242925000000000668e-02 4.698664575000000010e-01
5.823910000000001030e-01 -4.391275000000001427e-02 4.712050050000000101e-01
5.820762500000000728e-01 -5.559200000000000252e-02 4.720180787500000141e-01
5.961267500000000386e-01 -3.479275000000001117e-02 4.690403499999999948e-01
5.937335000000000251e-01 -4.572700000000000375e-02 4.703936449999999714e-01
5.919180000000000552e-01 -5.696724999999999706e-02 4.712691874999999642e-01
6.076417499999999805e-01 -3.780424999999999758e-02 4.675920499999999813e-01
6.047857500000000108e-01 -4.880274999999999197e-02 4.689213749999999736e-01
6.026630000000000598e-01 -6.005349999999998190e-02 4.697644924999999638e-01
6.195890000000000564e-01 -4.133099999999999274e-02 4.663084000000000118e-01
6.164032500000000692e-01 -5.256824999999998305e-02 4.676046500000000106e-01
6.140245000000000841e-01 -6.385825000000000529e-02 4.684132500000000032e-01
6.300192500000000306e-01 -4.396424999999999639e-02 4.653446749999999854e-01
6.269115000000000659e-01 -5.477399999999998936e-02 4.664693749999999639e-01
6.241910000000000514e-01 -6.564124999999998433e-02 4.672890749999999982e-01
6.404257500000000158e-01 -4.660374999999999934e-02 4.660068749999999871e-01
6.371107500000000590e-01 -5.709724999999998829e-02 4.667914750000000113e-01
6.334327500000000999e-01 -6.770024999999998960e-02 4.675660999999999845e-01
6.516930000000000778e-01 -4.920524999999999205e-02 4.674671999999999716e-01
6.478892500000000831e-01 -5.956624999999998726e-02 4.681460749999999948e-01
6.435217500000001145e-01 -7.006024999999999059e-02 4.687956749999999673e-01
6.648480000000001056e-01 -5.077624999999999500e-02 4.689254250000000068e-01
6.623365000000001057e-01 -6.126449999999999951e-02 4.696859749999999778e-01
6.592735000000000678e-01 -7.176574999999998927e-02 4.704156674999999677e-01
6.786882499999999929e-01 -5.067199999999999482e-02 4.706304699999999674e-01
6.779917500000000041e-01 -6.147974999999999968e-02 4.711114774999999866e-01
6.769462500000000826e-01 -7.198974999999999125e-02 4.718655652500000075e-01
6.934628250000000049e-01 -4.912774999999999781e-02 4.724266074999999843e-01
6.934976999999999947e-01 -6.002649999999998265e-02 4.727434424999999996e-01
6.933601000000000347e-01 -7.058875000000000566e-02 4.729559649999999782e-01
7.100705500000000781e-01 -4.797999999999999488e-02 4.733164950000000037e-01
7.093450250000000734e-01 -5.876049999999999329e-02 4.734783424999999824e-01
7.086675500000000349e-01 -6.956149999999999833e-02 4.736295899999999892e-01
7.221118499999999996e-01 -4.808400000000000174e-02 4.741346899999999698e-01
7.223519750000000350e-01 -5.841649999999998233e-02 4.740919200000000000e-01
7.224688750000000104e-01 -6.862825000000000175e-02 4.736219875000000079e-01
7.334691250000000551e-01 -4.717749999999999722e-02 4.742114699999999683e-01
7.349661750000000549e-01 -5.738350000000000395e-02 4.734591449999999702e-01
7.362751000000000712e-01 -6.752400000000000069e-02 4.727288699999999677e-01
7.463237500000000635e-01 -4.535449999999999204e-02 4.736949024999999591e-01
7.474092500000000250e-01 -5.518750000000000044e-02 4.727239699999999933e-01
7.487507500000000205e-01 -6.514074999999999727e-02 4.716610450000000010e-01
7.587725000000000719e-01 -4.388449999999999296e-02 4.726998124999999829e-01
7.595622500000001054e-01 -5.369750000000000911e-02 4.712528174999999764e-01
7.605877500000000069e-01 -6.349949999999998651e-02 4.697035499999999697e-01
7.706210000000000004e-01 -4.260699999999999210e-02 4.715481649999999636e-01
7.712822500000000581e-01 -5.245274999999999244e-02 4.696025099999999730e-01
7.719185000000000629e-01 -6.216700000000000004e-02 4.675385499999999972e-01
7.831632500000000885e-01 -4.246824999999999906e-02 4.702681950000000000e-01
7.827520000000001144e-01 -5.210799999999998766e-02 4.681699249999999868e-01
7.827835000000000765e-01 -6.148799999999998711e-02 4.658827499999999566e-01
7.957359999999999989e-01 -4.296124999999999250e-02 4.694195749999999778e-01
7.949392500000000972e-01 -5.244949999999998225e-02 4.669128249999999758e-01
7.936952500000000743e-01 -6.163399999999999435e-02 4.646946249999999723e-01
8.079645000000000854e-01 -4.499099999999998933e-02 4.694538749999999649e-01
8.060337500000001043e-01 -5.417025000000000312e-02 4.668678499999999731e-01
8.036682500000000839e-01 -6.325800000000000867e-02 4.645007749999999769e-01
8.198387500000000605e-01 -4.812974999999999892e-02 4.701279699999999506e-01
8.167525000000001034e-01 -5.678800000000000514e-02 4.673739749999999971e-01
8.136615000000000375e-01 -6.550249999999999129e-02 4.648085249999999724e-01
8.311505000000000143e-01 -5.320099999999999829e-02 4.710559299999999561e-01
8.267652500000000071e-01 -6.109649999999999803e-02 4.680321249999999655e-01
8.224472500000000741e-01 -6.902600000000000402e-02 4.652409999999999601e-01
8.419812500000000144e-01 -6.046224999999999516e-02 4.726183924999999841e-01
8.362167500000000642e-01 -6.718799999999999772e-02 4.692100499999999896e-01
8.308075000000000321e-01 -7.413074999999999526e-02 4.661525749999999579e-01
8.510195000000000398e-01 -6.987799999999999567e-02 4.746909249999999858e-01
8.439550000000000107e-01 -7.495099999999998985e-02 4.707958574999999701e-01
8.374087500000000350e-01 -8.046575000000000255e-02 4.672796749999999499e-01
8.561522500000000591e-01 -8.024100000000000676e-02 4.763535249999999999e-01
8.485115000000000851e-01 -8.373374999999999568e-02 4.721660599999999985e-01
8.412315000000000209e-01 -8.777999999999999692e-02 4.680430999999999897e-01
8.582825000000000593e-01 -9.312024999999998776e-02 4.802846749999999942e-01
8.504869999999999930e-01 -9.418550000000000533e-02 4.749307749999999717e-01
8.426040000000000196e-01 -9.608500000000000374e-02 4.695698849999999647e-01
8.557472500000000704e-01 -1.046562500000000062e-01 4.864334749999999485e-01
8.484020000000001005e-01 -1.033372499999999916e-01 4.795987499999999626e-01
8.405875000000000430e-01 -1.028357500000000035e-01 4.722576849999999826e-01
8.504822499999999952e-01 -1.165252499999999969e-01 4.890209249999999952e-01
8.432370000000000143e-01 -1.131270000000000053e-01 4.807970249999999890e-01
8.351582500000001019e-01 -1.095747499999999985e-01 4.712913099999999633e-01
8.434680000000001066e-01 -1.253549999999999942e-01 4.905460249999999967e-01
8.355587500000000167e-01 -1.228852500000000014e-01 4.823414249999999903e-01
8.277407500000000251e-01 -1.186214999999999908e-01 4.728203724999999746e-01
8.367587499999999956e-01 -1.354390000000000038e-01 4.892010499999999706e-01
8.300895000000000357e-01 -1.318344999999999934e-01 4.815072249999999832e-01
8.235545000000000782e-01 -1.276287499999999853e-01 4.736685799999999502e-01
8.281875000000000764e-01 -1.454119999999999857e-01 4.883120749999999566e-01
8.230947500000000971e-01 -1.412904999999999855e-01 4.807551249999999499e-01
8.181380000000000319e-01 -1.370675000000000088e-01 4.733144524999999825e-01
8.160460000000000491e-01 -1.523764999999999981e-01 4.883123749999999652e-01
8.134965000000000668e-01 -1.477040000000000020e-01 4.807280250000000033e-01
8.107100000000000417e-01 -1.430072500000000024e-01 4.733095174999999988e-01
8.035132500000000677e-01 -1.537179999999999935e-01 4.879827249999999506e-01
8.031322500000001030e-01 -1.488354999999999817e-01 4.809078999999999993e-01
8.017900000000000027e-01 -1.441534999999999900e-01 4.737095124999999851e-01
7.916030000000000566e-01 -1.560394999999999976e-01 4.862204249999999561e-01
7.918225000000000957e-01 -1.509237499999999954e-01 4.792791999999999608e-01
7.914990000000000636e-01 -1.459862499999999841e-01 4.722326209999999636e-01
7.794537500000000563e-01 -1.592994999999999828e-01 4.818791499999999783e-01
7.801392500000000618e-01 -1.540022500000000072e-01 4.752122249999999881e-01
7.805857500000000782e-01 -1.487992499999999940e-01 4.685360249999999671e-01
7.664280000000001092e-01 -1.600519999999999998e-01 4.784706249999999828e-01
7.675867500000000954e-01 -1.547455000000000080e-01 4.720835164999999667e-01
7.685450000000000337e-01 -1.494919999999999860e-01 4.656866499999999798e-01
7.536577500000000152e-01 -1.579019999999999868e-01 4.770739999999999981e-01
7.551610000000000822e-01 -1.527122499999999938e-01 4.708357224999999979e-01
7.565620000000000678e-01 -1.474854999999999916e-01 4.646805249999999554e-01
7.408452500000000107e-01 -1.523104999999999876e-01 4.773354999999999682e-01
7.431100000000000483e-01 -1.475137499999999990e-01 4.711896525000000002e-01
7.453442500000000415e-01 -1.426609999999999823e-01 4.650787499999999852e-01
7.284558500000000159e-01 -1.451739999999999975e-01 4.773505999999999583e-01
7.317193250000000315e-01 -1.409957500000000030e-01 4.712845824999999933e-01
7.350288250000001078e-01 -1.367420000000000024e-01 4.651794999999999680e-01
7.164005375000001008e-01 -1.380337499999999828e-01 4.761955999999999967e-01
7.200002500000000083e-01 -1.339982499999999854e-01 4.704020074999999967e-01
7.235705250000000754e-01 -1.298882499999999829e-01 4.646592999999999973e-01
7.051744000000000900e-01 -1.292965000000000086e-01 4.754778499999999797e-01
7.093439250000000973e-01 -1.254214999999999913e-01 4.701442249999999712e-01
7.134629450000000706e-01 -1.214929999999999899e-01 4.648676999999999948e-01
6.950511000000000328e-01 -1.186790000000000067e-01 4.748841749999999640e-01
7.000133500000000897e-01 -1.153249999999999831e-01 4.700729549999999590e-01
7.049372500000000707e-01 -1.119374999999999953e-01 4.652929999999999566e-01
6.868872500000000603e-01 -1.059789999999999899e-01 4.740822974999999717e-01
6.927277500000000865e-01 -1.036370000000000069e-01 4.698462649999999852e-01
6.985455000000000414e-01 -1.012704999999999855e-01 4.656013999999999986e-01
6.819270000000000609e-01 -9.137875000000000858e-02 4.730833975000000025e-01
6.884002500000000468e-01 -9.055874999999999342e-02 4.694257499999999750e-01
6.948581750000000223e-01 -8.970575000000000077e-02 4.657489249999999803e-01
6.811035000000000839e-01 -7.575350000000000139e-02 4.721088669999999876e-01
6.876402500000000639e-01 -7.689999999999999614e-02 4.689890250000000038e-01
6.942833500000000768e-01 -7.779025000000000523e-02 4.657792749999999926e-01
6.841150000000000286e-01 -6.252374999999998906e-02 4.709782499999999872e-01
6.904074250000000745e-01 -6.461649999999999339e-02 4.689655500000000088e-01
6.968456500000000942e-01 -6.671499999999999653e-02 4.662698499999999857e-01
6.894207500000000266e-01 -5.039199999999999235e-02 4.718478325000000084e-01
6.954604750000000779e-01 -5.332749999999999990e-02 4.706092474999999942e-01
7.016653500000000765e-01 -5.641150000000000331e-02 4.684026749999999906e-01
6.958272000000000901e-01 -3.957999999999999019e-02 4.712770974999999640e-01
7.014679250000001032e-01 -4.255174999999999930e-02 4.701802849999999756e-01
7.075199750000000787e-01 -4.573225000000000207e-02 4.682883499999999644e-01
7.020331250000000356e-01 -2.889999999999999514e-02 4.723423574999999763e-01
7.077595750000000852e-01 -3.182100000000000206e-02 4.712900274999999861e-01
7.136872150000000969e-01 -3.516274999999999262e-02 4.694804750000000082e-01
7.078028750000000535e-01 -1.916699999999998960e-02 4.730150200000000082e-01
7.136811375000000623e-01 -2.224099999999999688e-02 4.714011449999999659e-01
7.196579250000000316e-01 -2.543349999999999778e-02 4.697080999999999618e-01
7.132065975000000391e-01 -9.877499999999997393e-03 4.709357599999999811e-01
7.192623250000000912e-01 -1.269599999999999895e-02 4.693102999999999581e-01
7.254588750000000585e-01 -1.531724999999999060e-02 4.676101749999999613e-01
7.167162450000000851e-01 -2.879999999999965921e-04 4.682477499999999626e-01
7.229971000000000592e-01 -2.309249999999998804e-03 4.665082499999999577e-01
7.294369250000000138e-01 -3.978249999999988740e-03 4.647005249999999754e-01
7.196675500000000447e-01 1.043349999999999833e-02 4.674981249999999866e-01
7.262005750000000148e-01 9.892999999999999017e-03 4.660970749999999718e-01
7.329325000000000978e-01 9.454000000000004067e-03 4.643122000000000082e-01
7.191780000000000950e-01 2.319950000000000484e-02 4.702482324999999741e-01
7.259531750000000061e-01 2.391300000000000370e-02 4.688033500000000076e-01
7.326620249999999945e-01 2.440425000000000233e-02 4.672924749999999849e-01
7.158490100000000078e-01 3.627675000000000344e-02 4.721933114999999903e-01
7.234442750000000810e-01 3.756500000000000117e-02 4.706553199999999881e-01
7.306693250000000361e-01 3.881750000000000478e-02 4.691898999999999931e-01
7.134518175000000850e-01 4.900780000000000414e-02 4.739943799999999929e-01
7.223678500000000335e-01 5.031865000000000643e-02 4.722099864999999563e-01
7.306846750000000057e-01 5.139400000000000912e-02 4.706730074999999625e-01
7.105924750000000012e-01 6.108327500000000632e-02 4.728936874999999929e-01
7.226242000000000498e-01 6.269795000000000229e-02 4.705311749999999682e-01
7.336016250000000349e-01 6.396115000000000828e-02 4.687435749999999679e-01
7.103587749999999978e-01 7.203714500000001075e-02 4.692714249999999643e-01
7.224200000000000621e-01 7.176118000000000774e-02 4.685273249999999945e-01
7.334325500000000719e-01 7.165604000000000418e-02 4.677083750000000095e-01
7.153794600000000781e-01 8.143402500000000710e-02 4.712330174999999621e-01
7.241786000000000056e-01 8.130415000000000558e-02 4.707618699999999712e-01
7.339838000000000751e-01 8.173762500000000819e-02 4.700689949999999895e-01
7.181310499999999930e-01 9.177702500000001207e-02 4.690332249999999981e-01
7.256580249999999843e-01 9.223472500000000351e-02 4.685061249999999955e-01
7.329801750000000116e-01 9.306369999999999920e-02 4.679497999999999713e-01
7.196260750000000872e-01 1.026169999999999999e-01 4.699366249999999967e-01
7.262707000000000468e-01 1.033267500000000089e-01 4.695141975000000079e-01
7.330004500000000256e-01 1.044842500000000007e-01 4.690403249999999802e-01
7.197090999999999905e-01 1.116242500000000082e-01 4.736040724999999729e-01
7.259163750000000581e-01 1.127700000000000091e-01 4.734149874999999952e-01
7.321271750000000189e-01 1.142974999999999963e-01 4.731939350000000100e-01
7.179038500000000100e-01 1.205587500000000062e-01 4.708193350000000055e-01
7.240759500000000237e-01 1.225434999999999997e-01 4.706578249999999741e-01
7.300790249999999926e-01 1.248487500000000083e-01 4.705175474999999663e-01
7.138509299999999946e-01 1.303032500000000093e-01 4.707463100000000011e-01
7.197314000000000211e-01 1.324380000000000002e-01 4.706474324999999626e-01
7.255024750000000910e-01 1.347522500000000178e-01 4.705971150000000103e-01
7.098711500000000063e-01 1.397072500000000050e-01 4.747332750000000101e-01
7.157273925000000592e-01 1.416040000000000076e-01 4.747497250000000113e-01
7.215678750000000807e-01 1.435760000000000092e-01 4.748205749999999670e-01
7.066752250000000179e-01 1.474547500000000233e-01 4.822506749999999620e-01
7.126554750000000382e-01 1.488557500000000089e-01 4.823319500000000093e-01
7.186272750000000098e-01 1.502735000000000043e-01 4.824642000000000097e-01
7.047673750000000847e-01 1.541275000000000006e-01 4.912657999999999747e-01
7.111393000000000297e-01 1.540077499999999988e-01 4.917667000000000010e-01
7.171565250000000447e-01 1.546877500000000127e-01 4.916680250000000085e-01
7.137621725000000694e-01 1.600872500000000143e-01 5.057679999999999954e-01
7.157205625000000460e-01 1.588427500000000048e-01 5.041360000000000285e-01
7.213422750000000327e-01 1.570420000000000149e-01 5.023219999999999352e-01
7.200725000000000042e-01 1.553645000000000165e-01 5.184480000000000199e-01
7.225807750000000640e-01 1.544550000000000090e-01 5.157289999999999930e-01
7.271507500000000679e-01 1.528507500000000074e-01 5.118712499999999999e-01
7.260580750000000805e-01 1.539885000000000004e-01 5.267545000000000144e-01
7.303390000000000715e-01 1.524637500000000090e-01 5.234444999999999792e-01
7.352113250000000821e-01 1.505427500000000030e-01 5.206397499999999567e-01
7.301903000000000699e-01 1.509590000000000098e-01 5.314532499999999882e-01
7.350412000000000612e-01 1.489592499999999875e-01 5.287922499999999637e-01
7.398502500000000426e-01 1.469325000000000214e-01 5.260449999999999848e-01
7.285405000000000353e-01 1.461010000000000086e-01 5.249779999999999447e-01
7.338000000000000078e-01 1.440805000000000002e-01 5.231694999999999540e-01
7.387570500000000262e-01 1.418240000000000056e-01 5.210967499999999974e-01
7.223240000000000771e-01 1.411987499999999840e-01 5.178057499999999536e-01
7.277434000000000403e-01 1.395390000000000241e-01 5.155465000000000186e-01
7.325842750000000070e-01 1.374322500000000058e-01 5.132847499999999563e-01
7.158028075000000268e-01 1.393807499999999977e-01 5.090390000000000192e-01
7.208786750000000243e-01 1.369394999999999918e-01 5.069047500000000150e-01
7.256779500000000160e-01 1.348385000000000000e-01 5.046659999999999480e-01
7.111640250000000885e-01 1.430947499999999928e-01 4.987699999999999911e-01
7.154702525000000701e-01 1.393707499999999877e-01 4.970087499999999991e-01
7.198224500000000026e-01 1.360902499999999959e-01 4.950893749999999982e-01
7.071868500000000335e-01 1.442975000000000230e-01 4.904896249999999847e-01
7.114692500000000530e-01 1.404612500000000097e-01 4.888532999999999906e-01
7.157213250000000748e-01 1.366539999999999977e-01 4.870438749999999595e-01
7.033034500000000522e-01 1.456362500000000226e-01 4.836799749999999842e-01
7.073848500000000650e-01 1.415184999999999915e-01 4.818385249999999620e-01
7.114461250000000403e-01 1.374374999999999902e-01 4.799022749999999893e-01
6.980960250000000089e-01 1.448767499999999986e-01 4.783825250000000029e-01
7.017496000000000844e-01 1.403092499999999965e-01 4.761296499999999599e-01
7.053101750000000392e-01 1.356967500000000049e-01 4.738862974999999977e-01
6.911942750000000801e-01 1.431095000000000006e-01 4.766242499999999715e-01
6.940196000000000698e-01 1.380117499999999886e-01 4.741943949999999908e-01
6.968839000000000006e-01 1.329529999999999879e-01 4.718629142499999873e-01
6.838950000000000307e-01 1.406572500000000114e-01 4.778775499999999843e-01
6.860847500000000210e-01 1.351054999999999895e-01 4.755601749999999739e-01
6.882697500000000135e-01 1.295199999999999962e-01 4.733260025000000093e-01
6.760027499999999856e-01 1.395625000000000060e-01 4.767867000000000077e-01
6.770927500000000210e-01 1.335657500000000109e-01 4.743921799999999966e-01
6.781880000000000130e-01 1.275747500000000145e-01 4.719914576500000014e-01
6.687000000000000721e-01 1.414962499999999901e-01 4.729143349999999635e-01
6.688100000000000156e-01 1.351614999999999900e-01 4.706428599999999962e-01
6.689344999999999875e-01 1.289575000000000027e-01 4.683435499999999974e-01
6.594345000000000345e-01 1.435302499999999981e-01 4.717073224999999703e-01
6.594827500000000065e-01 1.367765000000000231e-01 4.698642324999999786e-01
6.593482500000000801e-01 1.300562500000000121e-01 4.680214749999999646e-01
6.504312500000000163e-01 1.449345000000000216e-01 4.748648500000000050e-01
6.503885000000000360e-01 1.376462499999999978e-01 4.730121174999999956e-01
6.503297500000000397e-01 1.303279999999999994e-01 4.710923049999999890e-01
6.432835000000000081e-01 1.462324999999999875e-01 4.811167499999999819e-01
6.429360000000000630e-01 1.380410000000000248e-01 4.793612499999999610e-01
6.427817500000000406e-01 1.300594999999999946e-01 4.774954750000000026e-01
6.377077500000000176e-01 1.466967499999999869e-01 4.887789750000000044e-01
6.372720000000000606e-01 1.376237499999999891e-01 4.869291000000000036e-01
6.373042500000000166e-01 1.291124999999999912e-01 4.848758999999999708e-01
6.291072500000000067e-01 1.444067500000000004e-01 4.976964999999999861e-01
6.316147500000000026e-01 1.356972499999999915e-01 4.972527499999999656e-01
6.346397500000000580e-01 1.271170000000000078e-01 4.951711999999999780e-01
6.282245000000000745e-01 1.419752499999999973e-01 5.053657499999999470e-01
6.304990000000000316e-01 1.344812499999999966e-01 5.056017499999999609e-01
6.328305000000000735e-01 1.270452499999999985e-01 5.055847500000000272e-01
6.301837500000000425e-01 1.426800000000000013e-01 5.170230000000000103e-01
6.324680000000000302e-01 1.362180000000000057e-01 5.185597499999999860e-01
6.348409999999999886e-01 1.298537499999999900e-01 5.201317500000000038e-01
6.356632500000000130e-01 1.450040000000000218e-01 5.261419999999999986e-01
6.386717500000000936e-01 1.401495000000000102e-01 5.292847499999999705e-01
6.418065000000000575e-01 1.354650000000000021e-01 5.324974999999999570e-01
6.445910000000000251e-01 1.502602499999999841e-01 5.305124999999999424e-01
6.485572500000000851e-01 1.466160000000000241e-01 5.339829999999999854e-01
6.526110000000000522e-01 1.430704999999999893e-01 5.375569999999999515e-01
6.523282500000000539e-01 1.574847500000000067e-01 5.356052499999999217e-01
6.562327500000000313e-01 1.539862499999999912e-01 5.390167500000000445e-01
6.601377500000000786e-01 1.505695000000000228e-01 5.425087499999999840e-01
6.627460000000000573e-01 1.637432500000000068e-01 5.400110000000000188e-01
6.662105000000000388e-01 1.598030000000000006e-01 5.433054999999999968e-01
6.695845000000000269e-01 1.557992500000000002e-01 5.467284999999999506e-01
6.731032500000000418e-01 1.701205000000000078e-01 5.414942499999999548e-01
6.770507500000000345e-01 1.666529999999999956e-01 5.450057499999999555e-01
6.810677500000000828e-01 1.632032500000000219e-01 5.485272500000000218e-01
6.837374999999999980e-01 1.745852500000000251e-01 5.397062499999999430e-01
6.875827500000000203e-01 1.713492500000000085e-01 5.430929999999999369e-01
6.915338750000000756e-01 1.682310000000000194e-01 5.464832499999999760e-01
6.928277750000000346e-01 1.730682500000000068e-01 5.339509999999999534e-01
6.969026999999999861e-01 1.698169999999999957e-01 5.374307499999999571e-01
7.009554000000000062e-01 1.667690000000000006e-01 5.409585000000000088e-01
6.999893249999999956e-01 1.675642499999999979e-01 5.260527499999999579e-01
7.038059500000000135e-01 1.648632500000000167e-01 5.298564999999999525e-01
7.074951750000000317e-01 1.623295000000000154e-01 5.337362500000000232e-01
7.055172250000000256e-01 1.603097500000000009e-01 5.181839999999999780e-01
7.091820500000000083e-01 1.583755000000000024e-01 5.226195000000000146e-01
7.124939774999999864e-01 1.566217500000000040e-01 5.266669999999999963e-01
7.095203500000000219e-01 1.497040000000000037e-01 5.123474999999999557e-01
7.132148500000000668e-01 1.489845000000000197e-01 5.172034999999999272e-01
7.168471375000000645e-01 1.482470000000000176e-01 5.219217499999999621e-01
7.172803250000000519e-01 1.388150000000000217e-01 5.086432499999999912e-01
7.188265000000000349e-01 1.397872500000000018e-01 5.120297499999999502e-01
7.202205999999999886e-01 1.405345000000000066e-01 5.146492499999999470e-01
7.261701249999999996e-01 1.349039999999999961e-01 5.049184999999999368e-01
7.282346250000000243e-01 1.368584999999999940e-01 5.093735000000000346e-01
7.304423500000000180e-01 1.383167499999999883e-01 5.129352499999999537e-01
7.356977500000000392e-01 1.335465000000000124e-01 5.007892499999999636e-01
7.376999000000000750e-01 1.362005000000000021e-01 5.057187499999999947e-01
7.396975000000000078e-01 1.389782500000000254e-01 5.107392499999999780e-01
7.464672500000000266e-01 1.361912500000000137e-01 4.951843999999999690e-01
7.485850000000000559e-01 1.391062499999999869e-01 5.001440000000000330e-01
7.505195000000000061e-01 1.420275000000000010e-01 5.051232500000000236e-01
7.603097500000000064e-01 1.387180000000000080e-01 4.892283249999999639e-01
7.612575000000000314e-01 1.418622500000000231e-01 4.943966249999999785e-01
7.622055000000000913e-01 1.450644999999999851e-01 4.995669999999999833e-01
7.739420000000000188e-01 1.420582499999999970e-01 4.840946999999999889e-01
7.743547500000000916e-01 1.456662499999999971e-01 4.889487750000000021e-01
7.748132500000000089e-01 1.493265000000000009e-01 4.937839499999999715e-01
7.882010000000000405e-01 1.453409999999999980e-01 4.792641499999999999e-01
7.881157500000000038e-01 1.494965000000000044e-01 4.838554999999999939e-01
7.880850000000000355e-01 1.536672500000000052e-01 4.884507999999999628e-01
8.021582500000000726e-01 1.488389999999999991e-01 4.755589749999999949e-01
8.016692499999999999e-01 1.532284999999999897e-01 4.800373000000000001e-01
8.013845000000000551e-01 1.576929999999999998e-01 4.844900249999999908e-01
8.118427500000000574e-01 1.511247500000000021e-01 4.722827274999999991e-01
8.123562500000000020e-01 1.559202500000000102e-01 4.765236999999999945e-01
8.130545000000000133e-01 1.607179999999999997e-01 4.806971999999999912e-01
8.216592500000000632e-01 1.502137500000000070e-01 4.700814324999999516e-01
8.231924999999999937e-01 1.551339999999999941e-01 4.741304224999999817e-01
8.248007500000000825e-01 1.599512499999999893e-01 4.781203499999999718e-01
8.307714999999999961e-01 1.444155000000000300e-01 4.697913649999999608e-01
8.328410000000000535e-01 1.493387500000000201e-01 4.738150899999999943e-01
8.348615000000000341e-01 1.541750000000000065e-01 4.778435499999999503e-01
8.420465000000000311e-01 1.372947500000000209e-01 4.696601599999999932e-01
8.442812500000000941e-01 1.424005000000000132e-01 4.738216224999999837e-01
8.465025000000000466e-01 1.474697500000000105e-01 4.779912499999999786e-01
8.523932499999999912e-01 1.296875000000000111e-01 4.688787999999999845e-01
8.545845000000000802e-01 1.353080000000000116e-01 4.732916074999999889e-01
8.567420000000000035e-01 1.410065000000000346e-01 4.777634249999999638e-01
8.624955000000000815e-01 1.223765000000000130e-01 4.682317500000000021e-01
8.647447500000000620e-01 1.287325000000000275e-01 4.730508749999999818e-01
8.669907500000000322e-01 1.353597500000000009e-01 4.780630749999999485e-01
8.709275000000000766e-01 1.155270000000000186e-01 4.673911499999999775e-01
8.742297500000000277e-01 1.225005000000000122e-01 4.727897149999999993e-01
8.770655000000000534e-01 1.297907500000000103e-01 4.783366749999999890e-01
8.781217500000000342e-01 1.079265000000000085e-01 4.653865999999999836e-01
8.817622500000000807e-01 1.164862500000000134e-01 4.716855749999999681e-01
8.847230000000000372e-01 1.252785000000000148e-01 4.781116749999999582e-01
8.872645000000000115e-01 1.027900000000000202e-01 4.643765499999999991e-01
8.902317500000000994e-01 1.120300000000000185e-01 4.708302099999999712e-01
8.932622500000000354e-01 1.213337500000000180e-01 4.774822749999999560e-01
8.980332500000000051e-01 1.011697500000000166e-01 4.647081499999999865e-01
9.002127500000000060e-01 1.088790000000000174e-01 4.700254499999999558e-01
9.018865000000000354e-01 1.167412500000000186e-01 4.754923249999999935e-01
9.092262500000000136e-01 9.895627500000001020e-02 4.646484749999999497e-01
9.110949999999999882e-01 1.058775000000000133e-01 4.694246249999999843e-01
9.127737500000000503e-01 1.128820000000000101e-01 4.742970899999999768e-01
9.327177500000000121e-01 1.002605000000000163e-01 4.684105749999999957e-01
