4.891932500000000239e-01 -6.503049999999999109e-02 4.602720750000000027e-01
5.325562500000000643e-01 -4.931400000000001060e-02 4.668492750000000080e-01
5.335010000000000030e-01 -6.171674999999998690e-02 4.664575750000000132e-01
5.344617500000000687e-01 -7.412250000000000782e-02 4.661365249999999683e-01
5.440022500000000205e-01 -4.821625000000001604e-02 4.682513500000000106e-01
5.449487500000000928e-01 -6.084475000000000300e-02 4.678506499999999790e-01
5.459240000000000759e-01 -7.335349999999998816e-02 4.675271249999999879e-01
5.551957499999999879e-01 -4.748775000000000912e-02 4.692778750000000110e-01
5.562287500000000495e-01 -5.986374999999999336e-02 4.691963749999999989e-01
5.574907500000000349e-01 -7.248399999999999288e-02 4.684084000000000025e-01
5.666842500000000005e-01 -4.717050000000000409e-02 4.715813824999999793e-01
5.674042500000000544e-01 -5.898749999999999827e-02 4.714544975000000138e-01
5.684355000000000935e-01 -7.093025000000000024e-02 4.706682850000000196e-01
5.784815000000000929e-01 -4.677975000000000882e-02 4.725848300000000113e-01
5.786682499999999951e-01 -5.823100000000000498e-02 4.724102350000000117e-01
5.792827500000000684e-01 -6.966249999999998832e-02 4.716215200000000163e-01
5.910470000000001001e-01 -4.657675000000001397e-02 4.723279449999999713e-01
5.901577500000000365e-01 -5.773249999999999216e-02 4.721748534999999913e-01
5.896270000000000122e-01 -6.897699999999998277e-02 4.714098574999999736e-01
6.028102500000001029e-01 -4.683099999999999763e-02 4.713169125000000181e-01
6.017042500000000516e-01 -5.797774999999999457e-02 4.709987374999999865e-01
6.009835000000001148e-01 -6.918299999999999450e-02 4.702433324999999997e-01
6.155687499999999979e-01 -4.757649999999999380e-02 4.697899500000000117e-01
6.140535000000000299e-01 -5.867249999999998855e-02 4.694936474999999998e-01
6.128675000000000095e-01 -6.975575000000000525e-02 4.687262500000000109e-01
6.282097500000000112e-01 -4.879799999999999416e-02 4.688424250000000071e-01
6.263752500000000500e-01 -5.971399999999998931e-02 4.682993999999999768e-01
6.251107500000000483e-01 -7.057974999999999666e-02 4.672762500000000041e-01
6.407067500000001026e-01 -5.035850000000000048e-02 4.684149249999999820e-01
6.386425000000000018e-01 -6.107950000000000879e-02 4.675338749999999877e-01
6.367997499999999977e-01 -7.183324999999998739e-02 4.664012750000000040e-01
6.530960000000000099e-01 -5.228099999999999414e-02 4.678177249999999621e-01
6.509020000000000916e-01 -6.289274999999999727e-02 4.672885499999999692e-01
6.489255000000000440e-01 -7.360274999999999457e-02 4.664980750000000120e-01
6.651352500000000667e-01 -5.423574999999999924e-02 4.683178499999999800e-01
6.632195000000000729e-01 -6.473950000000000538e-02 4.674788249999999867e-01
6.611825000000000063e-01 -7.532125000000000625e-02 4.663869749999999814e-01
6.770747500000000585e-01 -5.618349999999999733e-02 4.688759999999999595e-01
6.755855000000000610e-01 -6.657925000000000648e-02 4.672877749999999608e-01
6.739815000000000111e-01 -7.696999999999998288e-02 4.656908249999999749e-01
6.888662500000000133e-01 -5.752674999999998762e-02 4.698041674999999806e-01
6.880950000000000122e-01 -6.793949999999998601e-02 4.675837999999999939e-01
6.869852500000001028e-01 -7.824524999999998842e-02 4.656925249999999683e-01
7.014232750000000127e-01 -5.882350000000000079e-02 4.706736300000000095e-01
7.008084750000000973e-01 -6.894324999999998371e-02 4.680342499999999850e-01
7.001918250000001009e-01 -7.912374999999999270e-02 4.656677249999999768e-01
7.135898800000000097e-01 -5.970000000000000306e-02 4.713148174999999829e-01
7.135626000000000468e-01 -6.959899999999999420e-02 4.684620250000000041e-01
7.136022200000000648e-01 -7.928499999999999437e-02 4.653649749999999585e-01
7.254039750000000897e-01 -5.940049999999999497e-02 4.714383775000000054e-01
7.265424250000001027e-01 -6.901174999999998283e-02 4.677298500000000026e-01
7.274697750000000962e-01 -7.856649999999998357e-02 4.640444249999999826e-01
7.387021000000000281e-01 -5.812724999999999143e-02 4.717189424999999603e-01
7.395697500000000257e-01 -6.743474999999998776e-02 4.675726249999999640e-01
7.406177500000000746e-01 -7.661324999999999386e-02 4.633328250000000037e-01
7.519315000000000859e-01 -5.698074999999999668e-02 4.717016599999999671e-01
7.528140000000000942e-01 -6.594474999999999643e-02 4.669690249999999820e-01
7.537557500000000577e-01 -7.476649999999998575e-02 4.621882749999999818e-01
7.652127499999999971e-01 -5.609349999999999059e-02 4.716909249999999831e-01
7.659072500000000394e-01 -6.470924999999999594e-02 4.664541999999999855e-01
7.666980000000001017e-01 -7.315024999999999999e-02 4.611658999999999620e-01
7.785395000000000509e-01 -5.573400000000000576e-02 4.717338249999999955e-01
7.788235000000001129e-01 -6.396599999999999508e-02 4.661444249999999734e-01
7.794150000000000800e-01 -7.198799999999999644e-02 4.604729750000000066e-01
7.913917500000000604e-01 -5.614924999999998390e-02 4.724071324999999932e-01
7.916462500000001068e-01 -6.405674999999999564e-02 4.663140999999999536e-01
7.914842500000001113e-01 -7.191999999999998394e-02 4.605742250000000038e-01
8.036040000000000960e-01 -5.790675000000000683e-02 4.736071174999999522e-01
8.028685000000000960e-01 -6.540224999999999511e-02 4.673667749999999566e-01
8.021565000000000500e-01 -7.294799999999998508e-02 4.613307499999999561e-01
8.156185000000000240e-01 -6.083274999999999100e-02 4.748455999999999788e-01
8.136302500000001103e-01 -6.786024999999998308e-02 4.685871499999999523e-01
8.118357500000000782e-01 -7.505950000000000122e-02 4.625955749999999811e-01
8.270735000000000170e-01 -6.604250000000000398e-02 4.756607749999999801e-01
8.236435000000000839e-01 -7.232025000000000259e-02 4.693793499999999730e-01
8.203505000000000935e-01 -7.880175000000000374e-02 4.634017249999999866e-01
8.371505000000000196e-01 -7.374449999999999061e-02 4.761194999999999733e-01
8.322267500000000151e-01 -7.880424999999999236e-02 4.698478174999999868e-01
8.274807500000000982e-01 -8.418599999999998307e-02 4.639020499999999547e-01
8.447287500000000282e-01 -8.376975000000000393e-02 4.764374749999999992e-01
8.386092500000000838e-01 -8.721950000000000536e-02 4.701984599999999848e-01
8.326047500000000046e-01 -9.106600000000000805e-02 4.642880749999999668e-01
8.481009999999999938e-01 -9.533824999999998551e-02 4.762415499999999580e-01
8.414962500000000567e-01 -9.692349999999999577e-02 4.702031424999999487e-01
8.347462500000000230e-01 -9.914475000000000371e-02 4.642834499999999864e-01
8.483035000000000991e-01 -1.059907499999999947e-01 4.797589250000000027e-01
8.415719999999999867e-01 -1.062887499999999874e-01 4.727034149999999602e-01
8.344242500000000895e-01 -1.069777499999999826e-01 4.658323999999999798e-01
8.436322500000000835e-01 -1.144784999999999831e-01 4.850959499999999980e-01
8.374950000000001005e-01 -1.135734999999999939e-01 4.769318249999999759e-01
8.305165000000001019e-01 -1.129455000000000042e-01 4.684749500000000011e-01
8.401110000000000522e-01 -1.249359999999999915e-01 4.872500999999999638e-01
8.337880000000000846e-01 -1.225632499999999847e-01 4.777668749999999798e-01
8.262265000000000859e-01 -1.200457500000000066e-01 4.669829999999999814e-01
8.350332500000000602e-01 -1.341195000000000026e-01 4.883021249999999758e-01
8.279277500000000733e-01 -1.331795000000000062e-01 4.790696749999999726e-01
8.206007500000001009e-01 -1.310580000000000078e-01 4.681895499999999544e-01
8.314177500000000665e-01 -1.451814999999999911e-01 4.873182749999999674e-01
8.253155000000000907e-01 -1.429659999999999820e-01 4.786297499999999649e-01
8.192557500000000603e-01 -1.410029999999999895e-01 4.692738249999999778e-01
8.260297500000000070e-01 -1.571629999999999971e-01 4.842469999999999830e-01
8.213762500000000299e-01 -1.541607499999999853e-01 4.758655999999999997e-01
8.167865000000000819e-01 -1.515742499999999937e-01 4.673975249999999804e-01
8.160787500000000749e-01 -1.658689999999999887e-01 4.832218999999999820e-01
8.134787500000000282e-01 -1.622289999999999843e-01 4.750474749999999968e-01
8.103827500000000406e-01 -1.588849999999999985e-01 4.668957249999999837e-01
8.038022500000000514e-01 -1.694017499999999898e-01 4.836956249999999624e-01
8.026067500000000354e-01 -1.658580000000000054e-01 4.755708999999999631e-01
8.006040000000000934e-01 -1.622424999999999840e-01 4.676285000000000025e-01
7.913067500000000587e-01 -1.688764999999999850e-01 4.849193249999999566e-01
7.907222500000000709e-01 -1.654059999999999975e-01 4.769006999999999552e-01
7.895057500000000061e-01 -1.620119999999999894e-01 4.690353749999999766e-01
7.779167500000000457e-01 -1.703202500000000064e-01 4.844569999999999710e-01
7.778857500000000424e-01 -1.668769999999999976e-01 4.765869499999999537e-01
7.775637500000001090e-01 -1.634972499999999829e-01 4.688093499999999580e-01
7.641987500000000377e-01 -1.699759999999999882e-01 4.837856999999999852e-01
7.648047500000000332e-01 -1.666492499999999988e-01 4.760947499999999555e-01
7.652085000000000692e-01 -1.633647500000000030e-01 4.684468749999999848e-01
7.506482500000000169e-01 -1.679495000000000016e-01 4.829576250000000015e-01
7.516807500000000086e-01 -1.647645000000000082e-01 4.754031999999999702e-01
7.526320000000000787e-01 -1.616292500000000021e-01 4.678810999999999942e-01
7.369889500000000870e-01 -1.637819999999999832e-01 4.818499749999999859e-01
7.388995000000000424e-01 -1.609845000000000026e-01 4.744740924999999998e-01
7.407580000000000275e-01 -1.582405000000000062e-01 4.670602999999999838e-01
7.242378750000000309e-01 -1.571582499999999993e-01 4.800512249999999703e-01
7.269612750000000734e-01 -1.551307499999999839e-01 4.727821724999999864e-01
7.296633000000000147e-01 -1.531047499999999839e-01 4.654647000000000090e-01
7.127111800000001107e-01 -1.491347499999999826e-01 4.771122250000000009e-01
7.163482525000000045e-01 -1.473389999999999977e-01 4.703276424999999761e-01
7.199292000000000469e-01 -1.454745000000000066e-01 4.634819249999999613e-01
7.029438750000001068e-01 -1.392930000000000001e-01 4.738230299999999784e-01
7.073581750000000890e-01 -1.377092500000000053e-01 4.675891249999999943e-01
7.117414000000000796e-01 -1.360707499999999903e-01 4.613067750000000022e-01
6.952373500000000872e-01 -1.277649999999999897e-01 4.706064699999999990e-01
7.003343500000001054e-01 -1.265010000000000023e-01 4.649800499999999781e-01
7.054204250000000176e-01 -1.251964999999999884e-01 4.593178249999999574e-01
6.898586250000000586e-01 -1.148724999999999885e-01 4.678609750000000123e-01
6.955279500000000059e-01 -1.140545000000000031e-01 4.628701000000000065e-01
7.011976500000000057e-01 -1.132087499999999969e-01 4.578528499999999779e-01
6.869574999999999987e-01 -1.010689999999999922e-01 4.658368250000000099e-01
6.930436500000000111e-01 -1.008189999999999920e-01 4.614709999999999646e-01
6.991361750000000264e-01 -1.005510000000000015e-01 4.570893249999999908e-01
6.864450000000000829e-01 -8.683725000000000471e-02 4.647796750000000032e-01
6.927864000000000244e-01 -8.725225000000000342e-02 4.610454749999999824e-01
6.991428500000000934e-01 -8.764525000000000787e-02 4.572081249999999653e-01
6.883587500000000192e-01 -7.280174999999999841e-02 4.646963749999999949e-01
6.947332250000000098e-01 -7.383449999999999736e-02 4.616133249999999633e-01
7.011396500000000032e-01 -7.484450000000000824e-02 4.582473749999999568e-01
6.915140000000000731e-01 -5.932499999999998885e-02 4.662531999999999788e-01
6.980428499999999925e-01 -6.074699999999999545e-02 4.634604499999999683e-01
7.045767250000000148e-01 -6.217899999999998428e-02 4.606246250000000098e-01
6.952685000000000670e-01 -4.622649999999998982e-02 4.653237000000000068e-01
7.012790500000000149e-01 -4.762174999999999048e-02 4.632989750000000018e-01
7.076142250000000411e-01 -4.884075000000000222e-02 4.603430749999999905e-01
6.988224000000000657e-01 -3.303899999999999892e-02 4.669899499999999870e-01
7.048537000000000274e-01 -3.440775000000000083e-02 4.649436750000000007e-01
7.111151000000000000e-01 -3.580250000000000099e-02 4.620110000000000050e-01
7.027605250000000803e-01 -2.043475000000000152e-02 4.702181300000000119e-01
7.089904000000000206e-01 -2.159899999999999320e-02 4.674469249999999576e-01
7.152732475000000978e-01 -2.285949999999999094e-02 4.645662249999999993e-01
7.061818000000000817e-01 -7.629499999999997395e-03 4.718227170000000026e-01
7.124728175000000219e-01 -8.569999999999994289e-03 4.690820249999999580e-01
7.187974000000000308e-01 -9.446249999999989377e-03 4.662967999999999558e-01
7.087242750000000147e-01 4.808500000000007213e-03 4.744513699999999834e-01
7.150758850000000777e-01 4.502500000000006497e-03 4.718378759999999894e-01
7.214684250000000798e-01 4.223000000000004528e-03 4.692248749999999857e-01
7.111816499999999985e-01 1.701400000000000134e-02 4.782523999999999664e-01
7.175626500000000796e-01 1.709650000000000752e-02 4.764143750000000010e-01
7.240377250000000764e-01 1.752600000000000685e-02 4.740657524999999928e-01
7.130275525000000503e-01 2.856275000000000480e-02 4.847599999999999687e-01
7.195943500000000492e-01 2.894775000000000126e-02 4.823985249999999669e-01
7.261095250000000334e-01 2.941725000000000589e-02 4.800537749999999604e-01
7.126707825000000440e-01 4.102175000000000266e-02 4.876921499999999909e-01
7.201298250000000012e-01 4.158600000000000491e-02 4.850321499999999952e-01
7.273509250000000925e-01 4.223800000000000471e-02 4.824855000000000116e-01
7.109002750000000814e-01 5.365235000000000143e-02 4.857150999999999552e-01
7.197093500000000255e-01 5.422420000000000018e-02 4.827011499999999677e-01
7.282493750000000876e-01 5.468062500000000353e-02 4.800011499999999875e-01
7.070986250000000917e-01 6.447540000000000215e-02 4.803616499999999734e-01
7.186244000000000520e-01 6.509362500000000218e-02 4.759363500000000080e-01
7.300351500000000771e-01 6.589737500000000803e-02 4.727754049999999819e-01
7.049851750000000195e-01 7.302070750000000388e-02 4.730674549999999701e-01
7.172746250000000545e-01 7.300612000000000767e-02 4.708363499999999591e-01
7.292087999999999903e-01 7.319541499999999978e-02 4.690649249999999659e-01
7.082975500000000535e-01 8.237895000000000634e-02 4.712299624999999881e-01
7.172522250000000765e-01 8.240139999999999965e-02 4.699286874999999974e-01
7.269269750000000307e-01 8.305850000000000732e-02 4.676148749999999854e-01
7.097310749999999890e-01 9.025387500000001118e-02 4.648372000000000059e-01
7.173193250000000631e-01 9.078215000000000590e-02 4.635810750000000091e-01
7.245741250000000688e-01 9.176967500000000888e-02 4.618268500000000110e-01
7.094610000000000083e-01 1.000535000000000035e-01 4.621727999999999947e-01
7.161479175000000641e-01 1.008312500000000111e-01 4.611297999999999786e-01
7.227789749999999902e-01 1.019767500000000049e-01 4.599650249999999718e-01
7.090550750000000901e-01 1.100690000000000002e-01 4.640151999999999610e-01
7.154113100000000225e-01 1.109987500000000071e-01 4.631458499999999701e-01
7.216251250000000894e-01 1.123137500000000039e-01 4.620946750000000103e-01
7.071660499999999905e-01 1.195920000000000039e-01 4.601363249999999572e-01
7.132966175000000630e-01 1.210735000000000006e-01 4.593967499999999649e-01
7.193424500000000776e-01 1.228092500000000087e-01 4.586566249999999845e-01
7.042542250000000115e-01 1.301377499999999965e-01 4.595662999999999832e-01
7.102042000000000632e-01 1.319850000000000190e-01 4.592372499999999858e-01
7.160779999999999923e-01 1.339792499999999942e-01 4.589438249999999719e-01
7.010092250000000691e-01 1.408464999999999856e-01 4.623264249999999853e-01
7.069273000000000362e-01 1.426264999999999894e-01 4.625156999999999741e-01
7.128310150000000123e-01 1.444445000000000034e-01 4.626951249999999849e-01
6.979219250000000541e-01 1.508944999999999870e-01 4.678584000000000076e-01
7.038710750000000127e-01 1.522675000000000001e-01 4.683760249999999736e-01
7.098144499999999857e-01 1.536512500000000170e-01 4.688842249999999878e-01
6.958322500000000410e-01 1.605982499999999980e-01 4.739626874999999795e-01
7.015735750000000603e-01 1.609237500000000043e-01 4.755990250000000086e-01
7.075461000000000666e-01 1.617494999999999905e-01 4.762412999999999785e-01
6.981401250000000003e-01 1.741570000000000062e-01 4.791295749999999742e-01
7.014796250000000510e-01 1.724910000000000054e-01 4.794590749999999568e-01
7.070251750000000612e-01 1.719975000000000254e-01 4.817833249999999845e-01
6.953901500000000402e-01 1.798755000000000215e-01 4.903259500000000104e-01
7.004294000000000908e-01 1.790787500000000088e-01 4.902025999999999883e-01
7.061527250000000366e-01 1.771617500000000067e-01 4.911527749999999859e-01
6.972723499999999852e-01 1.865295000000000147e-01 4.966920750000000107e-01
7.029086749999999828e-01 1.848982499999999862e-01 4.972599999999999798e-01
7.086600000000000676e-01 1.835032500000000066e-01 4.979532499999999584e-01
6.988398749999999993e-01 1.887042500000000178e-01 5.028034999999999588e-01
7.045041250000000366e-01 1.873892500000000072e-01 5.037502499999999550e-01
7.100959000000000021e-01 1.859359999999999902e-01 5.048002499999999504e-01
6.998131250000000358e-01 1.805042500000000050e-01 5.027040000000000397e-01
7.054508000000000445e-01 1.796747499999999942e-01 5.042667499999999858e-01
7.109501500000000584e-01 1.786482500000000084e-01 5.058104999999999407e-01
6.986627750000000692e-01 1.703612500000000196e-01 4.997982499999999995e-01
7.041264250000000002e-01 1.697822500000000234e-01 5.019572500000000215e-01
7.095374250000000549e-01 1.690462500000000090e-01 5.040675000000000017e-01
6.979640500000000580e-01 1.604462500000000125e-01 4.951799000000000062e-01
7.032651750000000757e-01 1.597772500000000095e-01 4.978489999999999860e-01
7.085477749999999908e-01 1.590567500000000245e-01 5.005012500000000086e-01
6.981235749999999962e-01 1.518765000000000254e-01 4.888894749999999623e-01
7.032167249999999870e-01 1.508962500000000095e-01 4.919877500000000015e-01
7.083004250000000113e-01 1.498975000000000168e-01 4.950862999999999792e-01
6.972977750000000086e-01 1.431060000000000110e-01 4.843780749999999635e-01
7.020686999999999900e-01 1.414980000000000127e-01 4.876812249999999960e-01
7.068451500000000332e-01 1.398267499999999997e-01 4.909828999999999999e-01
6.941130250000000501e-01 1.356289999999999996e-01 4.801839250000000114e-01
6.985232749999999990e-01 1.330155000000000087e-01 4.835921749999999575e-01
7.029050250000000721e-01 1.303812500000000041e-01 4.870256000000000030e-01
6.889205000000000467e-01 1.286947499999999966e-01 4.774203249999999787e-01
6.928088749999999907e-01 1.254207499999999975e-01 4.810648249999999737e-01
6.966043500000000943e-01 1.221137500000000070e-01 4.847049499999999678e-01
6.818295000000000883e-01 1.232505000000000128e-01 4.762560750000000009e-01
6.851019999999999888e-01 1.195485000000000020e-01 4.801637500000000003e-01
6.883080000000000309e-01 1.158860000000000029e-01 4.840744750000000041e-01
6.734470000000000178e-01 1.195312500000000056e-01 4.769584749999999929e-01
6.762370000000000880e-01 1.156017500000000031e-01 4.811477749999999998e-01
6.789227500000000193e-01 1.116230000000000000e-01 4.853713249999999646e-01
6.649207500000000604e-01 1.185157500000000030e-01 4.786536750000000007e-01
6.668505000000000127e-01 1.145417499999999977e-01 4.834330499999999753e-01
6.687270000000000714e-01 1.104977500000000057e-01 4.881855749999999827e-01
6.561622500000000580e-01 1.159445000000000059e-01 4.773039749999999914e-01
6.573555000000000925e-01 1.121594999999999953e-01 4.827264499999999736e-01
6.584532499999999899e-01 1.083120000000000055e-01 4.880863999999999758e-01
6.468305000000000859e-01 1.162807499999999883e-01 4.771966999999999737e-01
6.476797499999999985e-01 1.128107499999999874e-01 4.832317250000000008e-01
6.484272500000000106e-01 1.092744999999999966e-01 4.892366499999999951e-01
6.380310000000000148e-01 1.199922499999999947e-01 4.782416999999999918e-01
6.387590000000000767e-01 1.164324999999999943e-01 4.848863749999999806e-01
6.394522500000000553e-01 1.127722499999999906e-01 4.915289499999999645e-01
6.311675000000001035e-01 1.263892500000000085e-01 4.798046499999999992e-01
6.316420000000000368e-01 1.225340000000000040e-01 4.873281250000000009e-01
6.322005000000000541e-01 1.190475000000000005e-01 4.948015000000000052e-01
6.264795000000000780e-01 1.344285000000000063e-01 4.817857249999999980e-01
6.266582500000000833e-01 1.301242499999999969e-01 4.900327500000000169e-01
6.272275000000000489e-01 1.261889999999999956e-01 4.978902499999999787e-01
6.188472500000000709e-01 1.426757499999999901e-01 4.878780249999999929e-01
6.225957500000000033e-01 1.391652500000000181e-01 4.954250249999999633e-01
6.261960000000000859e-01 1.342200000000000060e-01 5.025162499999999977e-01
6.194492500000000623e-01 1.488415000000000155e-01 4.928004249999999864e-01
6.223732500000001000e-01 1.459840000000000027e-01 4.994339999999999891e-01
6.253475000000000561e-01 1.430529999999999857e-01 5.060867500000000296e-01
6.218067500000000747e-01 1.592262500000000136e-01 4.964296249999999855e-01
6.246842500000000520e-01 1.578174999999999994e-01 5.026734999999999953e-01
6.276147499999999990e-01 1.564607500000000095e-01 5.089000000000000190e-01
6.254045000000000298e-01 1.692394999999999872e-01 4.986054999999999793e-01
6.284885000000000055e-01 1.698075000000000001e-01 5.042554999999999676e-01
6.316117500000000273e-01 1.704757500000000092e-01 5.098362499999999908e-01
6.298920000000000075e-01 1.794492500000000046e-01 4.977977499999999833e-01
6.334859999999999935e-01 1.814230000000000009e-01 5.027369999999999894e-01
6.370820000000000372e-01 1.835185000000000011e-01 5.076640000000000041e-01
6.310862500000000708e-01 1.909845000000000015e-01 4.965810250000000092e-01
6.344862500000000294e-01 1.930275000000000185e-01 5.014137499999999914e-01
6.378547500000000259e-01 1.950565000000000215e-01 5.062465000000000437e-01
6.351062499999999833e-01 2.029170000000000140e-01 4.948874999999999802e-01
6.382967500000000793e-01 2.044402500000000178e-01 5.000185000000000324e-01
6.413832500000000714e-01 2.059425000000000006e-01 5.052225000000000188e-01
6.420577499999999826e-01 2.125632500000000091e-01 4.918556249999999630e-01
6.454457500000000403e-01 2.133312500000000000e-01 4.970875000000000155e-01
6.489127500000000381e-01 2.143327500000000163e-01 5.022852500000000164e-01
6.518380000000000285e-01 2.162620000000000098e-01 4.887691750000000002e-01
6.550405000000000255e-01 2.169640000000000180e-01 4.938304749999999910e-01
6.581815000000000859e-01 2.175307499999999949e-01 4.989867499999999789e-01
6.610797500000000770e-01 2.114872500000000155e-01 4.874617250000000124e-01
6.641930000000000334e-01 2.121177499999999938e-01 4.927981999999999640e-01
6.672170000000000600e-01 2.125765000000000016e-01 4.981674999999999853e-01
6.677815000000000278e-01 2.019355000000000178e-01 4.874833499999999820e-01
6.709905000000000452e-01 2.028907500000000086e-01 4.924780500000000005e-01
6.738762500000000655e-01 2.037377499999999952e-01 4.974542499999999867e-01
6.732299999999999951e-01 1.910455000000000070e-01 4.875546000000000046e-01
6.766052500000000469e-01 1.926499999999999879e-01 4.923615749999999958e-01
6.795342500000000063e-01 1.939414999999999889e-01 4.969404249999999634e-01
6.810277500000000428e-01 1.810030000000000250e-01 4.867361499999999785e-01
6.841300000000000159e-01 1.831877500000000103e-01 4.914940749999999747e-01
6.872797500000000781e-01 1.853182500000000177e-01 4.962122999999999950e-01
6.911942500000000100e-01 1.715422500000000072e-01 4.871821499999999805e-01
6.932656750000000256e-01 1.740349999999999953e-01 4.898092000000000001e-01
6.937725000000000142e-01 1.739470000000000183e-01 4.939783249999999959e-01
7.031592750000000835e-01 1.669042500000000040e-01 4.845561749999999779e-01
7.049596500000000487e-01 1.704647499999999982e-01 4.883359250000000040e-01
7.069293500000000119e-01 1.727770000000000139e-01 4.919517999999999947e-01
7.157534524999999981e-01 1.651127500000000026e-01 4.810121749999999863e-01
7.172216750000000030e-01 1.693624999999999992e-01 4.850369999999999959e-01
7.187043750000000619e-01 1.736722500000000002e-01 4.890529999999999600e-01
7.280684250000000191e-01 1.624809999999999865e-01 4.791526249999999987e-01
7.293510500000000008e-01 1.673350000000000115e-01 4.826999750000000033e-01
7.306418250000000780e-01 1.721942499999999932e-01 4.862604999999999844e-01
7.402832500000000593e-01 1.604415000000000147e-01 4.768334750000000066e-01
7.413667500000000743e-01 1.656845000000000123e-01 4.797563749999999572e-01
7.424775000000000125e-01 1.709362500000000118e-01 4.826783499999999782e-01
7.523587500000000761e-01 1.589002500000000206e-01 4.738876424999999837e-01
7.532542500000000141e-01 1.644845000000000057e-01 4.761528250000000018e-01
7.541605000000000114e-01 1.700877500000000098e-01 4.783997249999999979e-01
7.645587500000000647e-01 1.572835000000000205e-01 4.710952599999999602e-01
7.653117500000000684e-01 1.632192500000000102e-01 4.727199599999999946e-01
7.660717500000000513e-01 1.691739999999999911e-01 4.743601174999999559e-01
7.766875000000000862e-01 1.555584999999999885e-01 4.691786249999999603e-01
7.774677500000000130e-01 1.617247500000000004e-01 4.703455874999999953e-01
7.782965000000000577e-01 1.678680000000000172e-01 4.714624049999999733e-01
7.886925000000000185e-01 1.536942500000000045e-01 4.670775499999999525e-01
7.895235000000000447e-01 1.600572499999999843e-01 4.678926999999999947e-01
7.903815000000000701e-01 1.664002499999999996e-01 4.686208249999999631e-01
8.005730000000000901e-01 1.515852500000000047e-01 4.652648999999999813e-01
8.016240000000000032e-01 1.581027500000000141e-01 4.658067750000000062e-01
8.027305000000000135e-01 1.645220000000000016e-01 4.663721999999999590e-01
8.123237500000000111e-01 1.484867500000000007e-01 4.649336249999999615e-01
8.134572500000000206e-01 1.551810000000000134e-01 4.654567499999999747e-01
8.146145000000000191e-01 1.617927499999999852e-01 4.660061249999999933e-01
8.241600000000000037e-01 1.450144999999999906e-01 4.654965999999999826e-01
8.250767500000000254e-01 1.520060000000000022e-01 4.660736999999999797e-01
8.260115000000000096e-01 1.589537500000000048e-01 4.666362249999999601e-01
8.356157500000001015e-01 1.419505000000000350e-01 4.668714749999999802e-01
8.361552500000000165e-01 1.495142500000000152e-01 4.674343249999999839e-01
8.365820000000000478e-01 1.571162500000000128e-01 4.679742249999999659e-01
8.469082500000000291e-01 1.391225000000000378e-01 4.686500499999999847e-01
8.472242500000000121e-01 1.476985000000000103e-01 4.692394249999999878e-01
8.472380000000000466e-01 1.563942500000000124e-01 4.697864774999999660e-01
8.578982500000000844e-01 1.367480000000000362e-01 4.702933474999999586e-01
8.584267500000000162e-01 1.462714999999999987e-01 4.709636949999999600e-01
8.584247500000000697e-01 1.560095000000000232e-01 4.715889724999999810e-01
8.681260000000000643e-01 1.328732499999999983e-01 4.716092349999999600e-01
8.683564999999999756e-01 1.441552500000000125e-01 4.723501024999999798e-01
8.680045000000000677e-01 1.555292500000000078e-01 4.730293224999999602e-01
8.791355000000000697e-01 1.314942500000000070e-01 4.725899774999999803e-01
8.787837499999999746e-01 1.431885000000000241e-01 4.733200449999999671e-01
8.786350000000000549e-01 1.551492500000000163e-01 4.740485549999999826e-01
8.904445000000000832e-01 1.337862500000000232e-01 4.733399099999999748e-01
8.901080000000000103e-01 1.434210000000000207e-01 4.739315449999999541e-01
8.894852500000000051e-01 1.532175000000000065e-01 4.744900249999999819e-01
9.020362500000000949e-01 1.350472500000000076e-01 4.740245499999999890e-01
9.016890000000000738e-01 1.436750000000000249e-01 4.745469249999999528e-01
9.012097500000000316e-01 1.523774999999999991e-01 4.750515499999999891e-01
9.241105000000000569e-01 1.441800000000000304e-01 4.757425249999999717e-01
