4.963460000000000649e-01 -5.695400000000000462e-02 4.684413250000000195e-01
5.398767500000000163e-01 -4.048400000000000609e-02 4.698867500000000197e-01
5.410890000000000422e-01 -5.300449999999998218e-02 4.691901499999999725e-01
5.420787500000000536e-01 -6.551974999999998772e-02 4.684753500000000126e-01
5.514762500000000012e-01 -3.899625000000001007e-02 4.700398049999999772e-01
5.529587500000000544e-01 -5.195400000000000018e-02 4.693468249999999675e-01
5.537445000000000839e-01 -6.478699999999998349e-02 4.685873500000000136e-01
5.641955000000000719e-01 -3.838500000000000245e-02 4.701252899999999735e-01
5.650335000000000774e-01 -5.078525000000000400e-02 4.694651999999999714e-01
5.659615000000000062e-01 -6.365375000000000894e-02 4.685804499999999817e-01
5.772895000000000110e-01 -3.835100000000001008e-02 4.708865074999999956e-01
5.776142500000001068e-01 -5.011050000000001614e-02 4.702059175000000146e-01
5.782557500000000683e-01 -6.234100000000000752e-02 4.693318499999999949e-01
5.908222499999999933e-01 -3.788900000000000601e-02 4.703096649999999879e-01
5.904427500000000162e-01 -4.908825000000001382e-02 4.696413174999999884e-01
5.909455000000000124e-01 -6.076950000000000407e-02 4.688444250000000091e-01
6.061020000000000296e-01 -3.735324999999999063e-02 4.686495999999999995e-01
6.043917500000000054e-01 -4.856649999999999856e-02 4.680897499999999711e-01
6.038592500000000696e-01 -5.993350000000000066e-02 4.674597999999999809e-01
6.186607500000000925e-01 -3.609474999999999489e-02 4.674157250000000041e-01
6.172065000000001023e-01 -4.785274999999999945e-02 4.667845250000000057e-01
6.171254999999999935e-01 -5.929874999999998342e-02 4.661205250000000078e-01
6.311877500000000474e-01 -3.429799999999999516e-02 4.661884249999999619e-01
6.300287500000000263e-01 -4.700200000000000211e-02 4.654748499999999956e-01
6.297732500000000622e-01 -5.890075000000000172e-02 4.648420249999999920e-01
6.427442500000000170e-01 -3.305799999999999017e-02 4.659553499999999904e-01
6.412349999999999994e-01 -4.509674999999999101e-02 4.653000499999999651e-01
6.402082500000000342e-01 -5.660350000000000104e-02 4.646958499999999659e-01
6.529342500000000493e-01 -3.397399999999999032e-02 4.668064249999999693e-01
6.511207500000000259e-01 -4.525649999999999118e-02 4.661056000000000088e-01
6.489777500000000199e-01 -5.639749999999998931e-02 4.653703750000000028e-01
6.641917500000000807e-01 -3.553499999999999714e-02 4.683472750000000073e-01
6.616232500000001071e-01 -4.657624999999999960e-02 4.675193500000000002e-01
6.583825000000000927e-01 -5.734200000000000408e-02 4.666202500000000142e-01
6.769365000000000521e-01 -3.730324999999999613e-02 4.703465224999999750e-01
6.747665000000000468e-01 -4.788874999999999382e-02 4.693686750000000130e-01
6.722125000000001016e-01 -5.850474999999999426e-02 4.685196999999999834e-01
6.903705500000000272e-01 -3.875024999999999997e-02 4.727442074999999577e-01
6.888952500000000700e-01 -4.933925000000000116e-02 4.714025175000000067e-01
6.867512500000000353e-01 -5.939025000000000554e-02 4.710818274999999944e-01
7.045430250000001005e-01 -3.966599999999999293e-02 4.746209499999999859e-01
7.036192000000000002e-01 -5.036774999999998892e-02 4.730041649999999764e-01
7.025878750000000839e-01 -6.067600000000000771e-02 4.713934149999999823e-01
7.199096249999999975e-01 -4.021824999999999706e-02 4.758252499999999774e-01
7.187171500000000268e-01 -5.083274999999999599e-02 4.738886299999999774e-01
7.175119500000000095e-01 -6.140099999999998337e-02 4.719091424999999895e-01
7.302037000000000111e-01 -4.071249999999999869e-02 4.765004499999999643e-01
7.300502000000000935e-01 -5.089799999999999880e-02 4.743629699999999949e-01
7.295587250000000745e-01 -6.073799999999998644e-02 4.719708363749999802e-01
7.398225000000000495e-01 -4.024574999999999680e-02 4.768485000000000085e-01
7.400242500000000501e-01 -5.019200000000000050e-02 4.743724199999999613e-01
7.398220000000000907e-01 -6.002474999999998784e-02 4.719497429999999771e-01
7.511952500000000921e-01 -3.961699999999999944e-02 4.768009999999999748e-01
7.507840000000000069e-01 -4.914724999999998956e-02 4.743323274999999839e-01
7.499732500000000357e-01 -5.887575000000000447e-02 4.718484789999999873e-01
7.626395000000000257e-01 -3.995324999999999571e-02 4.760765249999999726e-01
7.617832500000000229e-01 -4.942649999999999821e-02 4.735107974999999692e-01
7.607145000000000712e-01 -5.915449999999999875e-02 4.708781125000000012e-01
7.740422500000000428e-01 -3.955274999999999763e-02 4.752880499999999619e-01
7.739722500000000283e-01 -4.925424999999999942e-02 4.723676049999999682e-01
7.743372500000000880e-01 -5.881624999999998660e-02 4.694281499999999885e-01
7.860470000000000512e-01 -3.901924999999999144e-02 4.741888400000000003e-01
7.855160000000001030e-01 -4.856149999999999356e-02 4.711536674999999841e-01
7.860557500000000530e-01 -5.761849999999998917e-02 4.679793749999999752e-01
7.985835000000000017e-01 -3.858899999999999830e-02 4.733328949999999757e-01
7.977282500000000276e-01 -4.790099999999999913e-02 4.699971199999999905e-01
7.971095000000000264e-01 -5.671499999999998765e-02 4.667812749999999955e-01
8.108167500000000860e-01 -3.996774999999999634e-02 4.731032374999999957e-01
8.081655000000000921e-01 -4.886799999999999478e-02 4.697241149999999976e-01
8.058000000000000718e-01 -5.758225000000000149e-02 4.663850749999999823e-01
8.212250000000000938e-01 -4.444999999999998952e-02 4.729639199999999821e-01
8.171445000000000514e-01 -5.224850000000000327e-02 4.695001399999999547e-01
8.136045000000000638e-01 -6.036849999999999161e-02 4.659964499999999510e-01
8.302782500000001065e-01 -5.169825000000000115e-02 4.729247649999999692e-01
8.252850000000000463e-01 -5.844625000000000514e-02 4.692640249999999735e-01
8.204827500000000384e-01 -6.540825000000000111e-02 4.657501000000000002e-01
8.383455000000000767e-01 -6.059324999999998740e-02 4.725636699999999912e-01
8.327832500000000859e-01 -6.648574999999998236e-02 4.691114249999999708e-01
8.274045000000000982e-01 -7.276199999999999335e-02 4.657705999999999791e-01
8.471835000000000893e-01 -6.966100000000000070e-02 4.727742624999999865e-01
8.403175000000000505e-01 -7.451974999999999572e-02 4.692597000000000018e-01
8.341884999999999994e-01 -7.969275000000000664e-02 4.659970249999999536e-01
8.526602500000000084e-01 -7.994475000000000886e-02 4.726361574999999871e-01
8.453640000000000043e-01 -8.353525000000000533e-02 4.692765749999999736e-01
8.384010000000000629e-01 -8.694224999999999870e-02 4.660788750000000036e-01
8.580659999999999954e-01 -9.019974999999999521e-02 4.742204074999999963e-01
8.496585000000000942e-01 -9.185050000000000159e-02 4.704024499999999720e-01
8.413950000000000040e-01 -9.366449999999998388e-02 4.667355999999999727e-01
8.590837500000000349e-01 -1.011374999999999913e-01 4.796835999999999878e-01
8.505192500000000599e-01 -1.000769999999999993e-01 4.744120299999999846e-01
8.413730000000000375e-01 -9.948150000000000048e-02 4.692357749999999661e-01
8.550757500000000233e-01 -1.121052499999999896e-01 4.835221499999999839e-01
8.466007500000000130e-01 -1.085514999999999952e-01 4.767137749999999508e-01
8.367165000000000852e-01 -1.048459999999999948e-01 4.695075499999999957e-01
8.485690000000000177e-01 -1.200469999999999871e-01 4.862489249999999985e-01
8.397937500000000055e-01 -1.168572499999999958e-01 4.794430999999999554e-01
8.307770000000000987e-01 -1.121435000000000071e-01 4.718829367499999816e-01
8.404847500000000027e-01 -1.294490000000000085e-01 4.856132749999999554e-01
8.332660000000000622e-01 -1.250340000000000062e-01 4.791439749999999997e-01
8.264595000000000136e-01 -1.201414999999999844e-01 4.726880349999999509e-01
8.306062500000001014e-01 -1.400939999999999963e-01 4.848018999999999523e-01
8.251980000000000981e-01 -1.347109999999999974e-01 4.785389250000000039e-01
8.201607500000001050e-01 -1.288727500000000081e-01 4.721309709999999549e-01
8.162295000000000522e-01 -1.484624999999999972e-01 4.841660249999999999e-01
8.135557500000000219e-01 -1.423379999999999923e-01 4.780348499999999556e-01
8.105984999999999996e-01 -1.362599999999999922e-01 4.719847808250000054e-01
8.038755000000000761e-01 -1.509959999999999913e-01 4.842306749999999993e-01
8.032637500000000541e-01 -1.447737500000000066e-01 4.783796249999999750e-01
8.016905000000000836e-01 -1.386892499999999862e-01 4.724985024999999728e-01
7.916685000000001082e-01 -1.540829999999999977e-01 4.825311749999999789e-01
7.919527500000000941e-01 -1.477322499999999816e-01 4.767946499999999865e-01
7.914845000000000352e-01 -1.414549999999999974e-01 4.710723799999999573e-01
7.787607500000000016e-01 -1.568319999999999992e-01 4.783184249999999915e-01
7.799412500000000303e-01 -1.504754999999999843e-01 4.728793599999999708e-01
7.806657500000000471e-01 -1.440642500000000048e-01 4.675510999999999973e-01
7.645337500000000119e-01 -1.555707500000000076e-01 4.759893499999999777e-01
7.670107500000000744e-01 -1.495842500000000019e-01 4.708825524999999956e-01
7.688432500000000891e-01 -1.435079999999999967e-01 4.659067749999999952e-01
7.502035000000000231e-01 -1.492364999999999942e-01 4.762237500000000012e-01
7.538130000000000663e-01 -1.439652499999999891e-01 4.711743149999999547e-01
7.570787500000000225e-01 -1.385982500000000062e-01 4.662203749999999647e-01
7.412215000000000886e-01 -1.396330000000000071e-01 4.774018250000000019e-01
7.453947500000001058e-01 -1.351302500000000073e-01 4.722601599999999844e-01
7.494877500000000081e-01 -1.305402499999999966e-01 4.671643500000000060e-01
7.346878000000001130e-01 -1.284855000000000025e-01 4.784579999999999944e-01
7.393942250000000715e-01 -1.249357499999999843e-01 4.732788824999999977e-01
7.441935000000000633e-01 -1.213184999999999958e-01 4.680586749999999796e-01
7.280063500000000243e-01 -1.173287499999999817e-01 4.790220000000000034e-01
7.328378500000000129e-01 -1.140305000000000069e-01 4.739411424999999678e-01
7.377016750000000567e-01 -1.105764999999999942e-01 4.688322999999999796e-01
7.197492500000000071e-01 -1.057602500000000001e-01 4.784600749999999847e-01
7.247019749999999982e-01 -1.022919999999999940e-01 4.734533099999999606e-01
7.296259500000000786e-01 -9.876750000000000806e-02 4.684435249999999717e-01
7.098012000000000210e-01 -9.535849999999998494e-02 4.771469749999999732e-01
7.145764657500000006e-01 -9.169150000000000911e-02 4.723337099999999622e-01
7.192717250000000284e-01 -8.806474999999999720e-02 4.675172499999999953e-01
6.986803250000001020e-01 -8.528574999999999351e-02 4.750324249999999804e-01
7.036461250000000112e-01 -8.185200000000000808e-02 4.704821699999999773e-01
7.085539500000000990e-01 -7.843949999999999534e-02 4.659475999999999618e-01
6.876482500000000719e-01 -7.437374999999998848e-02 4.713537924999999795e-01
6.931131000000000375e-01 -7.205000000000000293e-02 4.674517999999999729e-01
6.985897000000000912e-01 -6.969724999999998838e-02 4.635272249999999872e-01
6.787737500000000646e-01 -6.366399999999999837e-02 4.666824499999999709e-01
6.847855000000000469e-01 -6.314849999999999630e-02 4.649259249999999621e-01
6.912760750000001009e-01 -6.214999999999998304e-02 4.618381249999999882e-01
6.767600000000000282e-01 -5.247425000000000006e-02 4.655281249999999593e-01
6.833452500000000152e-01 -5.360224999999999018e-02 4.638353499999999796e-01
6.899583000000000244e-01 -5.477299999999998836e-02 4.614932999999999952e-01
6.817352500000000148e-01 -4.206849999999999479e-02 4.681968499999999977e-01
6.872930000000000428e-01 -4.546949999999999603e-02 4.661061750000000115e-01
6.930544750000000587e-01 -4.888774999999999371e-02 4.634102749999999826e-01
6.896390000000000020e-01 -3.591749999999999110e-02 4.700131899999999696e-01
6.947527250000000709e-01 -3.936874999999999403e-02 4.678141999999999578e-01
6.999297000000000990e-01 -4.358274999999998955e-02 4.649839749999999938e-01
6.983252500000000085e-01 -2.983999999999999153e-02 4.722156507499999933e-01
7.033881500000001008e-01 -3.328899999999999915e-02 4.699581349999999991e-01
7.083639250000000054e-01 -3.786449999999999538e-02 4.669937249999999707e-01
7.062173500000000770e-01 -2.436624999999999208e-02 4.749608999999999637e-01
7.112466000000000621e-01 -2.810799999999999410e-02 4.724930474999999852e-01
7.164576850000000663e-01 -3.214949999999999752e-02 4.697775824999999572e-01
7.129071550000000146e-01 -1.730624999999999525e-02 4.751847750000000037e-01
7.183567250000000293e-01 -2.051249999999998908e-02 4.727707499999999619e-01
7.240698000000000967e-01 -2.341649999999999288e-02 4.702556649999999894e-01
7.169214250000000010e-01 -8.763999999999994017e-03 4.743581199999999942e-01
7.228149249999999970e-01 -1.082500000000000129e-02 4.719373639999999703e-01
7.288859250000000456e-01 -1.245549999999999435e-02 4.693956249999999830e-01
7.180857750000000372e-01 9.950000000000097655e-04 4.734956399999999954e-01
7.242444250000000805e-01 6.010000000000043086e-04 4.709300699999999784e-01
7.304914750000000012e-01 5.280000000000006910e-04 4.681723999999999886e-01
7.144902027500000807e-01 1.253275000000000222e-02 4.732250949999999845e-01
7.206320250000000094e-01 1.359525000000000317e-02 4.704164774999999854e-01
7.266844250000000782e-01 1.451325000000000531e-02 4.675484999999999780e-01
7.101116500000000942e-01 2.270775000000000571e-02 4.739221524999999713e-01
7.167140950000000510e-01 2.484975000000000378e-02 4.708044774999999849e-01
7.230029500000000331e-01 2.690600000000000630e-02 4.677360749999999734e-01
7.060450000000000337e-01 3.177100000000000757e-02 4.749379749999999567e-01
7.136141125000000640e-01 3.492275000000000240e-02 4.713307525000000053e-01
7.207123500000000016e-01 3.758900000000000435e-02 4.678656250000000072e-01
7.004376250000000637e-01 4.064675000000000232e-02 4.735710224999999940e-01
7.104335500000000803e-01 4.484550000000000342e-02 4.689446250000000038e-01
7.196093000000000073e-01 4.873925000000000479e-02 4.644785249999999754e-01
6.963573750000000562e-01 4.867675000000000474e-02 4.722835899999999754e-01
7.072080000000000588e-01 5.184092500000000298e-02 4.683680749999999948e-01
7.170149749999999989e-01 5.494985000000000841e-02 4.648960249999999905e-01
6.990823250000000044e-01 5.650735000000000480e-02 4.754557500000000103e-01
7.070091500000000861e-01 5.898460000000000508e-02 4.726841124999999755e-01
7.156971950000000637e-01 6.227107500000000212e-02 4.699977599999999867e-01
6.980060500000000445e-01 6.525802499999999728e-02 4.760629249999999701e-01
7.046539250000000143e-01 6.801282499999999898e-02 4.737683449999999796e-01
7.110457000000000027e-01 7.101732500000000614e-02 4.718275644999999630e-01
6.976803000000000310e-01 7.416880400000000484e-02 4.798136000000000068e-01
7.033213500000000673e-01 7.671569999999999778e-02 4.780694999999999806e-01
7.091981750000000417e-01 7.969827499999999898e-02 4.763993749999999583e-01
6.985868500000000925e-01 8.091689999999999994e-02 4.856187499999999879e-01
7.029929249999999907e-01 8.319650000000000656e-02 4.848606749999999632e-01
7.084820250000000152e-01 8.611907500000000326e-02 4.835673749999999660e-01
6.946309500000000803e-01 8.939864999999999617e-02 4.870634999999999826e-01
6.994329000000000240e-01 9.183952500000000518e-02 4.862392500000000117e-01
7.049418750000000511e-01 9.493927500000000352e-02 4.849805749999999693e-01
6.914783500000000194e-01 9.855445000000000177e-02 4.919336999999999738e-01
6.958590250000000754e-01 9.966474999999999640e-02 4.915116999999999958e-01
7.013012750000000572e-01 1.023307499999999981e-01 4.902138249999999919e-01
6.913576750000000049e-01 1.037450000000000039e-01 5.020037499999999708e-01
6.958788250000000897e-01 1.045572500000000044e-01 5.003937499999999705e-01
7.013384750000000167e-01 1.065030000000000143e-01 4.984254999999999658e-01
6.938749250000000313e-01 1.035159999999999969e-01 5.129709999999999548e-01
6.991609250000000442e-01 1.048505000000000131e-01 5.103050000000000086e-01
7.044572500000000348e-01 1.061934999999999962e-01 5.076465000000000005e-01
6.991392750000000600e-01 1.015682499999999988e-01 5.226169999999999982e-01
7.042573500000000042e-01 1.014935000000000004e-01 5.189169999999999616e-01
7.091964750000000484e-01 1.023295000000000038e-01 5.156192499999999734e-01
7.141871400000000536e-01 9.493610000000000937e-02 5.277872500000000411e-01
7.147497175000000480e-01 9.543807500000001109e-02 5.250804999999999501e-01
7.178970000000000073e-01 9.550530000000000130e-02 5.197932499999999845e-01
7.199316250000000750e-01 8.232559999999999878e-02 5.282172499999999715e-01
7.209479750000000742e-01 8.294622500000001231e-02 5.248249999999999860e-01
7.232343750000000959e-01 8.372700000000000975e-02 5.192412499999999875e-01
7.250436500000000395e-01 7.368041250000000042e-02 5.299817500000000292e-01
7.273576999999999959e-01 7.336248250000000637e-02 5.250577499999999898e-01
7.301478250000000836e-01 7.233361250000000520e-02 5.201749999999999430e-01
7.273024750000000038e-01 6.693015000000000769e-02 5.305819999999999981e-01
7.300446250000000026e-01 6.469752500000000572e-02 5.263309999999999933e-01
7.322238250000000503e-01 6.219257500000000688e-02 5.229639999999999844e-01
7.215736000000000372e-01 6.390080000000000759e-02 5.243887499999999591e-01
7.250153000000000292e-01 6.171257500000000562e-02 5.210779999999999301e-01
7.278558750000000410e-01 5.934300000000000685e-02 5.167257499999999837e-01
7.128798125000000985e-01 6.622130000000001071e-02 5.185414999999999885e-01
7.161161450000000928e-01 6.404817499999999886e-02 5.141782499999999478e-01
7.192893750000000086e-01 6.225915000000000615e-02 5.097579999999999334e-01
7.054216500000000112e-01 7.279634749999999710e-02 5.110230000000000050e-01
7.084898000000000584e-01 6.944412500000000932e-02 5.071262500000000006e-01
7.112939249999999936e-01 6.661999999999999866e-02 5.032082500000000236e-01
7.020093500000000875e-01 8.129712499999999786e-02 5.018627500000000241e-01
7.040569750000000848e-01 7.653342500000000215e-02 4.990382499999999610e-01
7.062477000000000338e-01 7.229521500000000989e-02 4.959555999999999965e-01
6.987627750000000582e-01 8.573070000000000690e-02 4.938784250000000098e-01
7.008115750000000199e-01 8.072037500000001087e-02 4.914259749999999594e-01
7.026877250000000963e-01 7.573835250000000852e-02 4.888500499999999804e-01
6.949747750000000446e-01 8.907627500000001031e-02 4.879497499999999599e-01
6.967313750000000416e-01 8.391345000000000054e-02 4.853176999999999630e-01
6.979933000000000387e-01 7.882062500000000527e-02 4.833469499999999974e-01
6.912297250000000171e-01 9.214495000000000324e-02 4.821163749999999859e-01
6.922609750000000561e-01 8.678897500000000431e-02 4.792138999999999704e-01
6.927779250000000166e-01 8.144515000000000782e-02 4.765444749999999674e-01
6.851997499999999963e-01 9.469600000000000239e-02 4.800929250000000037e-01
6.846917500000000434e-01 8.938630000000000186e-02 4.767809249999999666e-01
6.841995000000000715e-01 8.410677500000000861e-02 4.736421074999999647e-01
6.780645000000000699e-01 9.686357500000000731e-02 4.814607499999999929e-01
6.764435000000000864e-01 9.166080000000000061e-02 4.782171000000000061e-01
6.748030000000000417e-01 8.642130000000000645e-02 4.750962499999999977e-01
6.717302500000000842e-01 1.011414999999999953e-01 4.811688000000000076e-01
6.685557500000000042e-01 9.662087499999999496e-02 4.777438749999999845e-01
6.654955000000000176e-01 9.200685000000000113e-02 4.743966674999999800e-01
6.683275000000000743e-01 1.080524999999999958e-01 4.787281499999999634e-01
6.638985000000000580e-01 1.042825000000000002e-01 4.753896999999999706e-01
6.596270000000000744e-01 1.005090000000000011e-01 4.721017682499999979e-01
6.643090000000000384e-01 1.162185000000000024e-01 4.790861249999999738e-01
6.591217500000000618e-01 1.125712500000000116e-01 4.761328750000000110e-01
6.538642500000000357e-01 1.090847499999999942e-01 4.732583025000000054e-01
6.602807500000000829e-01 1.234802500000000136e-01 4.834799249999999771e-01
6.543240000000000167e-01 1.199762500000000065e-01 4.805228749999999605e-01
6.484367500000000062e-01 1.163277500000000075e-01 4.774421999999999833e-01
6.573010000000000241e-01 1.290744999999999809e-01 4.904698000000000113e-01
6.502105000000000246e-01 1.255682499999999924e-01 4.876485999999999876e-01
6.435147500000000242e-01 1.219022499999999898e-01 4.846454749999999922e-01
6.544794999999999918e-01 1.331967500000000026e-01 4.984624999999999750e-01
6.464715000000000877e-01 1.294579999999999897e-01 4.955415499999999973e-01
6.392692500000000111e-01 1.255804999999999838e-01 4.923610499999999668e-01
6.478875000000000606e-01 1.390507500000000007e-01 5.071520000000000472e-01
6.412895000000000678e-01 1.328702499999999953e-01 5.057315000000000005e-01
6.352207500000000007e-01 1.265172499999999978e-01 5.030090000000000394e-01
6.447420000000000373e-01 1.383085000000000009e-01 5.142782500000000478e-01
6.389170000000000682e-01 1.330925000000000025e-01 5.136614999999999931e-01
6.332520000000000371e-01 1.278562500000000046e-01 5.131345000000000489e-01
6.453262500000001012e-01 1.366192500000000254e-01 5.236429999999999696e-01
6.402847500000000691e-01 1.318222500000000019e-01 5.246629999999999905e-01
6.354470000000000951e-01 1.269697499999999923e-01 5.256982500000000336e-01
6.495450000000000390e-01 1.320797499999999958e-01 5.295822500000000321e-01
6.464290000000000314e-01 1.269635000000000069e-01 5.319622499999999699e-01
6.435370000000000257e-01 1.218342500000000050e-01 5.342787500000000245e-01
6.570310000000000317e-01 1.268330000000000013e-01 5.293200000000000127e-01
6.551262500000000211e-01 1.213279999999999914e-01 5.316052500000000292e-01
6.533865000000000922e-01 1.157164999999999999e-01 5.338534999999999808e-01
6.657530000000000392e-01 1.225895000000000040e-01 5.323215000000000030e-01
6.638605000000000755e-01 1.171482500000000093e-01 5.345799999999999441e-01
6.619517500000000609e-01 1.116604999999999959e-01 5.368779999999999664e-01
6.733912499999999968e-01 1.162455000000000016e-01 5.400512499999999827e-01
6.709635000000000460e-01 1.109430000000000138e-01 5.419482500000000202e-01
6.682637500000000452e-01 1.056295000000000012e-01 5.437119999999999731e-01
6.796670000000000211e-01 1.130702500000000110e-01 5.493930000000000202e-01
6.778322500000000250e-01 1.076157500000000100e-01 5.519462499999999716e-01
6.758505000000000207e-01 1.021684999999999954e-01 5.545287500000000147e-01
6.877155000000000351e-01 1.084549999999999959e-01 5.550209999999999866e-01
6.863725000000000520e-01 1.031342500000000106e-01 5.576412499999999772e-01
6.850835000000000674e-01 9.769967499999999971e-02 5.603122499999999562e-01
6.933445750000000185e-01 1.017377500000000018e-01 5.517750000000000155e-01
6.924468250000000991e-01 9.613684999999999592e-02 5.543844999999999468e-01
6.915969000000000699e-01 9.058545000000001179e-02 5.569640000000000146e-01
6.947593250000000387e-01 9.473007499999999692e-02 5.436277499999999652e-01
6.941046000000000715e-01 8.937770000000000437e-02 5.462892499999999485e-01
6.934467750000000708e-01 8.420089999999999519e-02 5.490039999999999365e-01
6.978614250000000352e-01 8.846955000000000791e-02 5.349287499999999529e-01
6.974919750000000418e-01 8.328577500000000633e-02 5.381002499999999467e-01
6.971129249999999944e-01 7.862907500000000660e-02 5.410850000000000382e-01
7.042329750000000388e-01 8.205099999999999894e-02 5.260394999999999932e-01
7.039583249999999959e-01 7.750819999999999932e-02 5.300372500000000153e-01
7.035787749999999896e-01 7.318977499999999858e-02 5.340517499999999362e-01
7.116995500000000696e-01 7.318324250000000919e-02 5.181527499999999398e-01
7.108512250000000865e-01 7.166360500000000522e-02 5.217082499999999845e-01
7.106159000000000781e-01 7.085437499999999722e-02 5.244164999999999521e-01
7.213808000000000442e-01 7.161859500000000711e-02 5.144759999999999334e-01
7.221576000000000661e-01 7.095407500000000534e-02 5.196994999999999809e-01
7.227270250000000784e-01 7.007307500000001244e-02 5.224027500000000268e-01
7.311753000000000835e-01 6.931050000000001099e-02 5.103254999999999875e-01
7.325379750000000634e-01 6.898907500000001081e-02 5.155782500000000157e-01
7.345248250000000478e-01 6.959152500000000130e-02 5.198462499999999542e-01
7.428390000000000271e-01 7.053357500000000113e-02 5.058549999999999436e-01
7.452502500000000030e-01 6.979322500000000040e-02 5.113820000000000032e-01
7.476210000000000910e-01 6.897949999999999915e-02 5.168967500000000159e-01
7.577172500000000088e-01 7.155670500000001211e-02 4.990677499999999767e-01
7.594494999999999996e-01 7.139737500000001291e-02 5.049142500000000089e-01
7.611567500000000486e-01 7.120037500000001018e-02 5.107512499999999900e-01
7.731675000000000075e-01 7.228362000000000676e-02 4.931820499999999829e-01
7.745040000000000813e-01 7.296624000000000165e-02 4.990397500000000042e-01
7.758452500000000418e-01 7.363329750000001395e-02 5.048559999999999715e-01
7.898707500000000659e-01 7.348100500000001589e-02 4.878346249999999662e-01
7.902675000000000116e-01 7.490908250000001545e-02 4.938401749999999923e-01
7.907290000000000152e-01 7.631438500000001235e-02 4.998167499999999763e-01
8.066535000000000233e-01 7.689387500000001430e-02 4.851702499999999696e-01
8.056802499999999867e-01 7.843180000000000984e-02 4.912849499999999980e-01
8.049080000000000679e-01 8.002930000000001154e-02 4.974504999999999622e-01
8.176775000000000571e-01 8.112552500000000388e-02 4.832717499999999999e-01
8.172607499999999803e-01 8.302552500000001667e-02 4.894480249999999533e-01
8.171022500000000299e-01 8.501855000000001217e-02 4.955559999999999965e-01
8.266257500000000480e-01 8.504450000000000898e-02 4.808249499999999732e-01
8.268055000000000820e-01 8.733787500000000925e-02 4.869781749999999576e-01
8.268635000000000845e-01 8.959097500000001713e-02 4.930309249999999532e-01
8.374942499999999956e-01 8.439837500000001158e-02 4.779746500000000009e-01
8.375282500000000852e-01 8.672972500000000751e-02 4.842396749999999805e-01
8.374730000000000230e-01 8.903967500000001256e-02 4.904071749999999730e-01
8.510510000000000019e-01 8.466205000000001646e-02 4.757068499999999589e-01
8.505630000000000690e-01 8.705397500000000566e-02 4.822127499999999678e-01
8.500052500000000455e-01 8.944555000000001255e-02 4.886458999999999664e-01
8.643337500000000118e-01 8.458695000000000797e-02 4.739514974999999852e-01
8.629070000000000906e-01 8.708950000000001412e-02 4.808316749999999584e-01
8.613900000000001000e-01 8.964120000000001809e-02 4.877694249999999787e-01
8.778892500000000654e-01 8.482355000000001144e-02 4.739049474999999512e-01
8.756200000000000649e-01 8.752597500000001973e-02 4.813235999999999626e-01
8.730077500000000823e-01 9.035482500000001360e-02 4.890390249999999606e-01
8.887467500000000298e-01 8.499090000000000811e-02 4.745225499999999874e-01
8.863547500000000801e-01 8.807507500000001655e-02 4.829634499999999608e-01
8.831785000000000885e-01 9.121207500000001744e-02 4.914807999999999955e-01
8.983980000000000299e-01 8.441442500000001514e-02 4.740489449999999994e-01
8.946860000000000923e-01 8.805815000000001558e-02 4.839173999999999976e-01
8.903807500000000541e-01 9.168677500000001201e-02 4.936856999999999496e-01
9.074527500000000302e-01 8.430502500000001953e-02 4.769523749999999840e-01
9.027055000000000495e-01 8.806995000000002183e-02 4.868632999999999988e-01
8.981367500000000392e-01 9.186145000000001115e-02 4.970129999999999826e-01
9.161387500000000017e-01 8.525992500000001417e-02 4.829044749999999997e-01
9.119867500000000682e-01 8.835650000000001836e-02 4.909917499999999491e-01
9.075377500000000319e-01 9.143570000000000864e-02 4.989622499999999961e-01
9.258872500000000505e-01 8.599232500000002222e-02 4.885241499999999903e-01
9.221415000000000584e-01 8.876017500000002447e-02 4.957532749999999933e-01
9.182507500000000045e-01 9.153217500000002116e-02 5.029592499999999688e-01
9.422267500000000018e-01 8.963530000000001496e-02 5.053742500000000248e-01
