4.943352500000000038e-01 -6.179350000000000120e-02 4.623483749999999781e-01
5.380147500000000971e-01 -4.624075000000001101e-02 4.668799000000000143e-01
5.388522500000000326e-01 -5.866199999999999193e-02 4.669664000000000037e-01
5.396929999999999783e-01 -7.107874999999999610e-02 4.670475250000000189e-01
5.492562500000000014e-01 -4.520525000000000237e-02 4.681719750000000180e-01
5.501825000000000188e-01 -5.786374999999999158e-02 4.682764249999999961e-01
5.509507500000000446e-01 -7.040174999999998517e-02 4.683415750000000100e-01
5.601192500000000685e-01 -4.464875000000001481e-02 4.691735249999999802e-01
5.607997500000000413e-01 -5.701100000000000612e-02 4.694773999999999892e-01
5.616347500000000714e-01 -6.973524999999999863e-02 4.691478749999999920e-01
5.709312500000000012e-01 -4.475125000000000630e-02 4.712501024999999899e-01
5.712300000000000155e-01 -5.656800000000000717e-02 4.715128849999999927e-01
5.718410000000000437e-01 -6.858749999999999569e-02 4.711449225000000074e-01
5.819702500000000223e-01 -4.492825000000000291e-02 4.716854325000000014e-01
5.817217500000000374e-01 -5.635850000000000581e-02 4.719358140000000090e-01
5.819640000000000368e-01 -6.783949999999999703e-02 4.715670825000000121e-01
5.937992500000000007e-01 -4.538500000000000867e-02 4.705582150000000019e-01
5.925890000000000324e-01 -5.646124999999999061e-02 4.709254674999999724e-01
5.917262500000000092e-01 -6.770824999999999760e-02 4.706639424999999877e-01
6.047337500000000698e-01 -4.622249999999999970e-02 4.684705750000000002e-01
6.033842500000000664e-01 -5.733825000000000727e-02 4.688798000000000132e-01
6.023967500000000364e-01 -6.852325000000000776e-02 4.686818500000000109e-01
6.165172500000000166e-01 -4.745924999999999450e-02 4.665906999999999694e-01
6.149675000000001113e-01 -5.863825000000000287e-02 4.670179749999999741e-01
6.136700000000000488e-01 -6.961400000000000921e-02 4.669662250000000125e-01
6.281745000000000800e-01 -4.826524999999999566e-02 4.658094749999999729e-01
6.265707500000000651e-01 -5.932599999999998985e-02 4.660651499999999836e-01
6.251985000000001014e-01 -7.021449999999998526e-02 4.660731249999999770e-01
6.399055000000000160e-01 -4.915574999999999806e-02 4.662605999999999695e-01
6.380232500000000417e-01 -5.998824999999999297e-02 4.662100999999999607e-01
6.357900000000000773e-01 -7.086349999999999594e-02 4.662311749999999977e-01
6.519510000000000582e-01 -5.039475000000000204e-02 4.673709999999999809e-01
6.496997500000000203e-01 -6.109424999999998884e-02 4.674225499999999922e-01
6.468255000000000532e-01 -7.201499999999999568e-02 4.674125749999999968e-01
6.644610000000000793e-01 -5.123624999999998320e-02 4.685986500000000055e-01
6.630345000000000821e-01 -6.189800000000000857e-02 4.687710999999999961e-01
6.610395000000000021e-01 -7.265925000000000855e-02 4.688608499999999957e-01
6.772955000000000503e-01 -5.126274999999999582e-02 4.703628599999999937e-01
6.769832500000000364e-01 -6.199350000000000693e-02 4.700560824999999721e-01
6.763307500000000916e-01 -7.258675000000000543e-02 4.699734824999999838e-01
6.905143500000000545e-01 -5.025849999999999762e-02 4.724474699999999805e-01
6.908652000000000681e-01 -6.108824999999998284e-02 4.720177552500000040e-01
6.908098750000000177e-01 -7.157700000000000173e-02 4.712694624999999582e-01
7.053151500000000018e-01 -4.976124999999999299e-02 4.733936424999999892e-01
7.051748250000000606e-01 -6.036800000000000499e-02 4.726452399999999665e-01
7.047301000000000260e-01 -7.097950000000000093e-02 4.719867454599999679e-01
7.173696999999999990e-01 -5.019350000000000200e-02 4.744877449999999608e-01
7.175679249999999954e-01 -6.046474999999998379e-02 4.734499424999999984e-01
7.175708750000000524e-01 -7.062525000000000053e-02 4.720925669999999630e-01
7.288107249999999926e-01 -5.007749999999999702e-02 4.748124249999999824e-01
7.297751500000000391e-01 -6.020724999999998994e-02 4.728794924999999982e-01
7.305308250000001058e-01 -7.030074999999999519e-02 4.709741650000000002e-01
7.416215000000000446e-01 -4.925525000000000042e-02 4.750690499999999927e-01
7.420625000000000693e-01 -5.911474999999999369e-02 4.726030024999999801e-01
7.428472500000000700e-01 -6.892924999999999747e-02 4.700876625000000031e-01
7.544827500000000908e-01 -4.884324999999999084e-02 4.747626249999999937e-01
7.547317500000000345e-01 -5.833025000000000015e-02 4.716741499999999587e-01
7.552522500000000694e-01 -6.781024999999998859e-02 4.685486749999999700e-01
7.666365000000000540e-01 -4.810624999999998930e-02 4.745673249999999843e-01
7.670160000000000311e-01 -5.752324999999999799e-02 4.708390149999999719e-01
7.673892500000000227e-01 -6.666374999999999384e-02 4.670587999999999962e-01
7.793935000000000723e-01 -4.790599999999999026e-02 4.742562899999999693e-01
7.790017500000000483e-01 -5.692724999999998481e-02 4.700995024999999883e-01
7.788650000000000295e-01 -6.565974999999998896e-02 4.658655250000000025e-01
7.922297500000000658e-01 -4.851724999999999788e-02 4.740176724999999869e-01
7.913442500000000823e-01 -5.723575000000000190e-02 4.694814499999999668e-01
7.899780000000000690e-01 -6.575049999999998951e-02 4.653097499999999664e-01
8.047057500000001085e-01 -5.100599999999999579e-02 4.740449949999999690e-01
8.025067500000000464e-01 -5.933099999999999485e-02 4.695270749999999604e-01
8.000417500000001070e-01 -6.767249999999999654e-02 4.652362499999999623e-01
8.172792500000000127e-01 -5.492525000000000879e-02 4.741428299999999596e-01
8.137892500000000195e-01 -6.265799999999999148e-02 4.697101025000000041e-01
8.104312500000000474e-01 -7.050775000000000792e-02 4.655440249999999724e-01
8.291562500000000391e-01 -6.122199999999999864e-02 4.734732624999999917e-01
8.241955000000000808e-01 -6.810725000000000806e-02 4.691946749999999500e-01
8.194997500000000823e-01 -7.518824999999998426e-02 4.651948499999999931e-01
8.397594999999999921e-01 -6.965124999999999789e-02 4.727521824999999511e-01
8.332500000000000462e-01 -7.522950000000000470e-02 4.686732999999999594e-01
8.272010000000000751e-01 -8.113874999999998172e-02 4.648378249999999823e-01
8.480430000000001023e-01 -8.018100000000000227e-02 4.722988949999999964e-01
8.402057499999999735e-01 -8.403525000000000578e-02 4.683796249999999661e-01
8.328865000000000851e-01 -8.833050000000000623e-02 4.646206749999999830e-01
8.519747500000000029e-01 -9.118674999999998310e-02 4.724310574999999734e-01
8.436879999999999935e-01 -9.353749999999999565e-02 4.685539999999999705e-01
8.355260000000001019e-01 -9.622274999999999578e-02 4.646391500000000008e-01
8.521057499999999951e-01 -1.026942499999999869e-01 4.764665749999999478e-01
8.438790000000000457e-01 -1.030770000000000020e-01 4.713154074999999499e-01
8.351697500000000440e-01 -1.040984999999999827e-01 4.664576999999999751e-01
8.479357499999999881e-01 -1.113579999999999848e-01 4.834742249999999797e-01
8.403825000000000323e-01 -1.102589999999999959e-01 4.766968249999999907e-01
8.315962500000000368e-01 -1.099637499999999990e-01 4.699996449999999659e-01
8.433420000000000361e-01 -1.218474999999999975e-01 4.870837249999999674e-01
8.356237500000001095e-01 -1.191972500000000046e-01 4.788187499999999597e-01
8.259132500000000432e-01 -1.168710000000000027e-01 4.699857599999999747e-01
8.375310000000000255e-01 -1.302692500000000031e-01 4.895532499999999954e-01
8.291315000000000213e-01 -1.289279999999999871e-01 4.815505999999999953e-01
8.199232500000001034e-01 -1.261784999999999990e-01 4.725362699999999805e-01
8.326620000000000132e-01 -1.405517500000000031e-01 4.889718499999999857e-01
8.253812500000000663e-01 -1.381447499999999828e-01 4.813339749999999695e-01
8.180290000000001172e-01 -1.354797499999999821e-01 4.734881499999999965e-01
8.264287500000000453e-01 -1.514457499999999901e-01 4.880828999999999862e-01
8.208222500000000865e-01 -1.482070000000000054e-01 4.804544499999999774e-01
8.153015000000000123e-01 -1.449499999999999955e-01 4.729769074999999878e-01
8.159315000000000317e-01 -1.594420000000000004e-01 4.878648250000000020e-01
8.129435000000000411e-01 -1.553489999999999871e-01 4.800801249999999687e-01
8.096410000000000551e-01 -1.512442499999999967e-01 4.725819024999999840e-01
8.036077500000000651e-01 -1.619292499999999968e-01 4.877829999999999666e-01
8.027877500000000222e-01 -1.577729999999999966e-01 4.802610249999999525e-01
8.011002500000000692e-01 -1.535962499999999897e-01 4.728845924999999784e-01
7.917552500000000215e-01 -1.629539999999999877e-01 4.878024499999999986e-01
7.917127500000000762e-01 -1.585917500000000036e-01 4.803530749999999627e-01
7.910989999999999966e-01 -1.543575000000000086e-01 4.729050449999999683e-01
7.793650000000000855e-01 -1.651292500000000052e-01 4.851846249999999805e-01
7.799047500000000355e-01 -1.606025000000000091e-01 4.779588999999999643e-01
7.801985000000000170e-01 -1.561714999999999909e-01 4.707482649999999991e-01
7.664792500000000564e-01 -1.646437500000000054e-01 4.831359499999999807e-01
7.675882500000000830e-01 -1.601562500000000000e-01 4.761296749999999744e-01
7.685165000000000468e-01 -1.557052499999999895e-01 4.691053749999999911e-01
7.541077500000000766e-01 -1.615077500000000055e-01 4.824350499999999764e-01
7.555632500000000196e-01 -1.571557499999999830e-01 4.755570249999999666e-01
7.569542500000000507e-01 -1.528194999999999970e-01 4.687049499999999536e-01
7.421592500000000481e-01 -1.554392500000000010e-01 4.826049249999999624e-01
7.443767500000000314e-01 -1.515390000000000070e-01 4.758296249999999783e-01
7.465362500000000123e-01 -1.476192500000000074e-01 4.690330749999999660e-01
7.296678500000000067e-01 -1.494504999999999861e-01 4.810595249999999878e-01
7.329020500000000826e-01 -1.460652500000000076e-01 4.745012499999999855e-01
7.361562000000000383e-01 -1.426432499999999992e-01 4.678514999999999757e-01
7.175582750000000232e-01 -1.435852499999999976e-01 4.781816499999999581e-01
7.212072000000000482e-01 -1.402807499999999818e-01 4.719700467999999871e-01
7.248061000000000087e-01 -1.369074999999999875e-01 4.657487999999999628e-01
7.063768000000000269e-01 -1.357374999999999832e-01 4.757861749999999779e-01
7.106091500000000227e-01 -1.325342499999999923e-01 4.700641799999999981e-01
7.147893050000000414e-01 -1.292649999999999910e-01 4.643589499999999926e-01
6.967125750000000561e-01 -1.255429999999999879e-01 4.737746449999999943e-01
7.016960750000000857e-01 -1.227554999999999896e-01 4.686208000000000040e-01
7.066534250000000572e-01 -1.199137499999999856e-01 4.634830749999999666e-01
6.894230000000000080e-01 -1.132110000000000061e-01 4.722347797500000000e-01
6.951384250000000042e-01 -1.111862499999999865e-01 4.676468500000000028e-01
7.008541250000001055e-01 -1.091165000000000052e-01 4.630632000000000081e-01
6.851650000000000240e-01 -9.934099999999998487e-02 4.713060249999999618e-01
6.913983000000000212e-01 -9.837049999999999961e-02 4.672479499999999675e-01
6.976460500000000176e-01 -9.737375000000000891e-02 4.631945000000000090e-01
6.842210000000000791e-01 -8.473049999999998638e-02 4.709778949999999798e-01
6.906692500000000123e-01 -8.501600000000000823e-02 4.674704000000000081e-01
6.971589750000000141e-01 -8.520474999999999577e-02 4.638498999999999817e-01
6.866929999999999978e-01 -7.050075000000000092e-02 4.708223899999999795e-01
6.930070249999999987e-01 -7.184750000000000858e-02 4.682564999999999644e-01
6.993990500000000221e-01 -7.316000000000000281e-02 4.649683249999999601e-01
6.910623500000000474e-01 -5.726475000000000315e-02 4.720567427499999802e-01
6.973060500000000106e-01 -5.933599999999999985e-02 4.700515249999999701e-01
7.036463500000000870e-01 -6.141749999999998599e-02 4.671427249999999809e-01
6.959744500000000222e-01 -4.497500000000000109e-02 4.717205724999999905e-01
7.018054250000000938e-01 -4.687099999999999600e-02 4.695971299999999737e-01
7.079593500000000983e-01 -4.875524999999999998e-02 4.666064999999999796e-01
7.006451750000000089e-01 -3.257525000000000004e-02 4.729130225000000021e-01
7.065138000000000806e-01 -3.437149999999999928e-02 4.707488274999999667e-01
7.125648375000001034e-01 -3.638974999999999849e-02 4.677507750000000075e-01
7.048894500000000285e-01 -2.137224999999999542e-02 4.741272950000000042e-01
7.109194500000000083e-01 -2.305749999999999467e-02 4.712098674999999903e-01
7.170014000000000109e-01 -2.479800000000000060e-02 4.682292750000000003e-01
7.079790750000000132e-01 -9.848999999999996646e-03 4.732129674999999702e-01
7.140876725000000480e-01 -1.123475000000000168e-02 4.702823499999999601e-01
7.202205250000000003e-01 -1.247624999999999429e-02 4.672673749999999848e-01
7.094455750000000505e-01 1.733250000000005620e-03 4.722762225000000091e-01
7.155479375000000086e-01 1.031250000000011324e-03 4.692639249999999707e-01
7.216955500000000745e-01 5.375000000000101918e-04 4.661955999999999878e-01
7.111599750000000553e-01 1.423375000000000334e-02 4.730519774999999982e-01
7.173408500000000299e-01 1.446175000000000238e-02 4.706178400000000095e-01
7.235312250000000001e-01 1.488675000000000415e-02 4.676192999999999600e-01
7.127351900000000740e-01 2.645100000000000229e-02 4.777196499999999957e-01
7.190579750000000159e-01 2.709575000000000178e-02 4.747813249999999763e-01
7.253038500000000832e-01 2.774050000000000127e-02 4.718559592499999567e-01
7.123065375000000587e-01 3.897175000000000639e-02 4.805555749999999571e-01
7.194715000000000416e-01 3.997600000000000459e-02 4.772427249999999788e-01
7.264231500000000175e-01 4.102675000000000766e-02 4.741211549999999608e-01
7.099852750000000823e-01 5.155682500000000057e-02 4.808904999999999985e-01
7.183688750000000178e-01 5.268097500000000488e-02 4.770265499999999936e-01
7.265241749999999943e-01 5.361192500000000472e-02 4.735676775000000061e-01
7.053970000000000518e-01 6.313165000000001137e-02 4.785363249999999846e-01
7.166872375000000739e-01 6.469367500000000604e-02 4.734051824999999658e-01
7.272359500000000754e-01 6.613797500000000162e-02 4.690809749999999556e-01
7.034354750000000323e-01 7.432185750000000479e-02 4.748072499999999585e-01
7.152170475000000360e-01 7.378949125000000553e-02 4.714043350000000077e-01
7.258366500000000832e-01 7.376135525000000748e-02 4.683022249999999609e-01
7.080172500000000424e-01 8.399947500000000400e-02 4.757548999999999806e-01
7.165942900000000781e-01 8.342112499999999875e-02 4.733620299999999892e-01
7.260599250000000504e-01 8.360690000000001176e-02 4.707369874999999815e-01
7.108770500000000103e-01 9.409997500000000237e-02 4.727673774999999745e-01
7.182140750000000073e-01 9.413177500000000086e-02 4.706779249999999970e-01
7.253516250000000554e-01 9.458420000000000716e-02 4.686955999999999900e-01
7.134296425000000719e-01 1.047320000000000056e-01 4.731460624999999642e-01
7.199478750000000149e-01 1.050080000000000041e-01 4.713796774999999828e-01
7.265584999999999960e-01 1.056995000000000018e-01 4.696123624999999913e-01
7.150422000000000722e-01 1.136282500000000140e-01 4.762538749999999932e-01
7.212257499999999988e-01 1.143027500000000085e-01 4.747481249999999653e-01
7.273835250000000308e-01 1.152947500000000014e-01 4.731897099999999856e-01
7.136019100000000615e-01 1.221487500000000004e-01 4.723133824999999897e-01
7.196119750000000703e-01 1.236147499999999955e-01 4.709452299999999925e-01
7.255209750000000124e-01 1.253994999999999971e-01 4.695184424999999662e-01
7.096322500000000755e-01 1.312619999999999898e-01 4.705647725000000059e-01
7.153027650000000071e-01 1.334227500000000066e-01 4.694034749999999589e-01
7.208936000000000233e-01 1.357295000000000029e-01 4.682253999999999583e-01
7.052280750000000653e-01 1.405760000000000065e-01 4.717955389999999860e-01
7.107935750000000663e-01 1.431072500000000192e-01 4.710176924999999737e-01
7.163310775000000241e-01 1.456665000000000043e-01 4.702240400000000098e-01
7.008370750000000315e-01 1.493922500000000042e-01 4.760846749999999572e-01
7.064519750000000098e-01 1.519022500000000164e-01 4.756520249999999783e-01
7.120496474999999936e-01 1.543782499999999946e-01 4.752727499999999661e-01
6.971822500000000034e-01 1.580812500000000065e-01 4.812210000000000099e-01
7.031333250000000312e-01 1.598607499999999959e-01 4.820728749999999563e-01
7.088756750000000384e-01 1.618152500000000216e-01 4.819050500000000015e-01
7.005287749999999924e-01 1.738379999999999925e-01 4.870496249999999860e-01
7.030571750000000897e-01 1.725249999999999839e-01 4.870789249999999959e-01
7.091404250000000742e-01 1.719590000000000007e-01 4.876359749999999993e-01
7.033302000000000165e-01 1.820640000000000036e-01 4.989352499999999968e-01
7.065957000000000487e-01 1.802987500000000076e-01 4.978827499999999850e-01
7.122212800000000676e-01 1.779107500000000064e-01 4.967215999999999854e-01
7.070549999999999891e-01 1.891947500000000226e-01 5.049109999999999987e-01
7.122033125000000187e-01 1.871327500000000144e-01 5.038044999999999884e-01
7.178259750000000050e-01 1.852977500000000111e-01 5.033619999999999761e-01
7.103955750000000569e-01 1.919257500000000061e-01 5.098289999999999766e-01
7.160058400000000045e-01 1.901322500000000026e-01 5.094672499999999271e-01
7.215557750000000103e-01 1.881980000000000042e-01 5.090620000000000145e-01
7.108548250000000790e-01 1.842794999999999850e-01 5.079962499999999270e-01
7.165902725000000695e-01 1.828970000000000040e-01 5.083130000000000148e-01
7.221094000000000124e-01 1.811487500000000250e-01 5.084362500000000340e-01
7.080918000000000490e-01 1.749290000000000012e-01 5.032292499999999613e-01
7.137557199999999824e-01 1.734972499999999918e-01 5.040622499999999340e-01
7.193141000000000673e-01 1.718912499999999954e-01 5.047834999999999406e-01
7.052964000000000455e-01 1.661604999999999888e-01 4.966205499999999939e-01
7.108505250000000109e-01 1.644562499999999983e-01 4.978837499999999583e-01
7.163531925000000689e-01 1.626897500000000218e-01 4.991207500000000019e-01
7.030909499999999923e-01 1.589457499999999968e-01 4.883393500000000054e-01
7.084411250000000049e-01 1.569012499999999921e-01 4.900463999999999931e-01
7.137293949999999887e-01 1.547804999999999875e-01 4.916871999999999909e-01
7.016171749999999818e-01 1.517232500000000039e-01 4.818372750000000093e-01
7.067888250000000649e-01 1.495365000000000166e-01 4.838917999999999831e-01
7.120178700000000527e-01 1.472792500000000004e-01 4.858597000000000055e-01
6.990968499999999919e-01 1.455192499999999889e-01 4.765149249999999781e-01
7.041269250000000701e-01 1.426637500000000058e-01 4.785874499999999698e-01
7.091593500000000772e-01 1.397289999999999921e-01 4.806217749999999733e-01
6.947174999999999878e-01 1.393935000000000035e-01 4.736755424999999908e-01
6.993390999999999913e-01 1.357407500000000211e-01 4.758634250000000065e-01
7.039084250000000598e-01 1.320272500000000127e-01 4.780796999999999963e-01
6.882077500000000070e-01 1.348225000000000118e-01 4.734764575000000031e-01
6.920652000000000470e-01 1.304737499999999994e-01 4.759426999999999963e-01
6.958335749999999820e-01 1.262012500000000148e-01 4.785095749999999648e-01
6.805462500000000192e-01 1.320314999999999961e-01 4.755512249999999663e-01
6.837585000000000468e-01 1.272832500000000144e-01 4.783257750000000086e-01
6.868537500000000406e-01 1.225600000000000023e-01 4.812695499999999904e-01
6.725010000000000154e-01 1.310330000000000106e-01 4.783916749999999607e-01
6.746024999999999938e-01 1.259945000000000093e-01 4.819650500000000060e-01
6.767157500000000603e-01 1.210047499999999943e-01 4.855576500000000073e-01
6.635772500000000074e-01 1.288680000000000103e-01 4.771785249999999645e-01
6.649507500000000348e-01 1.238582500000000031e-01 4.814712499999999618e-01
6.662845000000000573e-01 1.189230000000000009e-01 4.856995499999999799e-01
6.542670000000000430e-01 1.291802499999999965e-01 4.772375999999999840e-01
6.552572500000000133e-01 1.243072500000000080e-01 4.822228000000000070e-01
6.562907500000000338e-01 1.195337499999999942e-01 4.871887249999999892e-01
6.454305000000000181e-01 1.328560000000000019e-01 4.792318250000000002e-01
6.463640000000000496e-01 1.277220000000000022e-01 4.847235999999999767e-01
6.475170000000000092e-01 1.226059999999999928e-01 4.901950250000000064e-01
6.382025000000000059e-01 1.389000000000000234e-01 4.822646499999999614e-01
6.391665000000000818e-01 1.333334999999999937e-01 4.885374499999999842e-01
6.403330000000000410e-01 1.279457499999999970e-01 4.946028749999999974e-01
6.322910000000000474e-01 1.455285000000000051e-01 4.865387749999999789e-01
6.335777500000000506e-01 1.393380000000000174e-01 4.933859999999999912e-01
6.351017500000000204e-01 1.334039999999999948e-01 4.996614999999999807e-01
6.233562500000000561e-01 1.511907499999999849e-01 4.948469249999999930e-01
6.279487500000000555e-01 1.464265000000000150e-01 5.012647500000000367e-01
6.325089999999999879e-01 1.404227499999999851e-01 5.068672499999999914e-01
6.229880000000000972e-01 1.562565000000000204e-01 5.013484999999999747e-01
6.265727500000000116e-01 1.524030000000000107e-01 5.071717500000000323e-01
6.302225000000000188e-01 1.484445000000000070e-01 5.128832500000000127e-01
6.241740000000000066e-01 1.664552499999999990e-01 5.077757499999999702e-01
6.275787500000000740e-01 1.640285000000000215e-01 5.134560000000000235e-01
6.309725000000000472e-01 1.617462500000000081e-01 5.191577499999999734e-01
6.285405000000000575e-01 1.759390000000000120e-01 5.114495000000000013e-01
6.320879999999999832e-01 1.756292500000000145e-01 5.169470000000000454e-01
6.357482500000000147e-01 1.755325000000000080e-01 5.223432500000000367e-01
6.359860000000000513e-01 1.842225000000000112e-01 5.099402499999999838e-01
6.401872500000000965e-01 1.850322500000000092e-01 5.147432499999999855e-01
6.444800000000000528e-01 1.859122500000000011e-01 5.194932500000000175e-01
6.418810000000000349e-01 1.943529999999999980e-01 5.079479999999999551e-01
6.459862499999999841e-01 1.950432500000000013e-01 5.126465000000000050e-01
6.501084999999999781e-01 1.956262500000000015e-01 5.172822499999999435e-01
6.507347500000000284e-01 2.037207500000000060e-01 5.062487500000000251e-01
6.544622500000000231e-01 2.038719999999999977e-01 5.112322499999999437e-01
6.581257500000000649e-01 2.037285000000000068e-01 5.162780000000000147e-01
6.602192500000000353e-01 2.117407500000000053e-01 5.029992500000000089e-01
6.641584999999999850e-01 2.115140000000000076e-01 5.079040000000000221e-01
6.682152500000000384e-01 2.113220000000000098e-01 5.128044999999999964e-01
6.705287500000000067e-01 2.154652499999999971e-01 4.989752499999999813e-01
6.742995000000000516e-01 2.152145000000000030e-01 5.036895000000000122e-01
6.782162500000000760e-01 2.150630000000000042e-01 5.083442499999999420e-01
6.799905000000000532e-01 2.118687499999999946e-01 4.953285499999999786e-01
6.839507500000000517e-01 2.115279999999999938e-01 5.001554999999999751e-01
6.879867500000000913e-01 2.113532499999999925e-01 5.048772499999999441e-01
6.878374999999999906e-01 2.040817500000000062e-01 4.917548749999999802e-01
6.913330250000000454e-01 2.037640000000000007e-01 4.966331749999999823e-01
6.949160000000000892e-01 2.035504999999999953e-01 5.013134999999999675e-01
6.938820250000000689e-01 1.948517499999999902e-01 4.881106249999999647e-01
6.968952000000000480e-01 1.946645000000000181e-01 4.934103499999999976e-01
6.996501500000000817e-01 1.945240000000000025e-01 4.982547499999999685e-01
6.977606250000000232e-01 1.835050000000000014e-01 4.864317499999999961e-01
7.000601000000000740e-01 1.837097500000000050e-01 4.921665749999999950e-01
7.023471500000000312e-01 1.839337500000000070e-01 4.977179999999999938e-01
7.016700500000000451e-01 1.704032500000000061e-01 4.882089249999999603e-01
7.028555499999999956e-01 1.718750000000000000e-01 4.916657749999999716e-01
7.032159500000000341e-01 1.720790000000000097e-01 4.954653499999999711e-01
7.087421000000000415e-01 1.628302500000000097e-01 4.881991499999999706e-01
7.109895000000000520e-01 1.655982500000000024e-01 4.923480749999999961e-01
7.128547400000000422e-01 1.671422499999999922e-01 4.963763999999999954e-01
7.187531750000000219e-01 1.588067499999999965e-01 4.860667999999999656e-01
7.205388500000000640e-01 1.621027500000000177e-01 4.907069249999999605e-01
7.223930250000000219e-01 1.655024999999999968e-01 4.953463499999999908e-01
7.294038999999999939e-01 1.574142500000000056e-01 4.827138999999999736e-01
7.314859500000000514e-01 1.605952500000000227e-01 4.875276000000000054e-01
7.334582499999999783e-01 1.637642500000000001e-01 4.923414249999999992e-01
7.423165000000000457e-01 1.561362500000000042e-01 4.788276750000000082e-01
7.434592500000000159e-01 1.598295000000000132e-01 4.835799499999999806e-01
7.446249999999999813e-01 1.635597500000000037e-01 4.883258500000000057e-01
7.552717500000000195e-01 1.563070000000000015e-01 4.752739749999999597e-01
7.559400000000000563e-01 1.604754999999999932e-01 4.796383249999999765e-01
7.566597500000000753e-01 1.646892500000000092e-01 4.839939500000000061e-01
7.685910000000000242e-01 1.565882499999999844e-01 4.720852884999999777e-01
7.689447500000000657e-01 1.613080000000000069e-01 4.760876749999999880e-01
7.693185000000000162e-01 1.660437499999999900e-01 4.801087249999999584e-01
7.817195000000000116e-01 1.569712500000000066e-01 4.699056849999999619e-01
7.819877500000000925e-01 1.620300000000000074e-01 4.736456175000000046e-01
7.822960000000001024e-01 1.671155000000000002e-01 4.773791000000000007e-01
7.943757500000000471e-01 1.566015000000000046e-01 4.677837249999999836e-01
7.949917499999999970e-01 1.619694999999999885e-01 4.712845399999999740e-01
7.957617500000000454e-01 1.673209999999999975e-01 4.747452999999999812e-01
8.066850000000000964e-01 1.554342499999999960e-01 4.656640499999999960e-01
8.079760000000000275e-01 1.607709999999999972e-01 4.692928999999999573e-01
8.092997500000000954e-01 1.660402500000000003e-01 4.728628474999999609e-01
8.188630000000000075e-01 1.513285000000000047e-01 4.647067999999999754e-01
8.204575000000000617e-01 1.567264999999999908e-01 4.683735749999999864e-01
8.220522500000000399e-01 1.620982499999999993e-01 4.719920943999999507e-01
8.307927500000000798e-01 1.451710000000000222e-01 4.645930249999999928e-01
8.323274999999999979e-01 1.509087500000000359e-01 4.683193249999999530e-01
8.338365000000000915e-01 1.565982500000000222e-01 4.720606484999999575e-01
8.422240000000000837e-01 1.388272500000000131e-01 4.646040249999999761e-01
8.434464999999999879e-01 1.451837500000000003e-01 4.685843999999999565e-01
8.445382500000000459e-01 1.515895000000000159e-01 4.725797449999999955e-01
8.538320000000000354e-01 1.333190000000000208e-01 4.648491999999999624e-01
8.547932500000000600e-01 1.405847500000000361e-01 4.692779249999999847e-01
8.555067499999999825e-01 1.480717500000000020e-01 4.737720849999999539e-01
8.653330000000000188e-01 1.289962500000000067e-01 4.656421499999999769e-01
8.664717500000000960e-01 1.370570000000000122e-01 4.705799699999999586e-01
8.671345000000000303e-01 1.454472500000000279e-01 4.755711999999999717e-01
8.759529999999999816e-01 1.237630000000000119e-01 4.656277749999999660e-01
8.767352500000000770e-01 1.334300000000000208e-01 4.713873099999999483e-01
8.770307500000000811e-01 1.432892500000000346e-01 4.771178749999999691e-01
8.873794999999999877e-01 1.210195000000000159e-01 4.669463499999999545e-01
8.874797500000000117e-01 1.311692500000000150e-01 4.728104974999999821e-01
8.878745000000000109e-01 1.415150000000000019e-01 4.788466999999999585e-01
8.991645000000000332e-01 1.216660000000000241e-01 4.697746574999999702e-01
8.991900000000000448e-01 1.300620000000000109e-01 4.746136499999999980e-01
8.988902500000000018e-01 1.386035000000000184e-01 4.794665249999999768e-01
9.107615000000000016e-01 1.214285000000000225e-01 4.720469394999999846e-01
9.107307500000000333e-01 1.289410000000000278e-01 4.763650499999999566e-01
9.105357499999999771e-01 1.365245000000000208e-01 4.806886749999999542e-01
9.328847500000000403e-01 1.267960000000000198e-01 4.797225499999999698e-01
