4.941990000000000549e-01 -4.556275000000001296e-02 4.700960000000000139e-01
5.398650000000000393e-01 -3.660800000000001553e-02 4.694152999999999798e-01
5.390707500000000429e-01 -4.930175000000000529e-02 4.696822900000000023e-01
5.377780000000000893e-01 -6.188649999999998319e-02 4.699557950000000095e-01
5.517437499999999773e-01 -3.707675000000000554e-02 4.692489249999999834e-01
5.513894999999999769e-01 -5.047475000000001266e-02 4.695257050000000154e-01
5.496252500000000651e-01 -6.345575000000000521e-02 4.698122124999999927e-01
5.660425000000000040e-01 -3.941850000000000909e-02 4.690336499999999686e-01
5.648115000000000219e-01 -5.193174999999999875e-02 4.693311000000000011e-01
5.635262500000000063e-01 -6.492149999999999310e-02 4.696202500000000168e-01
5.808400000000000230e-01 -4.248425000000001506e-02 4.690728499999999856e-01
5.792477500000000612e-01 -5.420624999999998361e-02 4.693711250000000001e-01
5.779692499999999900e-01 -6.649299999999999655e-02 4.696600125000000014e-01
5.960572500000000939e-01 -4.503650000000000708e-02 4.682657249999999660e-01
5.940997500000000375e-01 -5.612349999999999284e-02 4.685798999999999936e-01
5.930895000000000472e-01 -6.791349999999998777e-02 4.688435999999999715e-01
6.126730000000000231e-01 -4.672499999999998876e-02 4.673977999999999744e-01
6.099422500000000191e-01 -5.791399999999999326e-02 4.677833249999999721e-01
6.082047500000000717e-01 -6.933424999999998617e-02 4.680641249999999975e-01
6.246012499999999967e-01 -4.632000000000000006e-02 4.667463249999999619e-01
6.227990000000001025e-01 -5.813350000000000461e-02 4.670694999999999708e-01
6.222127500000000921e-01 -6.960074999999998902e-02 4.672913249999999796e-01
6.361875000000000169e-01 -4.474924999999999042e-02 4.663830250000000066e-01
6.352932500000000315e-01 -5.755649999999998268e-02 4.666250000000000120e-01
6.353857500000000824e-01 -6.942899999999999072e-02 4.668662000000000090e-01
6.469350000000000378e-01 -4.267799999999999372e-02 4.668708249999999893e-01
6.460365000000000135e-01 -5.484549999999999148e-02 4.670545500000000128e-01
6.458332500000000254e-01 -6.635399999999999632e-02 4.672818999999999723e-01
6.573155000000000525e-01 -4.126774999999999194e-02 4.678082499999999810e-01
6.563372500000000942e-01 -5.289725000000000676e-02 4.679361750000000097e-01
6.552425000000000610e-01 -6.430025000000000324e-02 4.680814500000000100e-01
6.690790000000000903e-01 -4.012774999999998982e-02 4.694470749999999915e-01
6.672397500000000203e-01 -5.182074999999999876e-02 4.694088249999999740e-01
6.651675000000000226e-01 -6.314124999999998211e-02 4.694103000000000026e-01
6.811135000000000383e-01 -3.943800000000000083e-02 4.714450524999999614e-01
6.803237500000000049e-01 -5.042824999999999391e-02 4.712308374999999994e-01
6.791230000000000322e-01 -6.116800000000000015e-02 4.721400802499999827e-01
6.946125750000000654e-01 -3.841649999999999232e-02 4.736839099999999858e-01
6.940432250000000414e-01 -4.909849999999998937e-02 4.730003649999999782e-01
6.932543750000000893e-01 -5.908900000000000263e-02 4.732679899999999718e-01
7.087163499999999949e-01 -3.817474999999999341e-02 4.746897749999999805e-01
7.076440999999999981e-01 -4.889224999999999821e-02 4.738552074999999864e-01
7.062199500000000407e-01 -5.917775000000000118e-02 4.729252800000000034e-01
7.240610000000000657e-01 -3.920899999999999386e-02 4.741176125000000074e-01
7.218789000000001010e-01 -4.990649999999999253e-02 4.732745399999999658e-01
7.199063750000000983e-01 -6.065950000000000508e-02 4.722949925000000104e-01
7.333411250000000381e-01 -4.052899999999999558e-02 4.737191825000000023e-01
7.322074500000000929e-01 -5.084049999999999681e-02 4.725057199999999624e-01
7.313102000000000213e-01 -6.080499999999999794e-02 4.711249124999999927e-01
7.423820000000000974e-01 -4.036249999999999560e-02 4.729816349999999558e-01
7.420110000000000872e-01 -5.056999999999998996e-02 4.715871499999999550e-01
7.415227500000000083e-01 -6.051850000000000285e-02 4.701798849999999641e-01
7.540305000000000479e-01 -3.978524999999999423e-02 4.720976622499999942e-01
7.533840000000000536e-01 -4.960599999999999732e-02 4.706734549999999628e-01
7.522977500000000983e-01 -5.952425000000000077e-02 4.692758999999999681e-01
7.672927500000000789e-01 -4.033599999999999686e-02 4.706349675000000010e-01
7.657360000000000833e-01 -5.004349999999999077e-02 4.692843999999999904e-01
7.641622500000000429e-01 -6.001699999999998703e-02 4.679027499999999784e-01
7.806130000000000013e-01 -4.065225000000000088e-02 4.693361749999999666e-01
7.795035000000000158e-01 -5.066324999999999301e-02 4.678556749999999709e-01
7.793000000000001037e-01 -6.061949999999999283e-02 4.663225749999999614e-01
7.941890000000000338e-01 -4.099449999999998928e-02 4.681607999999999881e-01
7.922287500000000371e-01 -5.101699999999999291e-02 4.667129499999999598e-01
7.921272500000000605e-01 -6.072049999999998282e-02 4.652171499999999682e-01
8.056982500000000602e-01 -4.191074999999999662e-02 4.674458249999999815e-01
8.035842500000001110e-01 -5.135850000000000137e-02 4.658433999999999631e-01
8.018257500000001148e-01 -6.037124999999998742e-02 4.642974500000000004e-01
8.160789999999999988e-01 -4.470324999999999993e-02 4.681600999999999679e-01
8.123052500000000897e-01 -5.324974999999998460e-02 4.662450499999999942e-01
8.089590000000000947e-01 -6.182725000000000026e-02 4.645310249999999863e-01
8.237257500000000343e-01 -4.935649999999999760e-02 4.694384749999999662e-01
8.191120000000000623e-01 -5.693324999999999081e-02 4.670488999999999891e-01
8.147210000000000285e-01 -6.487524999999999542e-02 4.649940499999999921e-01
8.302620000000000555e-01 -5.616874999999998952e-02 4.704275624999999517e-01
8.249902500000000360e-01 -6.272874999999999979e-02 4.678701499999999847e-01
8.196237500000000953e-01 -6.950100000000000722e-02 4.655370749999999669e-01
8.367970000000000130e-01 -6.472700000000000675e-02 4.707277374999999653e-01
8.308730000000000837e-01 -7.044100000000000361e-02 4.680691999999999631e-01
8.251692500000000763e-01 -7.656174999999998398e-02 4.653197499999999764e-01
8.440625000000000488e-01 -7.291349999999999221e-02 4.706239199999999734e-01
8.370355000000000434e-01 -7.778999999999999804e-02 4.677358999999999822e-01
8.307245000000000879e-01 -8.293224999999998515e-02 4.649469999999999992e-01
8.483172500000000227e-01 -8.187649999999999095e-02 4.704412949999999816e-01
8.410560000000000258e-01 -8.571124999999998884e-02 4.675235249999999954e-01
8.341790000000000038e-01 -8.937775000000000580e-02 4.646955749999999719e-01
8.523570000000000313e-01 -9.058474999999999167e-02 4.719931076999999697e-01
8.443585000000000118e-01 -9.305249999999998245e-02 4.685042999999999846e-01
8.364822500000000938e-01 -9.547225000000000850e-02 4.651767749999999868e-01
8.539687500000000542e-01 -1.003870000000000040e-01 4.776985499999999996e-01
8.453372500000000400e-01 -1.004122500000000084e-01 4.725701324999999620e-01
8.366057500000000369e-01 -1.007329999999999892e-01 4.676191749999999980e-01
8.511227500000000390e-01 -1.106222500000000053e-01 4.817575749999999934e-01
8.424207500000000515e-01 -1.082297499999999857e-01 4.751495999999999498e-01
8.327402500000000707e-01 -1.058667499999999817e-01 4.680686249999999604e-01
8.458267500000000716e-01 -1.183327499999999866e-01 4.843469499999999983e-01
8.368782500000000457e-01 -1.162805000000000089e-01 4.778182249999999853e-01
8.278822500000000417e-01 -1.126827499999999982e-01 4.702553299999999714e-01
8.382465000000001165e-01 -1.283337499999999964e-01 4.842589999999999950e-01
8.309105000000001073e-01 -1.245612499999999845e-01 4.778596499999999692e-01
8.239527500000000115e-01 -1.203542499999999960e-01 4.713238724999999629e-01
8.281687500000000091e-01 -1.398957499999999854e-01 4.827622749999999630e-01
8.227152500000000090e-01 -1.345087499999999825e-01 4.766847999999999641e-01
8.176335000000000131e-01 -1.285779999999999978e-01 4.705027399999999749e-01
8.130022500000000374e-01 -1.483065000000000078e-01 4.806642999999999888e-01
8.102487500000000731e-01 -1.419854999999999867e-01 4.751575999999999578e-01
8.073217500000000602e-01 -1.356137500000000051e-01 4.697189324999999638e-01
7.985907500000000159e-01 -1.527419999999999889e-01 4.796146249999999611e-01
7.986030000000000628e-01 -1.457950000000000079e-01 4.744838049999999807e-01
7.975837500000000357e-01 -1.389900000000000024e-01 4.693502749999999835e-01
7.841327500000000450e-01 -1.535402499999999892e-01 4.778357249999999889e-01
7.856260000000000465e-01 -1.467199999999999893e-01 4.729102174999999519e-01
7.862962500000000299e-01 -1.398425000000000085e-01 4.680826249999999744e-01
7.685595000000000621e-01 -1.512832500000000080e-01 4.751167749999999912e-01
7.715105000000000990e-01 -1.448969999999999980e-01 4.705462499999999992e-01
7.740270000000000206e-01 -1.383757499999999918e-01 4.661427249999999800e-01
7.530815000000000703e-01 -1.443912499999999988e-01 4.733174824999999974e-01
7.578762500000000291e-01 -1.391739999999999922e-01 4.691300250000000061e-01
7.618257500000000793e-01 -1.335510000000000030e-01 4.650826499999999863e-01
7.426840000000000108e-01 -1.373365000000000002e-01 4.730963724999999731e-01
7.479430000000000245e-01 -1.326242499999999991e-01 4.689650750000000090e-01
7.529037500000000938e-01 -1.277767499999999945e-01 4.649913249999999554e-01
7.382073250000000808e-01 -1.280300000000000049e-01 4.744812224999999661e-01
7.435102500000000392e-01 -1.237149999999999916e-01 4.702897149999999971e-01
7.488400000000000611e-01 -1.194864999999999955e-01 4.660569499999999699e-01
7.337971500000000091e-01 -1.182122499999999909e-01 4.749475249999999815e-01
7.391469500000000803e-01 -1.143274999999999986e-01 4.707682324999999945e-01
7.446735000000000992e-01 -1.105132500000000073e-01 4.664580999999999866e-01
7.288419500000000717e-01 -1.085552499999999920e-01 4.753831749999999912e-01
7.338056750000000461e-01 -1.043332499999999885e-01 4.712902149999999568e-01
7.388910500000001047e-01 -1.001289999999999958e-01 4.670877250000000092e-01
7.195385000000000808e-01 -9.554599999999999205e-02 4.764118499999999701e-01
7.246050250000000137e-01 -9.131300000000000527e-02 4.721989707500000022e-01
7.296237750000000855e-01 -8.700900000000000301e-02 4.679423249999999923e-01
7.080849000000000171e-01 -8.459849999999999315e-02 4.757268749999999935e-01
7.129058850000000724e-01 -8.044574999999998255e-02 4.715058924999999679e-01
7.176508750000000214e-01 -7.624124999999998264e-02 4.672821749999999663e-01
6.951875250000000284e-01 -7.287374999999998715e-02 4.738194024999999865e-01
7.001964250000000112e-01 -6.942475000000000729e-02 4.697481825000000000e-01
7.050704000000000971e-01 -6.585925000000000806e-02 4.656831249999999756e-01
6.837657500000000610e-01 -6.295924999999999438e-02 4.730597724999999754e-01
6.890642500000000448e-01 -6.018974999999998632e-02 4.698782899999999763e-01
6.944554000000000560e-01 -5.765424999999999023e-02 4.660853999999999830e-01
6.736642500000000755e-01 -5.292924999999998326e-02 4.696328799999999748e-01
6.796207499999999957e-01 -5.268024999999998403e-02 4.679742499999999805e-01
6.857150000000000745e-01 -5.148949999999999361e-02 4.648571999999999704e-01
6.716377500000000333e-01 -4.145799999999999486e-02 4.679889749999999737e-01
6.779100000000000126e-01 -4.340199999999999614e-02 4.662451999999999708e-01
6.840105000000000768e-01 -4.528574999999999962e-02 4.639605749999999862e-01
6.785612500000000047e-01 -3.174074999999999813e-02 4.695401724999999638e-01
6.830592500000000067e-01 -3.622699999999999532e-02 4.673946999999999963e-01
6.875832500000000902e-01 -4.081699999999999218e-02 4.646926000000000112e-01
6.875970000000000137e-01 -2.850300000000000056e-02 4.694579999999999864e-01
6.913494250000000729e-01 -3.323824999999999696e-02 4.672761500000000012e-01
6.948736000000000912e-01 -3.871049999999999491e-02 4.644704749999999938e-01
6.969250750000000050e-01 -2.682674999999999643e-02 4.700199374999999846e-01
7.005723249999999958e-01 -3.157224999999999615e-02 4.678397999999999723e-01
7.037920250000000433e-01 -3.732599999999999807e-02 4.649065249999999594e-01
7.047655500000000739e-01 -2.558124999999999982e-02 4.726347224999999930e-01
7.083941250000000966e-01 -3.042649999999999522e-02 4.701533250000000108e-01
7.121823725000000493e-01 -3.568375000000000019e-02 4.674604749999999864e-01
7.112770999999999955e-01 -2.165999999999999870e-02 4.732117774999999860e-01
7.156295025000000143e-01 -2.597025000000000028e-02 4.708113099999999829e-01
7.202979250000000055e-01 -3.000549999999999051e-02 4.683061249999999620e-01
7.157812050000000870e-01 -1.664849999999999663e-02 4.727854249999999814e-01
7.209696000000000993e-01 -1.968924999999999148e-02 4.703282675000000079e-01
7.263933000000000195e-01 -2.231749999999999012e-02 4.678412999999999600e-01
7.176851750000000640e-01 -9.371499999999990949e-03 4.729263249999999807e-01
7.236625750000000856e-01 -1.043324999999999114e-02 4.704032949999999991e-01
7.298134750000000448e-01 -1.120174999999999643e-02 4.678385999999999934e-01
7.149526100000000994e-01 1.825000000001131273e-05 4.740471399999999780e-01
7.211926000000000725e-01 7.565000000000071667e-04 4.714454624999999677e-01
7.273453250000000425e-01 1.159750000000001058e-03 4.688977749999999611e-01
7.112452750000000101e-01 9.089500000000000357e-03 4.746692499999999870e-01
7.180393000000000470e-01 1.101300000000000889e-02 4.718028027499999721e-01
7.245413500000000839e-01 1.260500000000000509e-02 4.690617749999999586e-01
7.073979500000000531e-01 1.821000000000000396e-02 4.748824500000000115e-01
7.152387725000000085e-01 2.097925000000000484e-02 4.715026824999999921e-01
7.226163000000001002e-01 2.314400000000000485e-02 4.683982499999999605e-01
7.022514250000000402e-01 2.728525000000000394e-02 4.727444074999999635e-01
7.126384100000000554e-01 3.080100000000000199e-02 4.683893749999999967e-01
7.222497750000000938e-01 3.390125000000000777e-02 4.643278750000000010e-01
6.987055500000000086e-01 3.557975000000000720e-02 4.708776499999999809e-01
7.098859000000000696e-01 3.785250000000000420e-02 4.672828249999999572e-01
7.200822749999999939e-01 4.011875000000000163e-02 4.642793749999999942e-01
7.018441250000000409e-01 4.332500000000000240e-02 4.738238899999999698e-01
7.100355999999999890e-01 4.511100000000000526e-02 4.713015249999999989e-01
7.190542500000000059e-01 4.763124999999999998e-02 4.688551999999999720e-01
7.014636250000000350e-01 5.210935000000000566e-02 4.740435699999999697e-01
7.084002249999999945e-01 5.428897500000000320e-02 4.719485419999999709e-01
7.150983400000000545e-01 5.665945000000000009e-02 4.701353374999999724e-01
7.024195500000000036e-01 6.115975000000000578e-02 4.775790249999999904e-01
7.078385249999999962e-01 6.300730000000000219e-02 4.760204249999999693e-01
7.140350800000000442e-01 6.534420000000000506e-02 4.744271150000000103e-01
7.041228500000000778e-01 6.772247500000000420e-02 4.834347250000000096e-01
7.082998000000000349e-01 6.935502500000000070e-02 4.828584499999999946e-01
7.140906375000000139e-01 7.160539500000000224e-02 4.815222499999999850e-01
7.010228000000000570e-01 7.651442499999999702e-02 4.853191000000000033e-01
7.059528000000000469e-01 7.830087500000000589e-02 4.845372249999999603e-01
7.118107750000000067e-01 8.063332500000000569e-02 4.831875749999999803e-01
6.992847250000000514e-01 8.565887499999999544e-02 4.908135999999999610e-01
7.037600500000000814e-01 8.615100000000000535e-02 4.902187749999999955e-01
7.094443000000000277e-01 8.807639999999999914e-02 4.887539750000000072e-01
7.005995999999999890e-01 9.011967500000001019e-02 5.011754999999999960e-01
7.050668250000000636e-01 9.031452500000000660e-02 4.992842499999999850e-01
7.106208999999999998e-01 9.151805000000000356e-02 4.970317499999999944e-01
7.037790750000000317e-01 8.862765000000000226e-02 5.118202499999999766e-01
7.090392000000000916e-01 8.926525000000000432e-02 5.088920000000000110e-01
7.142926852500000034e-01 8.993325000000000624e-02 5.059347499999999886e-01
7.091246250000000639e-01 8.514610000000000234e-02 5.208537500000000042e-01
7.140057075000000308e-01 8.442594999999999961e-02 5.169177499999999537e-01
7.188599500000000253e-01 8.464237500000000580e-02 5.134052500000000352e-01
7.227635000000000032e-01 7.582674999999999832e-02 5.250637499999999402e-01
7.234298750000000000e-01 7.632794750000000683e-02 5.223854999999999471e-01
7.265254000000000989e-01 7.600288750000000482e-02 5.170757499999999451e-01
7.261747500000000910e-01 6.248342500000000216e-02 5.253749999999999254e-01
7.272541000000000144e-01 6.285972500000000518e-02 5.219982499999999970e-01
7.297186750000000943e-01 6.325312500000000726e-02 5.171552499999999553e-01
7.294483500000000786e-01 5.292245000000000976e-02 5.271912500000000001e-01
7.316041750000000787e-01 5.205902500000000876e-02 5.223090000000000233e-01
7.342346750000000588e-01 5.052885000000000015e-02 5.182557500000000150e-01
7.302356750000000840e-01 4.583675000000000943e-02 5.278732499999999606e-01
7.324039750000000959e-01 4.298925000000000662e-02 5.236939999999999928e-01
7.340177250000000653e-01 4.002125000000000127e-02 5.204377500000000323e-01
7.242049000000000403e-01 4.418450000000000155e-02 5.216509999999999758e-01
7.270137000000000960e-01 4.129800000000000137e-02 5.183522499999999589e-01
7.293545500000000459e-01 3.821100000000000191e-02 5.140780000000000349e-01
7.158677025000000915e-01 4.892450000000000965e-02 5.153187499999999366e-01
7.184732500000000632e-01 4.621850000000000958e-02 5.110504999999999631e-01
7.208907750000000947e-01 4.364000000000000518e-02 5.065367499999999801e-01
7.093753500000000711e-01 5.770010000000000416e-02 5.082335000000000047e-01
7.112305750000000870e-01 5.391530000000000628e-02 5.039952500000000057e-01
7.128848500000000143e-01 5.066145000000000370e-02 4.998042500000000055e-01
7.058731750000000194e-01 6.770792500000000214e-02 4.995607499999999979e-01
7.065825000000000022e-01 6.277157500000001000e-02 4.963787000000000060e-01
7.074542500000000622e-01 5.832495000000000041e-02 4.929308749999999906e-01
7.018514500000000433e-01 7.370428750000000695e-02 4.920742249999999762e-01
7.025974000000000386e-01 6.849497499999999961e-02 4.892668499999999754e-01
7.031247999999999942e-01 6.337477500000000818e-02 4.863808749999999903e-01
6.973170250000000348e-01 7.829945000000000654e-02 4.866445999999999827e-01
6.978582750000000834e-01 7.310196500000000486e-02 4.836037999999999726e-01
6.978698250000000547e-01 6.781390000000001028e-02 4.815876249999999636e-01
6.934834250000000422e-01 8.301922500000000205e-02 4.806378499999999776e-01
6.932661750000000955e-01 7.753187500000000010e-02 4.777478499999999739e-01
6.928763250000000706e-01 7.218172000000000477e-02 4.749617499999999604e-01
6.875815000000000676e-01 8.712792500000000884e-02 4.785025499999999710e-01
6.860052500000000109e-01 8.201080000000000869e-02 4.751909500000000008e-01
6.846260000000000678e-01 7.695602499999999735e-02 4.718912094999999640e-01
6.806147500000000461e-01 9.104452500000000115e-02 4.796891249999999940e-01
6.779965000000000019e-01 8.630937500000000762e-02 4.763583249999999714e-01
6.754572500000000090e-01 8.157899999999999874e-02 4.730228850000000040e-01
6.747177500000000050e-01 9.683007500000000156e-02 4.794874749999999963e-01
6.707252500000000506e-01 9.310477500000000073e-02 4.759344249999999943e-01
6.668675000000000574e-01 8.928792500000000409e-02 4.724166025000000046e-01
6.716560000000000308e-01 1.047835000000000016e-01 4.774229999999999863e-01
6.666785000000000627e-01 1.018435000000000035e-01 4.741007174999999907e-01
6.618155000000000010e-01 9.889187500000000408e-02 4.708171150000000083e-01
6.683769999999999989e-01 1.133492500000000125e-01 4.786313500000000110e-01
6.625525000000000997e-01 1.107640000000000013e-01 4.757759749999999621e-01
6.566862500000000269e-01 1.083125000000000060e-01 4.730946799999999897e-01
6.655855000000000521e-01 1.202110000000000123e-01 4.843064249999999848e-01
6.589130000000000820e-01 1.179152499999999992e-01 4.816640999999999839e-01
6.523385000000000433e-01 1.153944999999999971e-01 4.789265249999999918e-01
6.645602500000000745e-01 1.243722500000000036e-01 4.925885999999999876e-01
6.567574999999999941e-01 1.221509999999999957e-01 4.904108749999999683e-01
6.493647500000000461e-01 1.196247500000000019e-01 4.880110999999999755e-01
6.639240000000000697e-01 1.266782499999999922e-01 5.017862499999999892e-01
6.551607500000000694e-01 1.243072500000000080e-01 4.997127499999999833e-01
6.472455000000000291e-01 1.215865000000000001e-01 4.972452499999999720e-01
6.594242500000000451e-01 1.326532500000000003e-01 5.114022499999999471e-01
6.517789999999999973e-01 1.276609999999999967e-01 5.107957499999999929e-01
6.445985000000000742e-01 1.222947500000000076e-01 5.086984999999999424e-01
6.569025000000000558e-01 1.328554999999999875e-01 5.190894999999999815e-01
6.503292500000000809e-01 1.286512499999999948e-01 5.192384999999999362e-01
6.439320000000000599e-01 1.243687500000000001e-01 5.194177500000000114e-01
6.573420000000000929e-01 1.324704999999999910e-01 5.288975000000000204e-01
6.517265000000000974e-01 1.287075000000000025e-01 5.306359999999999966e-01
6.462057500000000232e-01 1.249402500000000027e-01 5.323544999999999527e-01
6.608027499999999943e-01 1.289702500000000085e-01 5.360322499999999879e-01
6.570955000000000545e-01 1.249627499999999974e-01 5.393574999999999342e-01
6.534794999999999909e-01 1.210607499999999948e-01 5.426069999999999505e-01
6.674970000000000070e-01 1.230615000000000042e-01 5.378007499999999386e-01
6.650047500000000333e-01 1.185482500000000078e-01 5.412690000000000001e-01
6.626292500000000585e-01 1.139680000000000137e-01 5.446867499999999973e-01
6.742867500000000458e-01 1.174324999999999952e-01 5.366870000000000251e-01
6.718100000000000183e-01 1.130950000000000011e-01 5.401672499999999877e-01
6.693769999999999998e-01 1.086779999999999968e-01 5.436602499999999560e-01
6.815897500000001052e-01 1.103564999999999963e-01 5.407397499999999635e-01
6.785090000000000288e-01 1.063342500000000052e-01 5.441544999999999854e-01
6.751857500000000289e-01 1.023715000000000042e-01 5.475780000000000092e-01
6.894142500000000062e-01 1.047539999999999999e-01 5.468427499999999331e-01
6.869685000000000930e-01 1.004392500000000077e-01 5.507187499999999236e-01
6.843515000000000015e-01 9.615474999999999717e-02 5.546572499999999906e-01
6.971203000000000261e-01 9.646395000000000663e-02 5.506569999999999521e-01
6.951733750000000933e-01 9.208802500000000391e-02 5.545022499999999743e-01
6.931989250000000213e-01 8.759764999999999913e-02 5.584657499999999830e-01
7.000998500000000790e-01 8.691445000000000420e-02 5.478317499999999507e-01
6.983966249999999931e-01 8.195762500000000617e-02 5.514259999999999717e-01
6.966984500000000802e-01 7.704677499999999790e-02 5.550444999999999407e-01
6.992056250000000528e-01 7.747755000000000614e-02 5.412319999999999354e-01
6.974987250000000971e-01 7.270362500000000783e-02 5.446727499999999278e-01
6.957805750000000122e-01 6.810140000000000637e-02 5.481350000000000389e-01
7.006768750000000878e-01 6.954575000000000340e-02 5.332557500000000283e-01
6.991942500000000171e-01 6.483755000000000768e-02 5.368515000000000370e-01
6.977998750000000694e-01 6.055137500000000450e-02 5.401624999999999899e-01
7.062164250000000365e-01 6.200327500000000353e-02 5.240517499999999274e-01
7.051215750000000559e-01 5.735505000000000464e-02 5.278872500000000301e-01
7.039635750000000636e-01 5.299387500000000972e-02 5.317827499999999707e-01
7.126905725000000080e-01 5.224447500000000549e-02 5.144632499999999276e-01
7.115468750000000231e-01 5.066660000000000608e-02 5.180397500000000210e-01
7.113040500000000765e-01 4.986270000000000979e-02 5.207604999999999595e-01
7.220555750000000605e-01 4.864700000000000968e-02 5.084892500000000037e-01
7.233820499999999987e-01 4.704575000000000423e-02 5.134072499999999817e-01
7.235272500000000662e-01 4.582200000000000162e-02 5.146604999999999652e-01
7.316190250000000894e-01 4.543750000000000566e-02 5.017537499999999984e-01
7.334622500000000933e-01 4.414050000000000612e-02 5.067089999999999650e-01
7.361178999999999917e-01 4.374025000000000829e-02 5.104452499999999615e-01
7.434614999999999974e-01 4.455700000000001326e-02 4.949750749999999866e-01
7.462855000000000461e-01 4.271625000000000422e-02 5.000382500000000174e-01
7.490197499999999842e-01 4.081550000000000455e-02 5.050642499999999924e-01
7.591167500000000068e-01 4.305150000000000643e-02 4.859299999999999731e-01
7.609047500000000186e-01 4.186450000000000587e-02 4.916713749999999661e-01
7.627080000000000526e-01 4.065275000000000138e-02 4.973559999999999648e-01
7.763484999999999969e-01 4.179650000000001420e-02 4.792935749999999717e-01
7.769197500000000201e-01 4.140800000000001424e-02 4.853503750000000005e-01
7.776660000000000794e-01 4.100575000000001441e-02 4.913537499999999780e-01
7.914487500000000342e-01 4.185775000000001300e-02 4.751430999999999849e-01
7.914425000000000487e-01 4.216125000000001122e-02 4.813185249999999971e-01
7.915525000000001032e-01 4.249650000000001343e-02 4.874709499999999585e-01
8.045792500000000791e-01 4.570925000000000682e-02 4.734682974999999683e-01
8.037060000000000315e-01 4.601000000000000922e-02 4.797571499999999656e-01
8.029635000000000522e-01 4.646600000000000730e-02 4.860809749999999707e-01
8.121152500000000662e-01 5.172247500000001080e-02 4.722918124999999634e-01
8.116730000000000889e-01 5.237410000000000676e-02 4.787109749999999830e-01
8.114040000000000141e-01 5.327705000000000635e-02 4.850550499999999876e-01
8.185557500000000264e-01 5.725532500000000968e-02 4.704980649999999653e-01
8.185722500000000013e-01 5.837465000000001403e-02 4.769638249999999524e-01
8.184905000000000097e-01 5.950202500000001393e-02 4.833238499999999993e-01
8.282992500000000424e-01 5.851470000000000976e-02 4.677207250000000038e-01
8.281285000000000451e-01 5.963527500000001536e-02 4.743096424999999616e-01
8.278567500000000301e-01 6.075280000000000957e-02 4.807984499999999883e-01
8.408405000000001017e-01 5.954555000000000958e-02 4.661185249999999503e-01
8.400819999999999954e-01 6.065460000000000990e-02 4.729382924999999682e-01
8.392202500000000009e-01 6.175862500000001143e-02 4.796943999999999653e-01
8.538112500000000216e-01 6.104850000000001248e-02 4.646835500000000008e-01
8.521420000000000661e-01 6.210580000000001655e-02 4.718707639999999981e-01
8.503534999999999844e-01 6.317827500000000596e-02 4.791290500000000008e-01
8.670477500000000060e-01 6.326802500000000551e-02 4.647202749999999605e-01
8.645762500000000461e-01 6.429895000000000749e-02 4.724933924999999979e-01
8.617252500000001092e-01 6.535105000000000774e-02 4.805650249999999790e-01
8.777192500000000619e-01 6.491127500000001826e-02 4.653392749999999967e-01
8.751305000000000334e-01 6.611265000000002279e-02 4.741947474999999579e-01
8.717415000000000580e-01 6.724757500000001775e-02 4.831254249999999972e-01
8.872987500000000249e-01 6.591355000000001518e-02 4.646792499999999881e-01
8.833777500000000726e-01 6.720982500000001469e-02 4.750476749999999471e-01
8.788457499999999811e-01 6.844160000000001909e-02 4.853073249999999561e-01
8.963185000000000180e-01 6.672450000000001991e-02 4.674576749999999614e-01
8.913714999999999833e-01 6.797865000000001545e-02 4.778972499999999957e-01
8.865812500000000984e-01 6.925642500000001034e-02 4.885652749999999656e-01
9.049217500000000802e-01 6.792875000000000996e-02 4.734295024999999879e-01
9.006145000000000955e-01 6.893717500000001719e-02 4.819550999999999696e-01
8.959985000000000310e-01 6.991035000000000998e-02 4.903602499999999975e-01
9.146202500000000235e-01 6.913857500000002154e-02 4.790294749999999824e-01
9.107359999999999900e-01 7.003617500000001994e-02 4.866495999999999600e-01
9.067027500000000018e-01 7.092262500000001690e-02 4.942477249999999711e-01
9.307635000000000769e-01 7.225886750000001801e-02 4.961556249999999890e-01
