4.968230000000000146e-01 -5.827274999999998428e-02 4.644351500000000188e-01
5.391252500000000003e-01 -3.929875000000000729e-02 4.689360999999999668e-01
5.410095000000000320e-01 -5.171775000000000677e-02 4.688291499999999723e-01
5.428040000000000642e-01 -6.413625000000000576e-02 4.687130999999999936e-01
5.503985000000000127e-01 -3.716825000000001378e-02 4.702037949999999800e-01
5.524660000000000126e-01 -4.995475000000000609e-02 4.700955649999999930e-01
5.541642500000000249e-01 -6.264224999999998267e-02 4.699748899999999785e-01
5.619819999999999816e-01 -3.575975000000000681e-02 4.715562624999999897e-01
5.636152500000000121e-01 -4.806725000000000581e-02 4.713783449999999764e-01
5.654917500000000707e-01 -6.078924999999998913e-02 4.709318424999999753e-01
5.736877500000000518e-01 -3.484300000000001285e-02 4.735764224999999827e-01
5.749312500000000048e-01 -4.656675000000000397e-02 4.733191700000000113e-01
5.764350000000000307e-01 -5.869699999999999918e-02 4.728116824999999968e-01
5.858665000000000678e-01 -3.343750000000000888e-02 4.737315824999999703e-01
5.865360000000000573e-01 -4.470075000000001131e-02 4.734794574999999783e-01
5.877365000000001061e-01 -5.629524999999999113e-02 4.729412450000000101e-01
5.998490000000000766e-01 -3.220175000000001508e-02 4.721237402499999791e-01
5.995360000000000689e-01 -4.365750000000001574e-02 4.719578004999999687e-01
5.995447500000000707e-01 -5.508774999999999089e-02 4.714211950000000151e-01
6.133927500000000421e-01 -3.111399999999998889e-02 4.701025449999999828e-01
6.124417500000001180e-01 -4.296049999999999869e-02 4.700422499999999948e-01
6.123667500000000707e-01 -5.450900000000000190e-02 4.694554750000000110e-01
6.277755000000000418e-01 -3.058774999999999689e-02 4.671965000000000146e-01
6.260282500000000638e-01 -4.316924999999999235e-02 4.671284749999999875e-01
6.250742500000000534e-01 -5.511649999999998495e-02 4.666381499999999738e-01
6.407992500000000424e-01 -3.125274999999999581e-02 4.657372999999999652e-01
6.380710000000000548e-01 -4.296524999999999650e-02 4.656663249999999921e-01
6.360547500000000021e-01 -5.436674999999999147e-02 4.653128999999999738e-01
6.519060000000000965e-01 -3.420949999999998992e-02 4.659048499999999815e-01
6.486537500000000289e-01 -4.498699999999999921e-02 4.656359250000000061e-01
6.453432500000000349e-01 -5.580350000000000588e-02 4.652823749999999703e-01
6.633632500000000709e-01 -3.752574999999999661e-02 4.669783249999999719e-01
6.595752500000000573e-01 -4.790274999999999395e-02 4.666138999999999704e-01
6.552345000000000530e-01 -5.818974999999998454e-02 4.661650250000000106e-01
6.760772500000000740e-01 -3.996274999999999133e-02 4.685313749999999722e-01
6.732075000000000697e-01 -5.032599999999999574e-02 4.681979000000000002e-01
6.698304999999999954e-01 -6.067174999999999652e-02 4.678382749999999701e-01
6.892505000000000992e-01 -4.103049999999999753e-02 4.710496774999999858e-01
6.878797500000000120e-01 -5.174424999999999164e-02 4.704555199999999604e-01
6.857560000000000322e-01 -6.178374999999999839e-02 4.709496524999999822e-01
7.034904500000001004e-01 -4.076699999999999768e-02 4.730720525000000065e-01
7.030707250000000075e-01 -5.162100000000000022e-02 4.722489575000000106e-01
7.025328250000000274e-01 -6.200999999999998180e-02 4.715389875000000064e-01
7.193601750000000461e-01 -4.004149999999999376e-02 4.743829175000000009e-01
7.186017500000000391e-01 -5.080199999999999994e-02 4.733538224999999655e-01
7.177803000000000377e-01 -6.143574999999998343e-02 4.723494775000000034e-01
7.302135250000000299e-01 -3.990849999999999953e-02 4.751601500000000033e-01
7.303278000000000825e-01 -5.020999999999999075e-02 4.739824624999999791e-01
7.299795000000000034e-01 -6.017200000000000326e-02 4.725657374999999716e-01
7.404340000000000366e-01 -3.932274999999998966e-02 4.753024249999999729e-01
7.406262500000000415e-01 -4.944649999999999046e-02 4.737971424999999903e-01
7.404782500000000045e-01 -5.943599999999998884e-02 4.723765174999999816e-01
7.523810000000000775e-01 -3.891424999999999745e-02 4.748761749999999560e-01
7.517917500000000919e-01 -4.863274999999998849e-02 4.733627749999999579e-01
7.509032500000000221e-01 -5.852074999999998250e-02 4.718907867499999576e-01
7.643125000000000613e-01 -3.972749999999999893e-02 4.738781274999999682e-01
7.631227500000000719e-01 -4.939749999999999697e-02 4.722502124999999884e-01
7.618632499999999919e-01 -5.928249999999998798e-02 4.706046174999999887e-01
7.761067500000000674e-01 -4.026049999999999074e-02 4.726536100000000018e-01
7.751672500000000854e-01 -5.009324999999999195e-02 4.706124324999999553e-01
7.745645000000001001e-01 -5.983625000000000749e-02 4.685067749999999864e-01
7.882475000000001009e-01 -4.115774999999999295e-02 4.712048174999999839e-01
7.867407500000000997e-01 -5.079024999999999512e-02 4.690593750000000006e-01
7.863445000000000018e-01 -6.015275000000000483e-02 4.667253999999999570e-01
8.008152500000000895e-01 -4.221074999999999133e-02 4.700062874999999529e-01
7.991117500000000096e-01 -5.170125000000000415e-02 4.675519249999999793e-01
7.976555000000000728e-01 -6.077150000000000607e-02 4.652225249999999979e-01
8.127420000000000755e-01 -4.467924999999998981e-02 4.696650299999999834e-01
8.095477500000000104e-01 -5.372999999999999998e-02 4.671176749999999545e-01
8.065210000000000434e-01 -6.269025000000000292e-02 4.646826499999999749e-01
8.229975000000000485e-01 -4.938075000000000103e-02 4.702022249999999737e-01
8.188390000000000946e-01 -5.746199999999998531e-02 4.674017249999999901e-01
8.151447500000000845e-01 -6.597924999999998930e-02 4.646984749999999997e-01
8.323682500000000317e-01 -5.628449999999998732e-02 4.712116324999999772e-01
8.275045000000000872e-01 -6.349124999999999908e-02 4.680506249999999979e-01
8.229335000000000955e-01 -7.109949999999998216e-02 4.650922749999999994e-01
8.411452500000000665e-01 -6.450624999999998721e-02 4.726491624999999974e-01
8.356332500000001051e-01 -7.052300000000000235e-02 4.692998749999999775e-01
8.305390000000000272e-01 -7.710899999999998311e-02 4.661673249999999658e-01
8.506195000000000839e-01 -7.190099999999999270e-02 4.741531874999999618e-01
8.437670000000000448e-01 -7.708124999999999005e-02 4.704336449999999559e-01
8.377452499999999969e-01 -8.240600000000000702e-02 4.670452499999999674e-01
8.566477500000000411e-01 -8.111150000000000304e-02 4.754221499999999878e-01
8.491272500000000001e-01 -8.494725000000000192e-02 4.715589899999999557e-01
8.420330000000000314e-01 -8.832874999999998367e-02 4.678323249999999933e-01
8.598405000000000076e-01 -9.230249999999998178e-02 4.787148499999999696e-01
8.518332500000000973e-01 -9.348199999999998178e-02 4.738630474999999675e-01
8.437692500000000262e-01 -9.513374999999998916e-02 4.693368249999999575e-01
8.585964999999999847e-01 -1.036387500000000017e-01 4.847741250000000002e-01
8.508497500000000713e-01 -1.021475000000000022e-01 4.784546499999999813e-01
8.424635000000000318e-01 -1.012349999999999917e-01 4.721521119999999572e-01
8.534132500000000121e-01 -1.149842499999999823e-01 4.877967249999999866e-01
8.458797500000000413e-01 -1.110932500000000045e-01 4.801217749999999729e-01
8.371532500000000709e-01 -1.069207500000000088e-01 4.717686099999999771e-01
8.462515000000000454e-01 -1.234274999999999956e-01 4.894234749999999967e-01
8.381945000000000645e-01 -1.200387499999999996e-01 4.818153499999999756e-01
8.302325000000000399e-01 -1.148367499999999874e-01 4.733147824999999753e-01
8.387825000000000975e-01 -1.326169999999999849e-01 4.874149499999999580e-01
8.320777500000000604e-01 -1.280522500000000063e-01 4.804368499999999709e-01
8.258977500000000971e-01 -1.228987500000000010e-01 4.733982224999999655e-01
8.296657500000000907e-01 -1.429102499999999887e-01 4.854389499999999802e-01
8.245887500000000925e-01 -1.376292500000000085e-01 4.786738749999999709e-01
8.197317500000000923e-01 -1.319815000000000016e-01 4.718129342499999823e-01
8.170230000000000548e-01 -1.502094999999999958e-01 4.838192499999999785e-01
8.145452500000001095e-01 -1.442324999999999857e-01 4.773721499999999951e-01
8.116407500000000219e-01 -1.385132500000000044e-01 4.709586374999999991e-01
8.056235000000000479e-01 -1.526365000000000083e-01 4.835150999999999755e-01
8.049092500000000205e-01 -1.465972499999999845e-01 4.774215499999999723e-01
8.032032500000000352e-01 -1.408302499999999902e-01 4.712387524999999688e-01
7.946157500000000651e-01 -1.561670000000000003e-01 4.815703499999999804e-01
7.944837500000000441e-01 -1.499540000000000040e-01 4.756086249999999516e-01
7.936822500000000336e-01 -1.439377500000000032e-01 4.695953849999999763e-01
7.831757500000000594e-01 -1.598157500000000064e-01 4.772277249999999915e-01
7.835772500000000029e-01 -1.535050000000000026e-01 4.715371425000000061e-01
7.836987500000001106e-01 -1.472269999999999968e-01 4.659381999999999691e-01
7.702010000000000245e-01 -1.597247499999999987e-01 4.752935499999999536e-01
7.714452500000000823e-01 -1.535812500000000025e-01 4.698557374999999814e-01
7.722482500000000805e-01 -1.473319999999999907e-01 4.646512749999999747e-01
7.566627500000000506e-01 -1.551325000000000065e-01 4.765030999999999572e-01
7.585230000000000583e-01 -1.492850000000000010e-01 4.711115025000000012e-01
7.603550000000001141e-01 -1.434134999999999993e-01 4.658715999999999968e-01
7.443340000000000511e-01 -1.461682499999999996e-01 4.786505999999999816e-01
7.471662500000000318e-01 -1.410279999999999867e-01 4.731650074999999567e-01
7.500210000000000488e-01 -1.358637500000000053e-01 4.677383749999999840e-01
7.330238000000000032e-01 -1.356367500000000004e-01 4.800325500000000023e-01
7.368519750000001034e-01 -1.314467500000000011e-01 4.744947749999999798e-01
7.407645000000000479e-01 -1.272112499999999979e-01 4.689266249999999858e-01
7.221286250000000795e-01 -1.246552499999999952e-01 4.809039499999999689e-01
7.263805000000000955e-01 -1.208232499999999932e-01 4.754375999999999602e-01
7.306596000000000757e-01 -1.169639999999999846e-01 4.700099299999999647e-01
7.118255250000000700e-01 -1.131607500000000044e-01 4.804015249999999959e-01
7.165464375000000219e-01 -1.095962500000000062e-01 4.753372750000000035e-01
7.212185000000000956e-01 -1.060019999999999851e-01 4.703024624999999626e-01
7.019294000000000366e-01 -1.012822499999999903e-01 4.794038499999999647e-01
7.071128250000000559e-01 -9.796849999999998615e-02 4.748008750000000111e-01
7.122534100000000867e-01 -9.464899999999998315e-02 4.702042750000000049e-01
6.925305000000000488e-01 -8.858549999999998370e-02 4.777991749999999649e-01
6.982741250000000788e-01 -8.584600000000000564e-02 4.737142474999999631e-01
7.039784250000000743e-01 -8.311999999999999944e-02 4.696421375000000009e-01
6.842392500000000766e-01 -7.471099999999999963e-02 4.737622025000000070e-01
6.905968000000000107e-01 -7.332774999999999710e-02 4.705939524999999679e-01
6.969934750000000845e-01 -7.191224999999998313e-02 4.674098250000000010e-01
6.790810000000000457e-01 -6.175999999999998158e-02 4.686178999999999761e-01
6.852782500000000887e-01 -6.196350000000000469e-02 4.675046749999999807e-01
6.922554750000000645e-01 -6.214724999999998722e-02 4.651603500000000002e-01
6.791607500000000908e-01 -5.004874999999998908e-02 4.671368750000000070e-01
6.857210000000000250e-01 -5.173774999999999902e-02 4.661770499999999817e-01
6.925580250000000770e-01 -5.355099999999998750e-02 4.645965499999999970e-01
6.835220000000000740e-01 -3.958499999999999519e-02 4.690570000000000017e-01
6.895576000000001038e-01 -4.268399999999999972e-02 4.684820749999999978e-01
6.957965750000000282e-01 -4.614374999999999727e-02 4.671992749999999694e-01
6.903908250000000413e-01 -3.178274999999999850e-02 4.708487925000000018e-01
6.960608000000000350e-01 -3.487174999999999303e-02 4.702921700000000094e-01
7.019445500000000004e-01 -3.880224999999999647e-02 4.691832499999999961e-01
6.970640000000000169e-01 -2.290899999999999881e-02 4.728619374999999958e-01
7.028050000000000130e-01 -2.604899999999998883e-02 4.723215149999999696e-01
7.086568750000000749e-01 -3.031549999999999523e-02 4.713094824999999877e-01
7.031514500000000112e-01 -1.388874999999999138e-02 4.740701999999999972e-01
7.088875250000000738e-01 -1.761599999999999278e-02 4.734646074999999676e-01
7.147446025000000480e-01 -2.151549999999999296e-02 4.726129024999999872e-01
7.092173750000000387e-01 -4.765249999999998654e-03 4.724249724999999844e-01
7.151715825000000137e-01 -8.204749999999996768e-03 4.717548209999999909e-01
7.212860250000000528e-01 -1.139899999999999247e-02 4.709264174999999719e-01
7.136370850000000043e-01 4.942500000000002447e-03 4.695919349999999604e-01
7.198338250000000382e-01 2.153750000000009823e-03 4.687220749999999603e-01
7.262030000000000429e-01 -3.004999999999952154e-04 4.677626999999999757e-01
7.178372750000000524e-01 1.598600000000000715e-02 4.681798500000000085e-01
7.243315500000000462e-01 1.421950000000000297e-02 4.673109749999999618e-01
7.310649000000000175e-01 1.277550000000000213e-02 4.662692499999999685e-01
7.192049249999999949e-01 2.951825000000000282e-02 4.688173499999999660e-01
7.260606500000000851e-01 2.884875000000000633e-02 4.680019999999999736e-01
7.328747750000000893e-01 2.814000000000000529e-02 4.671190749999999947e-01
7.185621250000000515e-01 4.115725000000000633e-02 4.700089574999999908e-01
7.261730000000000684e-01 4.123425000000000701e-02 4.692165999999999837e-01
7.335110250000000942e-01 4.140175000000000799e-02 4.684234499999999635e-01
7.178169500000000092e-01 5.146815000000000417e-02 4.712733774999999792e-01
7.266606250000000600e-01 5.211365000000000441e-02 4.704989949999999754e-01
7.349829250000000647e-01 5.256705000000000405e-02 4.696658499999999958e-01
7.156301950000000245e-01 6.149647500000000877e-02 4.696773074999999742e-01
7.273047750000000145e-01 6.273330000000000573e-02 4.687989499999999921e-01
7.381194500000000103e-01 6.395107500000001000e-02 4.678335249999999723e-01
7.143975202500000288e-01 7.026082499999999897e-02 4.683944749999999768e-01
7.263799000000000783e-01 7.050527500000000614e-02 4.682775249999999723e-01
7.372434750000000925e-01 7.077265000000000639e-02 4.683292749999999893e-01
7.178200000000000136e-01 7.691402500000001086e-02 4.731523899999999783e-01
7.265747250000000879e-01 7.729017500000000263e-02 4.731923275000000095e-01
7.361767750000000055e-01 7.828075000000001005e-02 4.736110424999999680e-01
7.186786750000000445e-01 8.562657500000001032e-02 4.742398474999999780e-01
7.261578499999999936e-01 8.665895000000001236e-02 4.743697474999999941e-01
7.333375000000000865e-01 8.803435000000001120e-02 4.747202999999999840e-01
7.188690750000000795e-01 9.441145000000000786e-02 4.783257999999999677e-01
7.254706499999999947e-01 9.560550000000000992e-02 4.786305750000000026e-01
7.320692750000000748e-01 9.714907500000000140e-02 4.791094750000000069e-01
7.181711750000000505e-01 1.008152500000000090e-01 4.844938249999999891e-01
7.243009750000000135e-01 1.022947500000000037e-01 4.851885999999999699e-01
7.303889500000000368e-01 1.039537500000000114e-01 4.859077499999999716e-01
7.164761725000000636e-01 1.100335000000000063e-01 4.845287749999999671e-01
7.223293250000000221e-01 1.116125000000000034e-01 4.854328499999999713e-01
7.284351500000000312e-01 1.135352500000000042e-01 4.861786750000000046e-01
7.143108117499999965e-01 1.200652500000000122e-01 4.878610250000000037e-01
7.186812750000000083e-01 1.204517499999999963e-01 4.890772250000000043e-01
7.246250000000000746e-01 1.220625000000000043e-01 4.897559249999999809e-01
7.115216000000000873e-01 1.263620000000000021e-01 4.970544999999999547e-01
7.163987450000000035e-01 1.263097499999999984e-01 4.971955000000000124e-01
7.224541750000000873e-01 1.271872500000000017e-01 4.972590000000000066e-01
7.101060750000000033e-01 1.272935000000000039e-01 5.084815000000000307e-01
7.161267875000000283e-01 1.275435000000000041e-01 5.076340000000000297e-01
7.221530999999999922e-01 1.277632499999999949e-01 5.068302499999999267e-01
7.119116000000000888e-01 1.260402500000000203e-01 5.197517499999999568e-01
7.177931000000000727e-01 1.248577500000000035e-01 5.177032499999999482e-01
7.235199500000000228e-01 1.246195000000000080e-01 5.159482499999999972e-01
7.244409250000000133e-01 1.182687500000000058e-01 5.296060000000000212e-01
7.255781749999999919e-01 1.184257499999999963e-01 5.270322499999999799e-01
7.297186250000000651e-01 1.176709999999999978e-01 5.225257500000000110e-01
7.288041750000000540e-01 1.050275000000000097e-01 5.318267500000000148e-01
7.304535750000000771e-01 1.054775000000000018e-01 5.286367499999999886e-01
7.337740999999999847e-01 1.058330000000000104e-01 5.235309999999999686e-01
7.329563500000000342e-01 9.617985000000001117e-02 5.346012500000000278e-01
7.360589500000001006e-01 9.562977500000000020e-02 5.301092499999999763e-01
7.395322500000000021e-01 9.433462500000000528e-02 5.255994999999999973e-01
7.347561000000000231e-01 8.931192500000000034e-02 5.356552500000000272e-01
7.380083500000000907e-01 8.693555000000000033e-02 5.318484999999999463e-01
7.405342500000000605e-01 8.416620000000001045e-02 5.283557500000000129e-01
7.296844749999999991e-01 8.620010000000000172e-02 5.290414999999999424e-01
7.334146750000000159e-01 8.386377500000000151e-02 5.261365000000000069e-01
7.365748500000000032e-01 8.136267500000000930e-02 5.220852499999999452e-01
7.213988000000000067e-01 8.829407499999999964e-02 5.228832500000000216e-01
7.247835250000000951e-01 8.612372500000001208e-02 5.186212500000000336e-01
7.281267500000000448e-01 8.429995000000001237e-02 5.143462500000000048e-01
7.138159675000000925e-01 9.459230000000000416e-02 5.153550000000000075e-01
7.169640750000000340e-01 9.132007500000000055e-02 5.114400000000000057e-01
7.198553750000000750e-01 8.852569999999999883e-02 5.075429999999999664e-01
7.096833500000000461e-01 1.028585000000000055e-01 5.062697499999999629e-01
7.119024000000000463e-01 9.817515000000000269e-02 5.034144999999999870e-01
7.142323047499999911e-01 9.400590000000000335e-02 5.003079999999999750e-01
7.057587250000000312e-01 1.070427500000000059e-01 4.983422499999999866e-01
7.080483250000000339e-01 1.021180000000000004e-01 4.958949999999999747e-01
7.102300000000000280e-01 9.724807500000000327e-02 4.932836499999999624e-01
7.016375500000000542e-01 1.100730000000000042e-01 4.921989749999999830e-01
7.040329000000000725e-01 1.051880000000000037e-01 4.895838750000000017e-01
7.057572750000000728e-01 1.001107499999999983e-01 4.875346999999999875e-01
6.970112750000000412e-01 1.124137500000000067e-01 4.864439249999999992e-01
6.984460000000000113e-01 1.069955000000000073e-01 4.838344249999999569e-01
6.994467500000000060e-01 1.015297500000000019e-01 4.815059999999999896e-01
6.905262000000000899e-01 1.142065000000000025e-01 4.844608750000000130e-01
6.905683750000000121e-01 1.086310000000000053e-01 4.815396249999999712e-01
6.905898000000000314e-01 1.030905000000000016e-01 4.787990249999999892e-01
6.831272500000000747e-01 1.156739999999999990e-01 4.858814249999999779e-01
6.821192500000000658e-01 1.100487500000000007e-01 4.830875000000000030e-01
6.810490000000000155e-01 1.044100000000000028e-01 4.804171749999999741e-01
6.760905000000000387e-01 1.191222500000000128e-01 4.853656499999999818e-01
6.736005000000000464e-01 1.138605000000000034e-01 4.824685499999999960e-01
6.711230000000000251e-01 1.085735000000000033e-01 4.796586749999999788e-01
6.713685000000000347e-01 1.252530000000000032e-01 4.822926750000000040e-01
6.676480000000000192e-01 1.204169999999999963e-01 4.795202000000000075e-01
6.640310000000000379e-01 1.156047500000000061e-01 4.768429499999999877e-01
6.656707500000000888e-01 1.326249999999999929e-01 4.818410750000000076e-01
6.613229999999999942e-01 1.276905000000000123e-01 4.794857999999999620e-01
6.568372500000000391e-01 1.228904999999999997e-01 4.772399749999999830e-01
6.601295000000000357e-01 1.394372500000000126e-01 4.854369749999999928e-01
6.550547500000000190e-01 1.344127499999999975e-01 4.831197999999999881e-01
6.500485000000000291e-01 1.292734999999999856e-01 4.806701749999999773e-01
6.560065000000000479e-01 1.450752499999999889e-01 4.917795500000000097e-01
6.498312500000000824e-01 1.398179999999999978e-01 4.896474749999999987e-01
6.440402499999999808e-01 1.344984999999999931e-01 4.873022999999999660e-01
6.524205000000000698e-01 1.493754999999999944e-01 4.993019999999999681e-01
6.454062500000000702e-01 1.436912499999999926e-01 4.971752500000000130e-01
6.391182499999999989e-01 1.380742500000000095e-01 4.947213999999999778e-01
6.450090000000000545e-01 1.546117499999999922e-01 5.075562500000000421e-01
6.398922500000000513e-01 1.470342500000000052e-01 5.072307499999999525e-01
6.351812500000000306e-01 1.392277500000000112e-01 5.053557499999999925e-01
6.425480000000000080e-01 1.540815000000000101e-01 5.153307499999999486e-01
6.379624999999999879e-01 1.477092500000000141e-01 5.155552500000000204e-01
6.335337500000000066e-01 1.413425000000000098e-01 5.158310000000000395e-01
6.439307499999999962e-01 1.536792499999999895e-01 5.254035000000000233e-01
6.400605000000000322e-01 1.480702500000000144e-01 5.271630000000000482e-01
6.363785000000000691e-01 1.424600000000000033e-01 5.289637499999999548e-01
6.493107500000000476e-01 1.508375000000000132e-01 5.325385000000000257e-01
6.472302500000000069e-01 1.456002499999999866e-01 5.356977499999999726e-01
6.454242500000000327e-01 1.403542500000000137e-01 5.388487499999999875e-01
6.580342500000000427e-01 1.470025000000000082e-01 5.336147500000000266e-01
6.573400000000000354e-01 1.416185000000000083e-01 5.368137499999999784e-01
6.568377499999999980e-01 1.361704999999999999e-01 5.400377499999999831e-01
6.681047500000000250e-01 1.445497500000000046e-01 5.366984999999999673e-01
6.674132500000000690e-01 1.392390000000000017e-01 5.398929999999999563e-01
6.667287500000000922e-01 1.338810000000000000e-01 5.431314999999999893e-01
6.783452500000000107e-01 1.398989999999999956e-01 5.437849999999999628e-01
6.769985000000000586e-01 1.346517500000000145e-01 5.467352500000000060e-01
6.753902500000000808e-01 1.293692499999999912e-01 5.496434999999999516e-01
6.875850000000000017e-01 1.376855000000000162e-01 5.514297499999999408e-01
6.867705000000000615e-01 1.324362500000000054e-01 5.548792499999999350e-01
6.858367499999999950e-01 1.271642500000000064e-01 5.583492500000000192e-01
6.976978750000000229e-01 1.336289999999999978e-01 5.554514999999999869e-01
6.972102749999999904e-01 1.285842500000000110e-01 5.588802499999999673e-01
6.967671000000000836e-01 1.235137500000000055e-01 5.624432499999999502e-01
7.045155250000000313e-01 1.265162499999999968e-01 5.523437500000000222e-01
7.043836750000000979e-01 1.212917500000000037e-01 5.558327499999999866e-01
7.042894000000000654e-01 1.161747500000000072e-01 5.593559999999999643e-01
7.077449749999999984e-01 1.180417500000000008e-01 5.452909999999999702e-01
7.077423750000000346e-01 1.131157500000000149e-01 5.488224999999999909e-01
7.077147000000000299e-01 1.084242499999999998e-01 5.524660000000000126e-01
7.129055400000000597e-01 1.104885000000000034e-01 5.378722499999999407e-01
7.130013350000000694e-01 1.060370000000000063e-01 5.419747499999999496e-01
7.131257900000000927e-01 1.020177500000000043e-01 5.457247499999999807e-01
7.152322025000000805e-01 1.009522500000000073e-01 5.293229999999999880e-01
7.157133975000000703e-01 9.755140000000001033e-02 5.343369999999999509e-01
7.161095675000000993e-01 9.425332499999999891e-02 5.392437500000000217e-01
7.195635750000000108e-01 8.920350000000000501e-02 5.237315000000000165e-01
7.195318750000000430e-01 8.882760000000000655e-02 5.276422499999999793e-01
7.198910250000000177e-01 8.882525000000000837e-02 5.304627499999999829e-01
7.283173500000000855e-01 8.520294999999999952e-02 5.208902499999999991e-01
7.291950750000000259e-01 8.631945000000000590e-02 5.260144999999999404e-01
7.301387249999999884e-01 8.629040000000000321e-02 5.290267499999999901e-01
7.372786000000000062e-01 8.049920000000000686e-02 5.184402499999999359e-01
7.385054750000000778e-01 8.188672500000000742e-02 5.235607500000000192e-01
7.404350000000000653e-01 8.400195000000000578e-02 5.279472499999999791e-01
7.489095000000000057e-01 8.015665000000000984e-02 5.153240000000000043e-01
7.507830000000000892e-01 8.102805000000000424e-02 5.210572500000000273e-01
7.525910000000000100e-01 8.182297500000000612e-02 5.267884999999999929e-01
7.634287500000001003e-01 8.064735000000000653e-02 5.104162500000000158e-01
7.646145000000000858e-01 8.206015000000001225e-02 5.162307499999999605e-01
7.658012499999999889e-01 8.343802500000001288e-02 5.220675000000000177e-01
7.779280000000000639e-01 8.244625000000001258e-02 5.057064999999999477e-01
7.788205000000000267e-01 8.460195000000000909e-02 5.112869999999999360e-01
7.797342500000000731e-01 8.674257500000000232e-02 5.168587499999999224e-01
7.928700000000000747e-01 8.570755000000000734e-02 5.005844999999999878e-01
7.931000000000000272e-01 8.850960000000000771e-02 5.060892499999999350e-01
7.933890000000000109e-01 9.130855000000001609e-02 5.115899999999999892e-01
8.067794999999999828e-01 9.159727500000000577e-02 4.960946749999999850e-01
8.061862500000001042e-01 9.451412500000000438e-02 5.016757499999999759e-01
8.057545000000000401e-01 9.753160000000000995e-02 5.072657499999999597e-01
8.155582500000000401e-01 9.697535000000001570e-02 4.919657249999999649e-01
8.156565000000000065e-01 1.005397500000000111e-01 4.973362499999999797e-01
8.159637500000000987e-01 1.041707500000000064e-01 5.026132500000000114e-01
8.232700000000000573e-01 1.001407500000000145e-01 4.879017249999999528e-01
8.241492500000000554e-01 1.041787500000000144e-01 4.930008750000000051e-01
8.249740000000000961e-01 1.081782500000000036e-01 4.980119999999999547e-01
8.328427500000000760e-01 9.829757500000001202e-02 4.844382999999999884e-01
8.338982500000000631e-01 1.024192500000000172e-01 4.895957249999999816e-01
8.348310000000001008e-01 1.065135000000000109e-01 4.946919749999999505e-01
8.450647500000000312e-01 9.617207500000000964e-02 4.812269499999999867e-01
8.459490000000000620e-01 1.004760000000000097e-01 4.866081249999999470e-01
8.467005000000000781e-01 1.047782500000000172e-01 4.919608500000000051e-01
8.577270000000000172e-01 9.336842500000001877e-02 4.780670249999999788e-01
8.579085000000000738e-01 9.804465000000001096e-02 4.838890750000000018e-01
8.580102499999999743e-01 1.027990000000000154e-01 4.897806499999999841e-01
8.712395000000000556e-01 9.114725000000001298e-02 4.757074499999999762e-01
8.708337500000000730e-01 9.634017500000001399e-02 4.821503999999999790e-01
8.702897499999999731e-01 1.017600000000000171e-01 4.888410999999999729e-01
8.829350000000000254e-01 8.918410000000001614e-02 4.737458824999999929e-01
8.829679999999999751e-01 9.503645000000002230e-02 4.810210249999999910e-01
8.822297500000000348e-01 1.010902500000000204e-01 4.884828749999999831e-01
8.928725000000000689e-01 8.646340000000000969e-02 4.709965574999999682e-01
8.922545000000000615e-01 9.349487500000001894e-02 4.796775499999999526e-01
8.907665000000000166e-01 1.006097500000000117e-01 4.884100249999999699e-01
9.032055000000001055e-01 8.536780000000002144e-02 4.711658399999999469e-01
9.017002499999999809e-01 9.267550000000002175e-02 4.800795249999999514e-01
9.000405000000000211e-01 1.001240000000000185e-01 4.892026749999999757e-01
9.133032500000000109e-01 8.732365000000001654e-02 4.738878399999999491e-01
9.117265000000001063e-01 9.334060000000002355e-02 4.812265249999999606e-01
9.096662500000000096e-01 9.935825000000000906e-02 4.885663499999999826e-01
9.243020000000000680e-01 8.885652500000001952e-02 4.761006749999999732e-01
9.228167500000000745e-01 9.423710000000001807e-02 4.826655499999999988e-01
9.211265000000000702e-01 9.963750000000001772e-02 4.892536499999999844e-01
9.448370000000000379e-01 9.615510000000002111e-02 4.856658499999999545e-01
