4.984437500000000743e-01 -6.655325000000000824e-02 4.688535249999999932e-01
5.395357499999999806e-01 -4.472575000000000855e-02 4.709779399999999838e-01
5.422742500000000687e-01 -5.691024999999999556e-02 4.697974575000000153e-01
5.449172500000000197e-01 -6.910525000000000695e-02 4.685988749999999703e-01
5.507087500000000801e-01 -4.179425000000000501e-02 4.711950050000000001e-01
5.536590000000000122e-01 -5.432324999999998960e-02 4.699991199999999925e-01
5.562117500000000048e-01 -6.678524999999999046e-02 4.687568750000000173e-01
5.623175000000000257e-01 -3.948600000000000720e-02 4.713363649999999794e-01
5.647527500000000256e-01 -5.159849999999999159e-02 4.701784849999999794e-01
5.673605000000000453e-01 -6.407424999999999926e-02 4.685930999999999846e-01
5.742260000000000142e-01 -3.777975000000001471e-02 4.722173809999999916e-01
5.761217499999999880e-01 -4.935350000000000847e-02 4.710450274999999909e-01
5.782519999999999882e-01 -6.127374999999998795e-02 4.695334624999999984e-01
5.864442500000000003e-01 -3.552600000000001590e-02 4.715329325000000016e-01
5.876354999999999773e-01 -4.673100000000000864e-02 4.703913750000000005e-01
5.893487500000000878e-01 -5.815475000000000505e-02 4.690286249999999768e-01
6.005790000000000850e-01 -3.340175000000000782e-02 4.689368500000000162e-01
6.003932500000001005e-01 -4.483675000000000854e-02 4.683162499999999895e-01
6.006900000000000572e-01 -5.620349999999998958e-02 4.672328000000000037e-01
6.144225000000000936e-01 -3.220199999999999452e-02 4.671970249999999880e-01
6.132495000000000029e-01 -4.398599999999999732e-02 4.667473249999999907e-01
6.130990000000000606e-01 -5.539649999999998742e-02 4.659218250000000117e-01
6.292780000000000040e-01 -3.220349999999999602e-02 4.659162249999999617e-01
6.269872499999999960e-01 -4.456549999999999401e-02 4.655320499999999750e-01
6.256510000000000682e-01 -5.624824999999999964e-02 4.648589249999999784e-01
6.423267500000000574e-01 -3.417275000000000174e-02 4.655794500000000058e-01
6.389745000000000008e-01 -4.555599999999999927e-02 4.652099249999999686e-01
6.364817500000000683e-01 -5.676649999999999752e-02 4.645919250000000167e-01
6.529700000000000504e-01 -3.841499999999999082e-02 4.665421249999999742e-01
6.492517500000000163e-01 -4.886675000000000046e-02 4.659188999999999692e-01
6.454700000000000992e-01 -5.950674999999999715e-02 4.651636499999999841e-01
6.639052500000000023e-01 -4.238949999999999663e-02 4.683527000000000107e-01
6.598352500000000953e-01 -5.266099999999998560e-02 4.675395999999999996e-01
6.551667500000000199e-01 -6.293024999999999314e-02 4.665654750000000073e-01
6.760610000000000230e-01 -4.490199999999999747e-02 4.708697799999999600e-01
6.732165000000001065e-01 -5.529024999999998524e-02 4.701610075000000055e-01
6.697695000000000176e-01 -6.564524999999998833e-02 4.693318499999999949e-01
6.888437500000000879e-01 -4.553199999999998915e-02 4.733933449999999654e-01
6.878447500000000048e-01 -5.631225000000000813e-02 4.725667624999999594e-01
6.860905000000000475e-01 -6.640974999999998962e-02 4.728602849999999913e-01
7.029090250000000761e-01 -4.436424999999999397e-02 4.752153000000000072e-01
7.029773250000000973e-01 -5.522174999999998612e-02 4.742076899999999595e-01
7.028590250000000816e-01 -6.560799999999999965e-02 4.733450599999999842e-01
7.188332000000000610e-01 -4.266174999999999828e-02 4.759692999999999841e-01
7.184661500000000256e-01 -5.343300000000000827e-02 4.748572500000000085e-01
7.178976250000000947e-01 -6.408749999999999170e-02 4.737451374999999687e-01
7.298639250000000800e-01 -4.192274999999999474e-02 4.761344499999999869e-01
7.304396250000000368e-01 -5.220449999999998703e-02 4.748525999999999581e-01
7.305986250000000570e-01 -6.211099999999999954e-02 4.732755599999999840e-01
7.401787499999999964e-01 -4.065399999999999570e-02 4.758287499999999670e-01
7.410087499999999938e-01 -5.071024999999999838e-02 4.741457424999999670e-01
7.414960000000000440e-01 -6.057374999999998177e-02 4.724783524999999762e-01
7.522820000000000062e-01 -3.955299999999999094e-02 4.751992250000000029e-01
7.523135000000000794e-01 -4.922274999999999567e-02 4.735580299999999632e-01
7.521522500000000777e-01 -5.898524999999998908e-02 4.718897824999999657e-01
7.643532500000000951e-01 -3.989849999999998953e-02 4.742977425000000080e-01
7.636090000000000932e-01 -4.957449999999999357e-02 4.724546649999999959e-01
7.628210000000000823e-01 -5.946175000000000765e-02 4.705819725000000009e-01
7.761180000000000856e-01 -4.037324999999999942e-02 4.732572649999999825e-01
7.754757500000000192e-01 -5.016949999999999188e-02 4.709458999999999729e-01
7.750780000000000447e-01 -5.989300000000000179e-02 4.686202749999999750e-01
7.885680000000000467e-01 -4.164624999999999577e-02 4.720750652499999811e-01
7.871500000000000163e-01 -5.116974999999998608e-02 4.696652574999999885e-01
7.868167500000000647e-01 -6.052325000000000066e-02 4.671771750000000001e-01
8.010760000000000103e-01 -4.309724999999998973e-02 4.711549800000000010e-01
7.996880000000000654e-01 -5.247299999999999187e-02 4.684084749999999908e-01
7.983237499999999986e-01 -6.150800000000000711e-02 4.659352999999999967e-01
8.128710000000000102e-01 -4.564674999999999983e-02 4.708464099999999930e-01
8.103017500000000428e-01 -5.457549999999999901e-02 4.680018749999999561e-01
8.075745000000000839e-01 -6.342575000000000296e-02 4.653521250000000054e-01
8.241425000000000001e-01 -4.963574999999999238e-02 4.711932074999999887e-01
8.203735000000000888e-01 -5.786549999999998639e-02 4.681269999999999598e-01
8.167727500000000473e-01 -6.623199999999998533e-02 4.652147499999999547e-01
8.344875000000000487e-01 -5.568249999999999589e-02 4.717801949999999578e-01
8.294970000000000399e-01 -6.295300000000000895e-02 4.684339249999999732e-01
8.248125000000000595e-01 -7.044824999999999005e-02 4.652813999999999561e-01
8.438292499999999752e-01 -6.386025000000000729e-02 4.727878774999999534e-01
8.376950000000000784e-01 -6.964324999999998989e-02 4.691579499999999903e-01
8.320667500000000771e-01 -7.600699999999999124e-02 4.657157499999999839e-01
8.525935000000000041e-01 -7.221199999999999841e-02 4.734118874999999615e-01
8.450980000000000159e-01 -7.661149999999999904e-02 4.696345224999999846e-01
8.383540000000000436e-01 -8.147224999999999606e-02 4.659995499999999846e-01
8.567919999999999980e-01 -8.223349999999998716e-02 4.743933074999999722e-01
8.488625000000000753e-01 -8.482575000000000531e-02 4.702966149999999734e-01
8.412300000000000333e-01 -8.769150000000000555e-02 4.664117499999999583e-01
8.567020000000000746e-01 -9.434950000000000281e-02 4.782876749999999677e-01
8.488100000000000644e-01 -9.470049999999999302e-02 4.729107699999999803e-01
8.405597500000000499e-01 -9.563525000000000498e-02 4.681704250000000012e-01
8.533827500000000787e-01 -1.048614999999999964e-01 4.854366499999999696e-01
8.461199999999999832e-01 -1.032764999999999933e-01 4.785098999999999880e-01
8.379912500000000763e-01 -1.022095000000000087e-01 4.717183799999999927e-01
8.471047500000000730e-01 -1.158855000000000024e-01 4.894928999999999530e-01
8.401095000000000645e-01 -1.124549999999999994e-01 4.810445250000000006e-01
8.318982500000000613e-01 -1.086109999999999853e-01 4.718651797499999745e-01
8.393642500000000339e-01 -1.242202500000000043e-01 4.922364999999999657e-01
8.316747500000000182e-01 -1.217514999999999847e-01 4.839343749999999722e-01
8.242040000000000477e-01 -1.172495000000000065e-01 4.745111499999999927e-01
8.312507500000000382e-01 -1.340132500000000004e-01 4.919517249999999509e-01
8.249870000000000259e-01 -1.304937499999999917e-01 4.840054249999999891e-01
8.192945000000000366e-01 -1.259477499999999972e-01 4.760045999999999999e-01
8.220979999999999954e-01 -1.447802499999999992e-01 4.907735500000000028e-01
8.175502500000000339e-01 -1.405204999999999926e-01 4.830452499999999816e-01
8.132042500000000729e-01 -1.359124999999999917e-01 4.753409749999999989e-01
8.091920000000000224e-01 -1.524739999999999984e-01 4.888380499999999684e-01
8.075417500000000581e-01 -1.472947500000000021e-01 4.815538749999999646e-01
8.054165000000000907e-01 -1.423274999999999957e-01 4.742417574999999719e-01
7.978730000000000544e-01 -1.550102499999999883e-01 4.873260749999999697e-01
7.978322500000000206e-01 -1.495947499999999986e-01 4.806556249999999753e-01
7.969105000000000771e-01 -1.445589999999999931e-01 4.737038375000000023e-01
7.871537500000000964e-01 -1.587867500000000043e-01 4.843442249999999616e-01
7.875990000000000490e-01 -1.531289999999999873e-01 4.778699499999999878e-01
7.875372500000000775e-01 -1.477439999999999864e-01 4.712140575000000053e-01
7.761860000000000426e-01 -1.627867500000000078e-01 4.790843249999999776e-01
7.771542500000000464e-01 -1.570224999999999815e-01 4.728945799999999533e-01
7.778110000000000301e-01 -1.512995000000000034e-01 4.667462000000000000e-01
7.635552500000000187e-01 -1.628090000000000093e-01 4.760447749999999756e-01
7.651910000000000656e-01 -1.572085000000000010e-01 4.701103474999999698e-01
7.663257500000000277e-01 -1.514272499999999855e-01 4.643862749999999595e-01
7.501432500000000392e-01 -1.580337500000000006e-01 4.760858249999999625e-01
7.522655000000000314e-01 -1.527067500000000022e-01 4.702358999999999845e-01
7.543257500000000171e-01 -1.472334999999999894e-01 4.645766249999999653e-01
7.379798750000000629e-01 -1.488487500000000019e-01 4.775340499999999877e-01
7.409572500000000117e-01 -1.442090000000000038e-01 4.716363474999999972e-01
7.439172500000000854e-01 -1.394455000000000000e-01 4.658362749999999664e-01
7.267409000000000230e-01 -1.380542499999999895e-01 4.785303999999999669e-01
7.306727750000000521e-01 -1.343822500000000086e-01 4.725743749999999910e-01
7.346657000000000881e-01 -1.306022500000000031e-01 4.666219999999999812e-01
7.157781975000000463e-01 -1.274784999999999946e-01 4.781795249999999942e-01
7.200255500000000142e-01 -1.239902499999999963e-01 4.724655099999999774e-01
7.242870500000000433e-01 -1.204230000000000023e-01 4.668004499999999779e-01
7.056431250000000377e-01 -1.161857500000000043e-01 4.778462249999999578e-01
7.102594750000000845e-01 -1.127427500000000027e-01 4.725926599999999977e-01
7.148265575000000149e-01 -1.092562499999999992e-01 4.673925749999999768e-01
6.957877750000001082e-01 -1.043109999999999871e-01 4.772070499999999660e-01
7.008550500000000349e-01 -1.011044999999999860e-01 4.724258725000000103e-01
7.058827500000000033e-01 -9.789649999999999741e-02 4.676681999999999784e-01
6.863195000000000823e-01 -9.137275000000000258e-02 4.758955500000000005e-01
6.920910250000000818e-01 -8.887899999999998579e-02 4.716364424999999749e-01
6.978237250000000058e-01 -8.639600000000000057e-02 4.673890249999999580e-01
6.793550000000000422e-01 -7.617424999999999891e-02 4.736219700000000032e-01
6.858682500000000681e-01 -7.532774999999999888e-02 4.701239050000000086e-01
6.923696500000000587e-01 -7.445574999999998722e-02 4.665865499999999888e-01
6.766620000000000967e-01 -6.229175000000000684e-02 4.696983599999999814e-01
6.827522500000000605e-01 -6.304374999999998175e-02 4.681250000000000133e-01
6.894902500000000822e-01 -6.379674999999998541e-02 4.652894999999999670e-01
6.780890000000000528e-01 -5.032599999999999574e-02 4.687252499999999822e-01
6.843927499999999942e-01 -5.251600000000000712e-02 4.671744499999999634e-01
6.909492750000000294e-01 -5.468524999999999081e-02 4.649833499999999620e-01
6.830885000000000984e-01 -3.999099999999999877e-02 4.701276775000000074e-01
6.889975000000000405e-01 -4.320699999999999541e-02 4.692298500000000039e-01
6.950716500000000408e-01 -4.673499999999999877e-02 4.674674999999999803e-01
6.901901750000000169e-01 -3.191924999999999624e-02 4.711281525000000081e-01
6.957737000000000505e-01 -3.501899999999999458e-02 4.702725574999999658e-01
7.015647500000000703e-01 -3.890599999999999614e-02 4.687886249999999588e-01
6.966712250000000051e-01 -2.283924999999999150e-02 4.734444150000000073e-01
7.023717250000000023e-01 -2.591849999999999710e-02 4.725702824999999940e-01
7.081209250000000122e-01 -3.007050000000000001e-02 4.711795974999999914e-01
7.027698250000000701e-01 -1.375824999999999965e-02 4.747608749999999711e-01
7.084911750000000286e-01 -1.738449999999999718e-02 4.737133699999999670e-01
7.142833762500000461e-01 -2.120350000000000013e-02 4.724556950000000088e-01
7.086971499999999979e-01 -4.444749999999997314e-03 4.732443825000000048e-01
7.146502862500000441e-01 -7.757749999999993817e-03 4.721568859999999979e-01
7.207482000000000610e-01 -1.083449999999999691e-02 4.709538124999999575e-01
7.128635925000000872e-01 5.478500000000011139e-03 4.707106824999999772e-01
7.190707000000000626e-01 2.884750000000005365e-03 4.694577749999999661e-01
7.254483750000000342e-01 6.514999999999993019e-04 4.681495249999999553e-01
7.166299725000000453e-01 1.666375000000000495e-02 4.696918350000000020e-01
7.231587000000000431e-01 1.526825000000000404e-02 4.685470999999999941e-01
7.298977000000000936e-01 1.416725000000000623e-02 4.672222249999999910e-01
7.173421250000000526e-01 3.022300000000000680e-02 4.710146899999999581e-01
7.241821250000000099e-01 3.001500000000000695e-02 4.699687174999999661e-01
7.309636750000000349e-01 2.978175000000000266e-02 4.688504749999999888e-01
7.161471175000000411e-01 4.186700000000000144e-02 4.729643049999999738e-01
7.237138000000000737e-01 4.239625000000000338e-02 4.719577512500000016e-01
7.310071250000000909e-01 4.299925000000000275e-02 4.709864874999999951e-01
7.149229775000000009e-01 5.221187500000000481e-02 4.745350999999999875e-01
7.236899750000000964e-01 5.332977500000000287e-02 4.735131074999999745e-01
7.319549000000000749e-01 5.423245000000000149e-02 4.724872350000000054e-01
7.122052349999999921e-01 6.218595000000000372e-02 4.731670749999999925e-01
7.237670500000000784e-01 6.406685000000000851e-02 4.719449739999999616e-01
7.344804500000000624e-01 6.585017500000001078e-02 4.707340399999999647e-01
7.104972250000000100e-01 7.093320000000000181e-02 4.719278749999999967e-01
7.224381000000000830e-01 7.186147500000000798e-02 4.714528324999999742e-01
7.332615250000000806e-01 7.272829000000000099e-02 4.712269049999999737e-01
7.136733875000000893e-01 7.788202500000000750e-02 4.764696999999999960e-01
7.223843500000000084e-01 7.886467500000000908e-02 4.762291750000000046e-01
7.319261250000000940e-01 8.040305000000000368e-02 4.763501249999999576e-01
7.140255625000000439e-01 8.673007500000000369e-02 4.771816749999999718e-01
7.214245500000000533e-01 8.828210000000000224e-02 4.770316499999999738e-01
7.285023250000000061e-01 9.015192500000000775e-02 4.770702499999999735e-01
7.137374100000000166e-01 9.593187499999999979e-02 4.806443249999999834e-01
7.202509000000000272e-01 9.760280000000000344e-02 4.806574999999999598e-01
7.267233750000000603e-01 9.967225000000000390e-02 4.807909249999999801e-01
7.127504700000000248e-01 1.029815000000000036e-01 4.861504249999999971e-01
7.187751749999999884e-01 1.049505000000000021e-01 4.865040749999999803e-01
7.247175750000000027e-01 1.071812500000000057e-01 4.868578000000000072e-01
7.103791250000000002e-01 1.119627499999999998e-01 4.850573749999999573e-01
7.160907149999999888e-01 1.141417500000000140e-01 4.855959499999999984e-01
7.220005250000000041e-01 1.167247500000000021e-01 4.859005249999999720e-01
7.073674750000000788e-01 1.221867500000000106e-01 4.868092749999999858e-01
7.116523500000000446e-01 1.232662500000000078e-01 4.878900999999999932e-01
7.173978500000000036e-01 1.256012499999999976e-01 4.881654999999999744e-01
7.037492750000000630e-01 1.298134999999999983e-01 4.945535249999999938e-01
7.085744750000000369e-01 1.304680000000000006e-01 4.947548250000000092e-01
7.144868920000000401e-01 1.321187500000000070e-01 4.946327499999999544e-01
7.017475750000000678e-01 1.331460000000000143e-01 5.054459999999999509e-01
7.077294750000000523e-01 1.340912499999999952e-01 5.046614999999999851e-01
7.137247349999999990e-01 1.350000000000000089e-01 5.039322499999999705e-01
7.031321000000000376e-01 1.349540000000000184e-01 5.167374999999999607e-01
7.092469500000000426e-01 1.342617500000000130e-01 5.151215000000000099e-01
7.150637450000000284e-01 1.345210000000000017e-01 5.135720000000000285e-01
7.163595175000000426e-01 1.318992499999999957e-01 5.283897499999999914e-01
7.175519500000000495e-01 1.316184999999999994e-01 5.258450000000000069e-01
7.219393500000000907e-01 1.305917500000000064e-01 5.216089999999999893e-01
7.231345750000000017e-01 1.203082500000000055e-01 5.334185000000000176e-01
7.247198000000000251e-01 1.204772500000000079e-01 5.301352499999999468e-01
7.280169499999999960e-01 1.205102500000000132e-01 5.249555000000000193e-01
7.288846750000000929e-01 1.129902500000000143e-01 5.375864999999999672e-01
7.321304750000000583e-01 1.125285000000000035e-01 5.331052499999999750e-01
7.358508000000000271e-01 1.113472500000000087e-01 5.286604999999999777e-01
7.320511500000000948e-01 1.068135000000000057e-01 5.388969999999999594e-01
7.357851250000000398e-01 1.053357500000000058e-01 5.346704999999999375e-01
7.394672500000000204e-01 1.038435000000000052e-01 5.303757500000000347e-01
7.285282750000000584e-01 1.063645000000000007e-01 5.313174999999999981e-01
7.327141500000000640e-01 1.043055000000000093e-01 5.278235000000000010e-01
7.364964500000000802e-01 1.021270000000000094e-01 5.240620000000000278e-01
7.207574500000000217e-01 1.075935000000000086e-01 5.243897499999999878e-01
7.248307999999999973e-01 1.053642500000000065e-01 5.203572499999999934e-01
7.283899500000000637e-01 1.028765000000000096e-01 5.166735000000000078e-01
7.133254050000000790e-01 1.117202500000000071e-01 5.162854999999999528e-01
7.171185250000000622e-01 1.086982499999999963e-01 5.127397499999999386e-01
7.206651250000000175e-01 1.061720000000000025e-01 5.091829999999999412e-01
7.102985500000000840e-01 1.202972499999999945e-01 5.072337499999999277e-01
7.130727100000000540e-01 1.158725000000000033e-01 5.044210000000000083e-01
7.159925825000000854e-01 1.119710000000000150e-01 5.014282500000000198e-01
7.074761000000000521e-01 1.249675000000000091e-01 4.991760000000000086e-01
7.102779250000000877e-01 1.203047500000000020e-01 4.967129999999999601e-01
7.130150400000000444e-01 1.157142500000000046e-01 4.940772499999999678e-01
7.041953000000000795e-01 1.284180000000000044e-01 4.927482749999999578e-01
7.071805750000000890e-01 1.238510000000000028e-01 4.901357749999999958e-01
7.093975750000000025e-01 1.190195000000000003e-01 4.879271749999999908e-01
7.004010750000000396e-01 1.311637499999999956e-01 4.865705249999999760e-01
7.024982499999999908e-01 1.260485000000000078e-01 4.837397499999999684e-01
7.041077749999999913e-01 1.208395000000000025e-01 4.811433250000000106e-01
6.941658000000000550e-01 1.328607499999999997e-01 4.837172249999999729e-01
6.950462250000000175e-01 1.275772500000000031e-01 4.803675499999999765e-01
6.959161500000000666e-01 1.223287500000000139e-01 4.771713999999999678e-01
6.865105000000000235e-01 1.337450000000000028e-01 4.840326999999999824e-01
6.864255000000000217e-01 1.283402499999999891e-01 4.806340249999999648e-01
6.862755000000000383e-01 1.229165000000000119e-01 4.773299500000000029e-01
6.792472500000000801e-01 1.366974999999999996e-01 4.826650499999999844e-01
6.777857500000000757e-01 1.315024999999999944e-01 4.789950499999999778e-01
6.763277500000000053e-01 1.262877500000000042e-01 4.753998249999999981e-01
6.741409999999999902e-01 1.426622499999999905e-01 4.793601749999999995e-01
6.715552500000000480e-01 1.376312500000000105e-01 4.757350249999999781e-01
6.690372500000000278e-01 1.326490000000000169e-01 4.722142207499999689e-01
6.671892500000000670e-01 1.491985000000000117e-01 4.786601500000000065e-01
6.642060000000000741e-01 1.437660000000000049e-01 4.754144499999999884e-01
6.610407500000000658e-01 1.384312500000000057e-01 4.722579874999999761e-01
6.598462500000000786e-01 1.544107499999999855e-01 4.820503999999999900e-01
6.563885000000000414e-01 1.485792499999999960e-01 4.787922749999999894e-01
6.529460000000000264e-01 1.427194999999999991e-01 4.754185999999999690e-01
6.538415000000000754e-01 1.582242500000000107e-01 4.883911999999999698e-01
6.495874999999999844e-01 1.517377500000000046e-01 4.851983749999999596e-01
6.455400000000000027e-01 1.454505000000000103e-01 4.818290749999999956e-01
6.486520000000000064e-01 1.604800000000000115e-01 4.959748250000000080e-01
6.438972500000000876e-01 1.532632500000000175e-01 4.926381249999999823e-01
6.395522500000000443e-01 1.465700000000000058e-01 4.890391000000000044e-01
6.393967500000000692e-01 1.619267500000000082e-01 5.043919999999999515e-01
6.372252500000000763e-01 1.532795000000000130e-01 5.025594999999999368e-01
6.353242500000000348e-01 1.448760000000000048e-01 4.989794999999999647e-01
6.371435000000000848e-01 1.591292499999999999e-01 5.118749999999999689e-01
6.350372499999999976e-01 1.516600000000000170e-01 5.106374999999999664e-01
6.330400000000000471e-01 1.442617500000000219e-01 5.092882499999999979e-01
6.387752500000000166e-01 1.566420000000000035e-01 5.232617499999999700e-01
6.370952500000000018e-01 1.498214999999999963e-01 5.235549999999999926e-01
6.355532500000000695e-01 1.430350000000000232e-01 5.238812499999999650e-01
6.441729999999999956e-01 1.540535000000000099e-01 5.324802499999999883e-01
6.438747500000000512e-01 1.478900000000000214e-01 5.346219999999999306e-01
6.437505000000000033e-01 1.418010000000000104e-01 5.368562500000000348e-01
6.536669999999999980e-01 1.532062499999999883e-01 5.374652500000000055e-01
6.547740000000000782e-01 1.474845000000000184e-01 5.401529999999999943e-01
6.559757500000000796e-01 1.417887500000000189e-01 5.429472499999999924e-01
6.628897500000000553e-01 1.544895000000000018e-01 5.438117499999999271e-01
6.640607500000000885e-01 1.489004999999999912e-01 5.465124999999999567e-01
6.652170000000000583e-01 1.433615000000000028e-01 5.492732499999999352e-01
6.743535000000000501e-01 1.531425000000000147e-01 5.503149999999999986e-01
6.749435000000000295e-01 1.474495000000000111e-01 5.527667499999999734e-01
6.753342500000000248e-01 1.417140000000000066e-01 5.552257499999999624e-01
6.860512500000000014e-01 1.526939999999999964e-01 5.541307500000000053e-01
6.873605000000000409e-01 1.471127500000000143e-01 5.568290000000000184e-01
6.886142500000000943e-01 1.414827499999999905e-01 5.595317499999999944e-01
6.979367499999999946e-01 1.513542500000000235e-01 5.545944999999999903e-01
6.994750750000000572e-01 1.460367499999999930e-01 5.571842499999999365e-01
7.012021250000000094e-01 1.407145000000000201e-01 5.598237499999999534e-01
7.062577500000000175e-01 1.473849999999999882e-01 5.490632500000000027e-01
7.081386750000000507e-01 1.419562500000000060e-01 5.516227499999999395e-01
7.101182249999999918e-01 1.367057500000000148e-01 5.542367499999999447e-01
7.114236000000000448e-01 1.413455000000000128e-01 5.400074999999999736e-01
7.133452875000000359e-01 1.364954999999999918e-01 5.430087500000000400e-01
7.152362675000000225e-01 1.318539999999999990e-01 5.461182500000000273e-01
7.144041190000000041e-01 1.341569999999999985e-01 5.304467499999999669e-01
7.164696025000000246e-01 1.300792500000000074e-01 5.343964999999999410e-01
7.183457750000000752e-01 1.264042499999999958e-01 5.379730000000000345e-01
7.147125250000000429e-01 1.234202500000000091e-01 5.224934999999999441e-01
7.172631000000000423e-01 1.207890000000000075e-01 5.273544999999999483e-01
7.196455999999999964e-01 1.181240000000000068e-01 5.321147499999999697e-01
7.183974499999999930e-01 1.101927500000000060e-01 5.179310000000000302e-01
7.196716250000000370e-01 1.104612500000000108e-01 5.215167499999999734e-01
7.207961000000000507e-01 1.105949999999999989e-01 5.243377499999999358e-01
7.263266000000000444e-01 1.039635000000000004e-01 5.149194999999999744e-01
7.280743750000000514e-01 1.049750000000000127e-01 5.197252500000000275e-01
7.300320000000000142e-01 1.055895000000000028e-01 5.236024999999999707e-01
7.355227500000000029e-01 9.984550000000000369e-02 5.116789999999999949e-01
7.374931000000000125e-01 1.016960000000000086e-01 5.169329999999999758e-01
7.395517500000000632e-01 1.036360000000000059e-01 5.222674999999999956e-01
7.472104999999999997e-01 9.952475000000000904e-02 5.071539999999999937e-01
7.495335000000000747e-01 1.016492500000000104e-01 5.123834999999999917e-01
7.516930000000000556e-01 1.038147500000000112e-01 5.176199999999999690e-01
7.615502499999999841e-01 9.969600000000000684e-02 5.014569999999999306e-01
7.628577500000000011e-01 1.023295000000000038e-01 5.067992500000000344e-01
7.641637500000000305e-01 1.050155000000000116e-01 5.121464999999999490e-01
7.757702499999999946e-01 1.014460000000000084e-01 4.961798499999999779e-01
7.766022500000000495e-01 1.047072500000000017e-01 5.012075000000000280e-01
7.774597500000000050e-01 1.080047500000000105e-01 5.062142499999999767e-01
7.902880000000001015e-01 1.044735000000000108e-01 4.904478250000000039e-01
7.904282500000000544e-01 1.083102500000000107e-01 4.952938000000000063e-01
7.906285000000000673e-01 1.121655000000000013e-01 5.001312500000000272e-01
8.037505000000000344e-01 1.098300000000000110e-01 4.850031249999999794e-01
8.031390000000000473e-01 1.137850000000000111e-01 4.898832249999999777e-01
8.027060000000000306e-01 1.178542500000000215e-01 4.947333499999999606e-01
8.125312500000000382e-01 1.143777500000000141e-01 4.801324750000000030e-01
8.125557500000000211e-01 1.189270000000000049e-01 4.846846499999999947e-01
8.127757500000000190e-01 1.235502500000000142e-01 4.891250249999999911e-01
8.203520000000000811e-01 1.165415000000000201e-01 4.759820999999999636e-01
8.211477500000000651e-01 1.214977500000000155e-01 4.801996499999999779e-01
8.219950000000000312e-01 1.264187500000000242e-01 4.843002999999999614e-01
8.296557500000000251e-01 1.136055000000000120e-01 4.737221174999999840e-01
8.307855000000000656e-01 1.186532500000000157e-01 4.779597999999999902e-01
8.318170000000000286e-01 1.236682500000000073e-01 4.821372999999999909e-01
8.415025000000000421e-01 1.098375000000000046e-01 4.720776232499999669e-01
8.425730000000000164e-01 1.151080000000000159e-01 4.764812999999999965e-01
8.435317500000000246e-01 1.203837500000000116e-01 4.808573999999999904e-01
8.535682500000000283e-01 1.050185000000000146e-01 4.707405274999999500e-01
8.540785000000000737e-01 1.108062500000000089e-01 4.754414750000000023e-01
8.545280000000000653e-01 1.166962500000000014e-01 4.802023749999999591e-01
8.665292500000000286e-01 1.007055000000000172e-01 4.699388074999999998e-01
8.665900000000000825e-01 1.071925000000000100e-01 4.751074499999999867e-01
8.665890000000000537e-01 1.139660000000000117e-01 4.804732499999999629e-01
8.779827500000000340e-01 9.679025000000002210e-02 4.691381999999999497e-01
8.785230000000000539e-01 1.040557500000000163e-01 4.750371999999999928e-01
8.785947499999999799e-01 1.116005000000000191e-01 4.810228500000000018e-01
8.881645000000000234e-01 9.160342500000001609e-02 4.676984999999999615e-01
8.884575000000000111e-01 1.003927500000000167e-01 4.746857249999999473e-01
8.879502500000000520e-01 1.093727500000000186e-01 4.816495749999999965e-01
8.992780000000000218e-01 8.897452500000001263e-02 4.677327249999999603e-01
8.989210000000000811e-01 9.817545000000001132e-02 4.748949999999999561e-01
8.983532499999999921e-01 1.075787500000000285e-01 4.821890499999999524e-01
9.105380000000000695e-01 8.986420000000001906e-02 4.696415249999999486e-01
9.100362500000001020e-01 9.745722500000000843e-02 4.755297499999999733e-01
9.087507500000000515e-01 1.051817500000000183e-01 4.814330499999999735e-01
9.220240000000000657e-01 9.035727500000001466e-02 4.712578774999999776e-01
9.214620000000000033e-01 9.716395000000002669e-02 4.765235499999999624e-01
9.205497500000000555e-01 1.040565000000000240e-01 4.818166499999999575e-01
9.438095000000000789e-01 9.693702500000000999e-02 4.787326499999999818e-01
