4.904997500000000121e-01 -5.759475000000000011e-02 4.585337250000000031e-01
5.345677500000000082e-01 -4.461625000000001007e-02 4.661786250000000131e-01
5.347360000000001001e-01 -5.705250000000000599e-02 4.659715749999999712e-01
5.348782499999999995e-01 -6.949425000000000741e-02 4.658456249999999854e-01
5.460220000000000073e-01 -4.423800000000001342e-02 4.679054750000000151e-01
5.461800000000001098e-01 -5.689800000000000413e-02 4.676924499999999818e-01
5.463265000000000482e-01 -6.944549999999999335e-02 4.675661500000000137e-01
5.571772500000000683e-01 -4.421550000000000480e-02 4.692437999999999887e-01
5.574812500000000393e-01 -5.661625000000000685e-02 4.693620250000000160e-01
5.578525000000000844e-01 -6.934699999999999198e-02 4.687719750000000074e-01
5.683210000000000761e-01 -4.477375000000001493e-02 4.718874974999999750e-01
5.683087500000000292e-01 -5.661225000000000285e-02 4.719669106250000135e-01
5.685985000000000067e-01 -6.862299999999998956e-02 4.713456874999999990e-01
5.797167500000000029e-01 -4.524200000000000443e-02 4.732292974999999791e-01
5.792832500000000273e-01 -5.670449999999999102e-02 4.732240974999999961e-01
5.792870000000001074e-01 -6.816449999999998899e-02 4.725908274999999770e-01
5.918072500000000069e-01 -4.580800000000001537e-02 4.733829425000000146e-01
5.904872500000000191e-01 -5.697225000000000206e-02 4.733078149999999651e-01
5.894962500000000549e-01 -6.815799999999999637e-02 4.726815500000000059e-01
6.031117500000000575e-01 -4.623199999999999532e-02 4.727635825000000014e-01
6.018430000000000168e-01 -5.738825000000000176e-02 4.724769225000000072e-01
6.007695000000000674e-01 -6.856249999999999845e-02 4.718528507499999969e-01
6.154415000000000857e-01 -4.694424999999999293e-02 4.716108450000000007e-01
6.139082500000000442e-01 -5.803749999999999187e-02 4.712671024999999791e-01
6.126017500000000560e-01 -6.905149999999998789e-02 4.704258699999999682e-01
6.277935000000001153e-01 -4.787324999999999220e-02 4.696724150000000098e-01
6.260750000000000481e-01 -5.883199999999999541e-02 4.695944874999999907e-01
6.244942500000000285e-01 -6.984124999999999361e-02 4.691726999999999981e-01
6.400412500000001170e-01 -4.891700000000000215e-02 4.682838249999999869e-01
6.383472500000000327e-01 -5.978824999999998724e-02 4.677337249999999891e-01
6.367750000000000909e-01 -7.059774999999998690e-02 4.668052999999999786e-01
6.523625000000000673e-01 -4.991774999999999685e-02 4.660688749999999936e-01
6.507767500000000149e-01 -6.070224999999998539e-02 4.658911749999999907e-01
6.493540000000000978e-01 -7.147975000000000856e-02 4.653257249999999678e-01
6.647500000000000631e-01 -5.083599999999999230e-02 4.649011749999999998e-01
6.633587499999999970e-01 -6.153100000000000236e-02 4.643952499999999817e-01
6.618470000000000741e-01 -7.221549999999998803e-02 4.635192249999999792e-01
6.772162500000000751e-01 -5.193149999999999156e-02 4.637877750000000132e-01
6.758702500000000057e-01 -6.246625000000000094e-02 4.625181499999999613e-01
6.745567500000000383e-01 -7.291174999999999740e-02 4.610607499999999637e-01
6.897210250000000986e-01 -5.288199999999998457e-02 4.632524249999999677e-01
6.885165000000000868e-01 -6.327399999999999691e-02 4.612302999999999820e-01
6.872802500000000370e-01 -7.358624999999999194e-02 4.591066500000000050e-01
7.021990750000000059e-01 -5.404475000000000251e-02 4.632398500000000086e-01
7.011406000000000027e-01 -6.413449999999998319e-02 4.604503500000000082e-01
7.001496500000000678e-01 -7.416599999999998194e-02 4.578429250000000117e-01
7.145633327500000576e-01 -5.521824999999999650e-02 4.638052749999999613e-01
7.137518275000001022e-01 -6.514100000000000446e-02 4.606448249999999800e-01
7.131156750000000599e-01 -7.475850000000000550e-02 4.572219999999999618e-01
7.268126750000000191e-01 -5.600949999999998985e-02 4.641520249999999681e-01
7.263732000000000522e-01 -6.546024999999999761e-02 4.599798749999999825e-01
7.260124500000000314e-01 -7.485200000000000187e-02 4.557973499999999900e-01
7.390350500000000267e-01 -5.694525000000000281e-02 4.652061749999999996e-01
7.388780000000000348e-01 -6.599399999999999711e-02 4.603683499999999817e-01
7.388343500000000841e-01 -7.497224999999999029e-02 4.555593749999999886e-01
7.510630000000000361e-01 -5.798675000000000357e-02 4.666159749999999606e-01
7.512115000000000320e-01 -6.658149999999998792e-02 4.611766499999999658e-01
7.514510000000000911e-01 -7.509825000000000528e-02 4.557718249999999638e-01
7.629900000000000571e-01 -5.920124999999998305e-02 4.683718000000000048e-01
7.633732500000000032e-01 -6.730325000000000890e-02 4.623780999999999586e-01
7.638630000000000697e-01 -7.531199999999999006e-02 4.564198999999999895e-01
7.747815000000000119e-01 -6.056999999999998496e-02 4.704094524999999916e-01
7.753290000000000459e-01 -6.815525000000000055e-02 4.639138250000000019e-01
7.760172499999999918e-01 -7.563975000000000559e-02 4.574641499999999583e-01
7.864822500000000494e-01 -6.217699999999998228e-02 4.726437599999999684e-01
7.870652500000000495e-01 -6.923949999999998162e-02 4.657093249999999518e-01
7.878202499999999997e-01 -7.617925000000000391e-02 4.588497999999999744e-01
7.981412500000000243e-01 -6.431724999999999248e-02 4.748552499999999510e-01
7.985202500000000425e-01 -7.085724999999998275e-02 4.675229499999999927e-01
7.990917500000001006e-01 -7.732975000000000265e-02 4.602458999999999856e-01
8.098422500000000968e-01 -6.688525000000000720e-02 4.770231999999999806e-01
8.095882500000000093e-01 -7.292424999999999602e-02 4.693737749999999931e-01
8.096617500000000689e-01 -7.893100000000000116e-02 4.617958749999999668e-01
8.214082500000000620e-01 -7.100824999999999498e-02 4.787800749999999717e-01
8.201220000000000176e-01 -7.647049999999999681e-02 4.708828424999999540e-01
8.191297500000001008e-01 -8.194474999999998288e-02 4.630580499999999988e-01
8.321815000000000184e-01 -7.720474999999998866e-02 4.801842999999999528e-01
8.295422500000000365e-01 -8.184225000000000527e-02 4.721453837499999806e-01
8.272977500000000539e-01 -8.662424999999998598e-02 4.641610250000000049e-01
8.408950000000000591e-01 -8.571299999999998365e-02 4.815012249999999772e-01
8.370917500000000233e-01 -8.927024999999999544e-02 4.733207999999999860e-01
8.336460000000001092e-01 -9.303124999999998201e-02 4.651426749999999499e-01
8.462454999999999838e-01 -9.634249999999999758e-02 4.830840750000000017e-01
8.416140000000000843e-01 -9.832124999999999893e-02 4.747430499999999998e-01
8.372930000000000650e-01 -1.008252500000000051e-01 4.662265999999999910e-01
8.468477500000000102e-01 -1.073415000000000064e-01 4.854989749999999993e-01
8.419860000000000122e-01 -1.079267499999999880e-01 4.767255499999999979e-01
8.372967500000000340e-01 -1.090292499999999942e-01 4.676552249999999522e-01
8.421457500000000262e-01 -1.165739999999999832e-01 4.891095999999999777e-01
8.377665000000000806e-01 -1.158772499999999872e-01 4.797000249999999744e-01
8.331420000000000492e-01 -1.156267500000000004e-01 4.695194174999999803e-01
8.389257500000000256e-01 -1.272784999999999889e-01 4.904291499999999804e-01
8.344790000000000818e-01 -1.251947499999999935e-01 4.797945999999999600e-01
8.291697500000000387e-01 -1.231247500000000050e-01 4.675679249999999954e-01
8.335125000000001005e-01 -1.364937499999999970e-01 4.910920999999999759e-01
8.282710000000000905e-01 -1.359242499999999965e-01 4.806832749999999654e-01
8.224692500000000406e-01 -1.341387500000000010e-01 4.687744249999999946e-01
8.288395000000000623e-01 -1.475720000000000087e-01 4.902867999999999671e-01
8.244880000000001097e-01 -1.458297500000000080e-01 4.805042999999999953e-01
8.197460000000000857e-01 -1.441677499999999834e-01 4.703233399999999786e-01
8.224925000000000708e-01 -1.596334999999999837e-01 4.874546249999999747e-01
8.193615000000000759e-01 -1.573462499999999931e-01 4.781541999999999737e-01
8.159822500000000201e-01 -1.552907500000000052e-01 4.689595249999999882e-01
8.124622500000000525e-01 -1.689377499999999976e-01 4.856734499999999510e-01
8.110227500000000145e-01 -1.661312500000000081e-01 4.768734249999999619e-01
8.090000000000000524e-01 -1.635657499999999820e-01 4.681384249999999692e-01
8.004155000000000575e-01 -1.747354999999999881e-01 4.844420749999999720e-01
8.000917500000001015e-01 -1.718564999999999954e-01 4.759577749999999718e-01
7.990267500000000078e-01 -1.690302499999999930e-01 4.675434249999999570e-01
7.875675000000000869e-01 -1.775145000000000195e-01 4.834844749999999691e-01
7.877427500000000471e-01 -1.746382499999999949e-01 4.752151499999999751e-01
7.874395000000000699e-01 -1.717677499999999968e-01 4.670336249999999523e-01
7.740747500000000336e-01 -1.780570000000000208e-01 4.821405500000000011e-01
7.748715000000000463e-01 -1.752297499999999897e-01 4.740656349999999852e-01
7.754142500000000826e-01 -1.723979999999999957e-01 4.660713999999999690e-01
7.605075000000001140e-01 -1.764244999999999841e-01 4.804290249999999540e-01
7.619582500000000591e-01 -1.737452499999999900e-01 4.725974099999999956e-01
7.632197500000000856e-01 -1.710637499999999867e-01 4.648037499999999600e-01
7.473345000000000127e-01 -1.729294999999999860e-01 4.785333499999999685e-01
7.492100000000000426e-01 -1.704134999999999955e-01 4.708877025000000049e-01
7.510085000000000788e-01 -1.679239999999999899e-01 4.632731250000000078e-01
7.343844500000000775e-01 -1.671872499999999817e-01 4.762450999999999768e-01
7.370840500000001017e-01 -1.651397500000000018e-01 4.688705499999999970e-01
7.397312500000000624e-01 -1.631312500000000054e-01 4.614494499999999833e-01
7.227342750000000926e-01 -1.591619999999999979e-01 4.732419324999999621e-01
7.261082000000000924e-01 -1.579302499999999942e-01 4.660824499999999815e-01
7.294589750000000095e-01 -1.566937499999999928e-01 4.588397999999999644e-01
7.125132925000000617e-01 -1.501385000000000081e-01 4.693068749999999567e-01
7.166428400000000032e-01 -1.490397499999999986e-01 4.626606500000000066e-01
7.207333250000000913e-01 -1.478937499999999905e-01 4.559451749999999803e-01
7.040550000000000974e-01 -1.395935000000000092e-01 4.652982250000000097e-01
7.088332000000000521e-01 -1.385935000000000084e-01 4.592182999999999682e-01
7.135924900000000237e-01 -1.375510000000000066e-01 4.530853249999999832e-01
6.975320750000000292e-01 -1.276842499999999991e-01 4.616578249999999661e-01
7.028767000000000209e-01 -1.268397500000000011e-01 4.561900749999999727e-01
7.082197000000000076e-01 -1.259579999999999866e-01 4.506857499999999961e-01
6.930611000000000965e-01 -1.146917500000000090e-01 4.588128499999999943e-01
6.988907000000000869e-01 -1.140795000000000003e-01 4.539805499999999827e-01
7.047248500000000693e-01 -1.134422499999999945e-01 4.491273749999999954e-01
6.906758250000000210e-01 -1.009742499999999876e-01 4.570505999999999736e-01
6.968745500000000925e-01 -1.006994999999999973e-01 4.528493249999999692e-01
7.030822250000000606e-01 -1.004067499999999891e-01 4.486351749999999972e-01
6.902426249999999985e-01 -8.691974999999999008e-02 4.566899749999999703e-01
6.966967250000000167e-01 -8.708699999999999775e-02 4.530319250000000020e-01
7.031634750000000933e-01 -8.723424999999998541e-02 4.493683749999999866e-01
6.918228000000000710e-01 -7.306925000000000225e-02 4.576955500000000066e-01
6.983477000000000157e-01 -7.366400000000000725e-02 4.545359749999999810e-01
7.048973000000000599e-01 -7.424374999999999725e-02 4.513518249999999843e-01
6.943212250000000418e-01 -5.974899999999999656e-02 4.602386499999999714e-01
7.010251750000000559e-01 -6.062775000000000802e-02 4.576381999999999950e-01
7.077355500000001021e-01 -6.151224999999999055e-02 4.549986749999999636e-01
6.973967000000000915e-01 -4.652824999999999322e-02 4.608473249999999743e-01
7.035680250000000413e-01 -4.738099999999999257e-02 4.589946249999999894e-01
7.100874000000000352e-01 -4.791075000000000195e-02 4.562461499999999615e-01
7.000156000000000711e-01 -3.351474999999999593e-02 4.642797249999999765e-01
7.062386000000000497e-01 -3.430049999999999766e-02 4.624909749999999709e-01
7.127499750000000356e-01 -3.492424999999999002e-02 4.598365999999999842e-01
7.029617250000000928e-01 -2.130674999999999930e-02 4.696538124999999897e-01
7.094128250000000246e-01 -2.178750000000000131e-02 4.672103749999999556e-01
7.159329375000000883e-01 -2.230199999999998850e-02 4.646571250000000042e-01
7.055679250000000957e-01 -8.755999999999999894e-03 4.735976450000000115e-01
7.120833050000000553e-01 -9.021249999999994551e-03 4.712586924999999649e-01
7.186313000000000839e-01 -9.237749999999989026e-03 4.688966999999999996e-01
7.073039000000000964e-01 3.210000000000004516e-03 4.784441499999999570e-01
7.138634249999999959e-01 3.525500000000000855e-03 4.763943749999999810e-01
7.204391500000000281e-01 3.828999999999999071e-03 4.743148174999999855e-01
7.081778750000000677e-01 1.590450000000000197e-02 4.815193749999999717e-01
7.146582610000000724e-01 1.646750000000000297e-02 4.801978000000000080e-01
7.212480500000000294e-01 1.737000000000000349e-02 4.783531749999999638e-01
7.084821250000000736e-01 2.804550000000000792e-02 4.871761249999999599e-01
7.151726750000000354e-01 2.877775000000000472e-02 4.852884749999999969e-01
7.218104750000000625e-01 2.962200000000000250e-02 4.834497500000000114e-01
7.070070750000000404e-01 4.071150000000000463e-02 4.887551499999999716e-01
7.146371727500000492e-01 4.153400000000000147e-02 4.867156499999999997e-01
7.220214000000000354e-01 4.241250000000000575e-02 4.847822499999999701e-01
7.048005000000000519e-01 5.302847500000000547e-02 4.852281250000000101e-01
7.138376150000000919e-01 5.377830000000000110e-02 4.830377999999999616e-01
7.225856999999999974e-01 5.439570000000000516e-02 4.811267999999999656e-01
7.011694750000000420e-01 6.314909999999999968e-02 4.784225999999999757e-01
7.130575975000000843e-01 6.384045000000000691e-02 4.751338499999999687e-01
7.246999000000000635e-01 6.482107500000000577e-02 4.730071774999999867e-01
6.995533000000000445e-01 7.099802500000000627e-02 4.702460175000000020e-01
7.120021550000000810e-01 7.120767499999999806e-02 4.692521249999999644e-01
7.240483250000000481e-01 7.166837750000000506e-02 4.686706250000000074e-01
7.028462000000000875e-01 8.038747499999999990e-02 4.681422000000000083e-01
7.118832750000000376e-01 8.053152500000000658e-02 4.677283250000000003e-01
7.217324000000000517e-01 8.131820000000000714e-02 4.663757499999999778e-01
7.048066250000000199e-01 8.810969999999999913e-02 4.616211499999999801e-01
7.124781275000000580e-01 8.869455000000001088e-02 4.610979249999999641e-01
7.198619000000000545e-01 8.974977500000000386e-02 4.600561499999999970e-01
7.047735000000000527e-01 9.791065000000000185e-02 4.588710999999999762e-01
7.115303500000000891e-01 9.867152500000000992e-02 4.584724000000000022e-01
7.182527499999999954e-01 9.979975000000000651e-02 4.579686499999999771e-01
7.042982250000000555e-01 1.079817500000000013e-01 4.609024749999999782e-01
7.107179000000000135e-01 1.088280000000000081e-01 4.606268000000000029e-01
7.170178750000000267e-01 1.100892499999999996e-01 4.601705749999999706e-01
7.029184250000000134e-01 1.177740000000000037e-01 4.573320999999999636e-01
7.091207500000000774e-01 1.191422500000000051e-01 4.571798749999999578e-01
7.152479950000000253e-01 1.207535000000000136e-01 4.570485999999999716e-01
7.003601999999999883e-01 1.284800000000000109e-01 4.572388000000000008e-01
7.063724749999999997e-01 1.301267500000000132e-01 4.574945749999999589e-01
7.123122775000000351e-01 1.319255000000000011e-01 4.577983999999999942e-01
6.973131500000000482e-01 1.391367500000000035e-01 4.606122749999999599e-01
7.032663000000000109e-01 1.406395000000000006e-01 4.613537249999999923e-01
7.092105750000000652e-01 1.421757499999999896e-01 4.620895250000000010e-01
6.942793250000000027e-01 1.489119999999999888e-01 4.668192749999999780e-01
7.002321750000000122e-01 1.499642500000000211e-01 4.678317750000000053e-01
7.061821999999999822e-01 1.510277500000000162e-01 4.688420749999999693e-01
6.922151000000000831e-01 1.582425000000000082e-01 4.734910099999999900e-01
6.978379500000000402e-01 1.582365000000000022e-01 4.755673499999999998e-01
7.037987500000000285e-01 1.587552500000000144e-01 4.766764249999999592e-01
6.946754000000000540e-01 1.714265000000000094e-01 4.795164499999999830e-01
6.979187000000000030e-01 1.696177500000000116e-01 4.800221000000000071e-01
7.032556000000000918e-01 1.690232500000000138e-01 4.828070749999999745e-01
6.911883500000000069e-01 1.773274999999999990e-01 4.902491499999999669e-01
6.962013750000000112e-01 1.764782500000000032e-01 4.906685000000000074e-01
7.017636250000000020e-01 1.745207500000000023e-01 4.922488499999999600e-01
6.923171000000000186e-01 1.844105000000000050e-01 4.962131750000000063e-01
6.978542500000000093e-01 1.828997499999999998e-01 4.975789999999999935e-01
7.034839750000000391e-01 1.816665000000000085e-01 4.990302500000000085e-01
6.931165750000000125e-01 1.871725000000000194e-01 5.022197499999999648e-01
6.986291749999999912e-01 1.860372499999999873e-01 5.039702499999999530e-01
7.040568750000000264e-01 1.847960000000000158e-01 5.058194999999999775e-01
6.943071499999999840e-01 1.792477500000000112e-01 5.025587499999999430e-01
6.996811500000000850e-01 1.786147499999999888e-01 5.049019999999999619e-01
7.049102750000000306e-01 1.777087499999999987e-01 5.072484999999999911e-01
6.937286000000000286e-01 1.694180000000000130e-01 4.997077500000000061e-01
6.988247499999999945e-01 1.688660000000000161e-01 5.026367499999999655e-01
7.038702500000000306e-01 1.681799999999999962e-01 5.055209999999999981e-01
6.937690000000000801e-01 1.597724999999999840e-01 4.950829749999999807e-01
6.986206999999999834e-01 1.590850000000000042e-01 4.984962499999999741e-01
7.034524250000000478e-01 1.583515000000000061e-01 5.018850000000000255e-01
6.949037750000000013e-01 1.513642500000000057e-01 4.889274750000000003e-01
6.994486000000000869e-01 1.504085000000000005e-01 4.927600999999999787e-01
7.039981000000000710e-01 1.494265000000000176e-01 4.965803500000000037e-01
6.945644750000000700e-01 1.424894999999999912e-01 4.842610749999999853e-01
6.987468500000000304e-01 1.411377500000000063e-01 4.884724500000000025e-01
7.029347500000000526e-01 1.397537500000000099e-01 4.926708499999999935e-01
6.921931250000000757e-01 1.337325000000000041e-01 4.810207750000000115e-01
6.959219000000000932e-01 1.319369999999999987e-01 4.855770749999999691e-01
6.996398249999999930e-01 1.300837499999999980e-01 4.901159999999999961e-01
6.875645000000000229e-01 1.258662500000000128e-01 4.790271999999999863e-01
6.907563250000000599e-01 1.236105000000000120e-01 4.838847499999999746e-01
6.939403000000000654e-01 1.212910000000000099e-01 4.887250999999999679e-01
6.809337500000000043e-01 1.197367500000000029e-01 4.779649249999999849e-01
6.834149999999999947e-01 1.170859999999999956e-01 4.831366500000000008e-01
6.858702500000000146e-01 1.143617500000000120e-01 4.882954749999999788e-01
6.728255000000000763e-01 1.160597500000000032e-01 4.774734499999999660e-01
6.744090000000000362e-01 1.131729999999999958e-01 4.829657250000000124e-01
6.759535000000000959e-01 1.101842500000000113e-01 4.884161499999999934e-01
6.641632500000000938e-01 1.153125000000000122e-01 4.771653999999999618e-01
6.646875000000000977e-01 1.124740000000000045e-01 4.830086749999999984e-01
6.651037499999999936e-01 1.095447499999999963e-01 4.887898749999999848e-01
6.559207500000000524e-01 1.125247500000000067e-01 4.741320250000000125e-01
6.555107500000000309e-01 1.099709999999999993e-01 4.803459499999999660e-01
6.550055000000000183e-01 1.073500000000000010e-01 4.864838750000000100e-01
6.469202500000000855e-01 1.129477499999999995e-01 4.715369225000000108e-01
6.460825000000000040e-01 1.108202499999999951e-01 4.781613000000000113e-01
6.450747500000000301e-01 1.086524999999999991e-01 4.847362000000000060e-01
6.384560000000000235e-01 1.169989999999999919e-01 4.695142250000000073e-01
6.373135000000000883e-01 1.149469999999999936e-01 4.767157999999999674e-01
6.361867500000000231e-01 1.127762499999999946e-01 4.839409249999999663e-01
6.319317500000000143e-01 1.237544999999999895e-01 4.679786999999999697e-01
6.304842500000000793e-01 1.217135000000000022e-01 4.760669249999999741e-01
6.291570000000000773e-01 1.198450000000000071e-01 4.840177250000000098e-01
6.276822499999999971e-01 1.323417500000000080e-01 4.671969249999999851e-01
6.257782499999999803e-01 1.301970000000000072e-01 4.760300000000000087e-01
6.245175000000000587e-01 1.282747499999999929e-01 4.845311999999999952e-01
6.199635000000000007e-01 1.423267500000000019e-01 4.692923250000000102e-01
6.217250000000000831e-01 1.408090000000000175e-01 4.781071000000000071e-01
6.234032500000000754e-01 1.379252499999999992e-01 4.867991500000000138e-01
6.199510000000000298e-01 1.497414999999999996e-01 4.724893849999999840e-01
6.211850000000000982e-01 1.487932499999999880e-01 4.801260499999999709e-01
6.224822500000000147e-01 1.479097500000000065e-01 4.877873999999999821e-01
6.219172500000000881e-01 1.602995000000000114e-01 4.738918500000000034e-01
6.231137500000000218e-01 1.604852500000000237e-01 4.808301500000000117e-01
6.244005000000000249e-01 1.607742500000000074e-01 4.877362249999999677e-01
6.252432500000000282e-01 1.698957500000000120e-01 4.745084250000000115e-01
6.268302500000000332e-01 1.717005000000000059e-01 4.805016500000000024e-01
6.284705000000000430e-01 1.735812500000000203e-01 4.864114999999999966e-01
6.303427500000000627e-01 1.791929999999999912e-01 4.729229024999999642e-01
6.327677500000000732e-01 1.816817500000000030e-01 4.781788750000000032e-01
6.352207500000000007e-01 1.841865000000000030e-01 4.834192499999999670e-01
6.329372500000000068e-01 1.903294999999999848e-01 4.703496174999999835e-01
6.352119999999999989e-01 1.930485000000000118e-01 4.754799000000000109e-01
6.375022500000000480e-01 1.956757500000000094e-01 4.806207000000000118e-01
6.381647500000000583e-01 2.017559999999999909e-01 4.677994249999999909e-01
6.401492500000000030e-01 2.041624999999999968e-01 4.731840949999999713e-01
6.420569999999999888e-01 2.066324999999999967e-01 4.785995000000000110e-01
6.456852499999999884e-01 2.108855000000000035e-01 4.646483249999999732e-01
6.481647500000000672e-01 2.128027500000000127e-01 4.701309349999999720e-01
6.506117500000000442e-01 2.149365000000000026e-01 4.755726249999999711e-01
6.559335000000000582e-01 2.146262500000000184e-01 4.625217249999999947e-01
6.582799999999999763e-01 2.164625000000000021e-01 4.677941250000000051e-01
6.605917500000000331e-01 2.181820000000000148e-01 4.731445974999999859e-01
6.652790000000000648e-01 2.101324999999999998e-01 4.636860999999999899e-01
6.677684999999999871e-01 2.122252500000000042e-01 4.689940750000000103e-01
6.701712499999999961e-01 2.141822500000000185e-01 4.743600550000000027e-01
6.719672500000000159e-01 2.012655000000000138e-01 4.668313000000000046e-01
6.746887500000000593e-01 2.034562500000000052e-01 4.717243299999999695e-01
6.771007500000000290e-01 2.055312499999999987e-01 4.765921249999999776e-01
6.769072500000000714e-01 1.907130000000000214e-01 4.700549900000000059e-01
6.799295000000000755e-01 1.933052499999999840e-01 4.746222499999999678e-01
6.825097500000000261e-01 1.955850000000000088e-01 4.790046249999999617e-01
6.837282500000000374e-01 1.803852499999999970e-01 4.723319724999999747e-01
6.868405000000000760e-01 1.833767500000000050e-01 4.766602249999999930e-01
6.899713250000000242e-01 1.862897500000000039e-01 4.809807749999999715e-01
6.908833500000000072e-01 1.696529999999999982e-01 4.774156250000000101e-01
6.933128750000000506e-01 1.723310000000000120e-01 4.794692249999999989e-01
6.934046750000000259e-01 1.735254999999999992e-01 4.834966250000000132e-01
7.012198250000000188e-01 1.616565000000000085e-01 4.781902499999999834e-01
7.036480500000000804e-01 1.657180000000000042e-01 4.810044249999999577e-01
7.059157500000000640e-01 1.685307500000000069e-01 4.840404999999999847e-01
7.132008250000000382e-01 1.559490000000000043e-01 4.770946999999999827e-01
7.153798250000000802e-01 1.608175000000000021e-01 4.798858249999999881e-01
7.176031500000000785e-01 1.657055000000000056e-01 4.826399249999999697e-01
7.249965250000000028e-01 1.504400000000000182e-01 4.775512000000000090e-01
7.268811750000000460e-01 1.558882500000000060e-01 4.796722749999999813e-01
7.287755250000000906e-01 1.613507499999999872e-01 4.817964999999999609e-01
7.372910000000000297e-01 1.464897500000000019e-01 4.768370499999999845e-01
7.386906750000000743e-01 1.522590000000000054e-01 4.782361249999999564e-01
7.401145000000000085e-01 1.580297500000000244e-01 4.796227750000000012e-01
7.496837499999999821e-01 1.438287500000000052e-01 4.747600499999999890e-01
7.505757499999999860e-01 1.498289999999999900e-01 4.754525749999999884e-01
7.514859999999999873e-01 1.558395000000000197e-01 4.761198499999999556e-01
7.621255000000000113e-01 1.418432500000000041e-01 4.725462775000000004e-01
7.626292500000000363e-01 1.480104999999999893e-01 4.725525199999999759e-01
7.631565000000000154e-01 1.541962500000000069e-01 4.725687375000000023e-01
7.745635000000000714e-01 1.403327500000000061e-01 4.710386899999999821e-01
7.748562500000000242e-01 1.466472500000000068e-01 4.705408999999999842e-01
7.751997500000000763e-01 1.529322499999999918e-01 4.700010474999999910e-01
7.867669999999999941e-01 1.391932499999999906e-01 4.691792249999999775e-01
7.869140000000000024e-01 1.455797500000000078e-01 4.682810749999999911e-01
7.871197500000000069e-01 1.519050000000000122e-01 4.673102749999999972e-01
7.989479999999999915e-01 1.382619999999999960e-01 4.675707999999999531e-01
7.989290000000000003e-01 1.447525000000000062e-01 4.662930750000000013e-01
7.989662500000001000e-01 1.511724999999999874e-01 4.650357749999999846e-01
8.110455000000000858e-01 1.375230000000000063e-01 4.677998250000000025e-01
8.108177500000000038e-01 1.441470000000000251e-01 4.662846499999999672e-01
8.106385000000000396e-01 1.507284999999999875e-01 4.648178749999999915e-01
8.231157500000000349e-01 1.370362499999999983e-01 4.691630999999999996e-01
8.225565000000000238e-01 1.438849999999999851e-01 4.674472999999999545e-01
8.220190000000000552e-01 1.507269999999999999e-01 4.657893499999999909e-01
8.349800000000000555e-01 1.370330000000000159e-01 4.714132949999999544e-01
8.340225000000000000e-01 1.443322500000000230e-01 4.694852749999999797e-01
8.329647500000000315e-01 1.516705000000000136e-01 4.675981499999999902e-01
8.466072500000000334e-01 1.371200000000000196e-01 4.740744024999999917e-01
8.453114999999999934e-01 1.453442500000000082e-01 4.718860767499999942e-01
8.437585000000000779e-01 1.536332499999999990e-01 4.697059674999999879e-01
8.579522500000000829e-01 1.375197500000000239e-01 4.765082499999999666e-01
8.567062500000000025e-01 1.466655000000000042e-01 4.741631074999999584e-01
8.551112499999999894e-01 1.559467500000000229e-01 4.717710322499999998e-01
8.692417500000000352e-01 1.363665000000000016e-01 4.788294749999999489e-01
8.676165000000000127e-01 1.471810000000000063e-01 4.760638999999999843e-01
8.656057500000000626e-01 1.579990000000000006e-01 4.731492024999999768e-01
8.807907500000000667e-01 1.372217500000000312e-01 4.802791749999999471e-01
8.789277500000000076e-01 1.484042500000000153e-01 4.772506749999999576e-01
8.775182500000000552e-01 1.598870000000000013e-01 4.740579724999999800e-01
8.921405000000000030e-01 1.413402500000000006e-01 4.813468749999999519e-01
8.907897500000000468e-01 1.505935000000000190e-01 4.788395749999999618e-01
8.893865000000000798e-01 1.599750000000000338e-01 4.762188499999999713e-01
9.035502500000001103e-01 1.442947500000000272e-01 4.827212499999999906e-01
9.023655000000000426e-01 1.525765000000000038e-01 4.804630249999999880e-01
9.011042500000000510e-01 1.608977500000000060e-01 4.781526249999999978e-01
9.243704999999999838e-01 1.562375000000000291e-01 4.836088999999999527e-01
