4.950067500000000509e-01 -5.291499999999998982e-02 4.625262749999999867e-01
5.390357500000000357e-01 -3.869600000000000817e-02 4.678651750000000220e-01
5.395652500000001073e-01 -5.113375000000000559e-02 4.674133500000000052e-01
5.400725000000000664e-01 -6.355824999999998282e-02 4.669613750000000119e-01
5.502390000000000336e-01 -3.795100000000001250e-02 4.692759999999999709e-01
5.508937500000000709e-01 -5.066925000000001289e-02 4.688355249999999752e-01
5.512762500000000232e-01 -6.320049999999999280e-02 4.683556500000000122e-01
5.611129999999999729e-01 -3.765300000000000591e-02 4.703504049999999714e-01
5.614000000000000101e-01 -5.006150000000000877e-02 4.701188725000000068e-01
5.617657500000000637e-01 -6.282849999999998158e-02 4.692144249999999905e-01
5.718472500000000291e-01 -3.805875000000001618e-02 4.724195700000000109e-01
5.716890000000000027e-01 -4.994300000000001516e-02 4.721513072499999852e-01
5.717725000000000168e-01 -6.207050000000000067e-02 4.712509724999999761e-01
5.828250000000000375e-01 -3.851400000000000656e-02 4.726937174999999991e-01
5.820257500000000084e-01 -5.005675000000001096e-02 4.724494324999999884e-01
5.816665000000000862e-01 -6.175924999999998777e-02 4.716152175000000168e-01
5.953312500000000895e-01 -4.095500000000000529e-02 4.714775299999999780e-01
5.933025000000000659e-01 -5.194925000000000237e-02 4.713834900000000161e-01
5.916652500000000314e-01 -6.324250000000000704e-02 4.707083599999999923e-01
6.065805000000000780e-01 -4.355524999999998981e-02 4.694094249999999913e-01
6.044037500000000174e-01 -5.460750000000000326e-02 4.693296249999999725e-01
6.027520000000000655e-01 -6.593650000000000899e-02 4.686749000000000054e-01
6.184535000000001004e-01 -4.629774999999999863e-02 4.676513999999999949e-01
6.163142500000000634e-01 -5.754624999999999324e-02 4.675604250000000017e-01
6.147555000000000103e-01 -6.887374999999998360e-02 4.669389999999999930e-01
6.295982500000000259e-01 -4.731924999999999326e-02 4.666400749999999875e-01
6.275165000000000326e-01 -5.838124999999999565e-02 4.663999999999999813e-01
6.256360000000000809e-01 -6.933775000000000355e-02 4.658327999999999913e-01
6.410379999999999967e-01 -4.850124999999999575e-02 4.670227000000000128e-01
6.385445000000000704e-01 -5.924150000000000249e-02 4.665194999999999759e-01
6.355725000000000957e-01 -7.006399999999998740e-02 4.659542999999999879e-01
6.530097500000000554e-01 -5.030799999999999161e-02 4.682503749999999965e-01
6.499395000000001144e-01 -6.084100000000000619e-02 4.676710499999999771e-01
6.460247500000000365e-01 -7.161850000000000160e-02 4.670277250000000047e-01
6.660277500000000295e-01 -5.169499999999999096e-02 4.695694575000000093e-01
6.639597500000000707e-01 -6.227674999999999184e-02 4.690873999999999877e-01
6.612072500000000241e-01 -7.294924999999999327e-02 4.685589499999999741e-01
6.795962500000000128e-01 -5.204849999999999755e-02 4.713290399999999769e-01
6.788502500000000994e-01 -6.277174999999998728e-02 4.704075624999999872e-01
6.778010000000000979e-01 -7.333575000000000510e-02 4.697851650000000046e-01
6.939009250000000018e-01 -5.130299999999998750e-02 4.732895349999999834e-01
6.936824250000001024e-01 -6.212874999999998260e-02 4.722740049999999967e-01
6.932821000000000122e-01 -7.264924999999999855e-02 4.710979974999999764e-01
7.097897499999999971e-01 -5.110824999999999396e-02 4.742493849999999678e-01
7.088117500000000737e-01 -6.176874999999998339e-02 4.730640724999999880e-01
7.078820250000000813e-01 -7.248874999999999069e-02 4.718605844999999577e-01
7.211219750000000817e-01 -5.187949999999999506e-02 4.749905749999999705e-01
7.212026750000000153e-01 -6.210749999999998217e-02 4.736752200000000079e-01
7.212847000000000008e-01 -7.219699999999998341e-02 4.719373550000000028e-01
7.316607500000000819e-01 -5.118924999999999170e-02 4.752348499999999865e-01
7.332790500000000433e-01 -6.120074999999999821e-02 4.731403274999999575e-01
7.347668500000000824e-01 -7.117224999999999246e-02 4.710875699999999555e-01
7.436557500000000598e-01 -4.912149999999999850e-02 4.753069999999999795e-01
7.451265000000000249e-01 -5.875449999999998729e-02 4.729462824999999815e-01
7.470145000000000257e-01 -6.829099999999999060e-02 4.705328649999999668e-01
7.556945000000000467e-01 -4.642274999999999874e-02 4.750287499999999996e-01
7.571712500000000734e-01 -5.592225000000000668e-02 4.721769652499999692e-01
7.589322500000000860e-01 -6.525524999999998688e-02 4.692973999999999757e-01
7.675467500000000554e-01 -4.361524999999999430e-02 4.745737250000000018e-01
7.688120000000000509e-01 -5.310499999999998555e-02 4.713004424999999720e-01
7.701047500000000046e-01 -6.237075000000000258e-02 4.679270499999999555e-01
7.805422500000001040e-01 -4.236174999999998969e-02 4.735283349999999669e-01
7.803555000000000907e-01 -5.154649999999999510e-02 4.701868874999999837e-01
7.806675000000000697e-01 -6.065075000000000327e-02 4.665160499999999599e-01
7.939217500000000927e-01 -4.278174999999999339e-02 4.724624724999999525e-01
7.930182500000000356e-01 -5.184425000000000838e-02 4.687526999999999666e-01
7.918227500000000196e-01 -6.076099999999998169e-02 4.653045499999999834e-01
8.066947500000000160e-01 -4.550449999999998940e-02 4.719427502499999871e-01
8.045417500000000555e-01 -5.424275000000000624e-02 4.682833499999999871e-01
8.020807500000000090e-01 -6.302225000000000188e-02 4.648591499999999987e-01
8.189345000000000097e-01 -4.936399999999999122e-02 4.721307652499999730e-01
8.155880000000000907e-01 -5.757199999999998430e-02 4.684852499999999642e-01
8.123847500000000998e-01 -6.599274999999998892e-02 4.650855499999999587e-01
8.305302500000000254e-01 -5.508325000000000027e-02 4.724231975000000028e-01
8.258732500000001142e-01 -6.251950000000000562e-02 4.687204749999999698e-01
8.214635000000000131e-01 -7.016349999999998976e-02 4.653268499999999586e-01
8.409695000000000364e-01 -6.284175000000000177e-02 4.732985200000000003e-01
8.348880000000000745e-01 -6.903124999999998845e-02 4.694384749999999662e-01
8.292427500000000284e-01 -7.558924999999999672e-02 4.659462749999999653e-01
8.493360000000000909e-01 -7.276549999999998297e-02 4.745642499999999653e-01
8.419659999999999922e-01 -7.723249999999998172e-02 4.704557849999999597e-01
8.351165000000000393e-01 -8.227999999999999203e-02 4.667041249999999697e-01
8.536047500000000232e-01 -8.334349999999998704e-02 4.755822749999999988e-01
8.457257500000000539e-01 -8.625325000000000353e-02 4.713413774999999917e-01
8.380955000000001043e-01 -8.986600000000000144e-02 4.671711499999999795e-01
8.548640000000000683e-01 -9.587149999999999839e-02 4.792172249999999689e-01
8.468735000000000568e-01 -9.671325000000000061e-02 4.738511074999999795e-01
8.386007500000001169e-01 -9.841674999999999729e-02 4.686086749999999745e-01
8.519395000000000717e-01 -1.067367499999999914e-01 4.848526999999999698e-01
8.441250000000000142e-01 -1.054859999999999964e-01 4.784201499999999885e-01
8.357792500000000846e-01 -1.053594999999999948e-01 4.712950374999999581e-01
8.485095000000000276e-01 -1.186977499999999908e-01 4.868942249999999583e-01
8.403610000000000246e-01 -1.156454999999999844e-01 4.792558499999999833e-01
8.309450000000000447e-01 -1.128807500000000019e-01 4.702524774999999879e-01
8.432077500000000336e-01 -1.279925000000000090e-01 4.881144499999999775e-01
8.345545000000000879e-01 -1.259490000000000054e-01 4.805331999999999937e-01
8.255475000000001007e-01 -1.223855000000000082e-01 4.715922749999999497e-01
8.383800000000000141e-01 -1.383397499999999836e-01 4.862279499999999643e-01
8.308827500000000033e-01 -1.350319999999999854e-01 4.791687749999999912e-01
8.233732500000000565e-01 -1.313024999999999887e-01 4.719428014999999532e-01
8.311342500000000744e-01 -1.487252500000000033e-01 4.849919999999999787e-01
8.254522500000001095e-01 -1.444897500000000001e-01 4.779347749999999784e-01
8.197980000000000267e-01 -1.402462499999999890e-01 4.710063699999999520e-01
8.196835000000000093e-01 -1.553832500000000005e-01 4.851477750000000033e-01
8.167672500000000557e-01 -1.505107499999999987e-01 4.778155249999999632e-01
8.133282500000000859e-01 -1.456937499999999830e-01 4.708044349999999656e-01
8.071617500000000112e-01 -1.564427499999999915e-01 4.858662749999999586e-01
8.063662500000000621e-01 -1.514909999999999868e-01 4.788684249999999865e-01
8.044682499999999958e-01 -1.466827500000000006e-01 4.719115822499999613e-01
7.950232500000000702e-01 -1.582192500000000057e-01 4.852598249999999780e-01
7.948500000000000565e-01 -1.531122500000000053e-01 4.783048749999999627e-01
7.940260000000000096e-01 -1.481144999999999823e-01 4.713618224999999717e-01
7.823747500000000077e-01 -1.608252500000000029e-01 4.821396249999999606e-01
7.826785000000000547e-01 -1.555992499999999945e-01 4.753862999999999839e-01
7.827122500000001093e-01 -1.504232500000000083e-01 4.686800749999999738e-01
7.690520000000000689e-01 -1.610277499999999973e-01 4.798962249999999541e-01
7.698447500000000776e-01 -1.558342500000000075e-01 4.733592424999999992e-01
7.704380000000000672e-01 -1.506929999999999936e-01 4.668256999999999546e-01
7.561970000000000081e-01 -1.586722499999999869e-01 4.793102750000000079e-01
7.573385000000000256e-01 -1.536025000000000029e-01 4.728900449999999811e-01
7.584082500000000060e-01 -1.485640000000000016e-01 4.664958750000000043e-01
7.435417500000001123e-01 -1.534507499999999969e-01 4.799626750000000053e-01
7.454622500000001040e-01 -1.487954999999999972e-01 4.735904300000000067e-01
7.473487500000000061e-01 -1.441407499999999842e-01 4.672039499999999790e-01
7.307224500000000234e-01 -1.479327500000000017e-01 4.791953499999999644e-01
7.337077500000001029e-01 -1.437999999999999834e-01 4.729538050000000049e-01
7.367145250000000090e-01 -1.396327499999999999e-01 4.666311249999999800e-01
7.182382750000000371e-01 -1.424149999999999860e-01 4.770953499999999736e-01
7.216680500000000054e-01 -1.384222499999999967e-01 4.711661924999999695e-01
7.250557750000000690e-01 -1.343729999999999924e-01 4.652582249999999697e-01
7.065399000000001095e-01 -1.347889999999999922e-01 4.754019999999999913e-01
7.107067250000000946e-01 -1.309992499999999838e-01 4.700094074999999760e-01
7.148138325000000792e-01 -1.271537499999999821e-01 4.646577749999999951e-01
6.963841250000000205e-01 -1.245715000000000017e-01 4.738684475000000118e-01
7.014781750000000926e-01 -1.213940000000000019e-01 4.690852249999999946e-01
7.065382500000000343e-01 -1.181730000000000003e-01 4.643292749999999858e-01
6.887965000000000337e-01 -1.120347499999999885e-01 4.724195150000000121e-01
6.947439000000000808e-01 -1.098612499999999936e-01 4.682302749999999736e-01
7.006866000000000483e-01 -1.076577499999999965e-01 4.640385999999999678e-01
6.844942500000000818e-01 -9.791749999999999066e-02 4.712744649999999758e-01
6.909904750000001039e-01 -9.702174999999998994e-02 4.676508999999999805e-01
6.974955750000000343e-01 -9.610749999999998461e-02 4.640250999999999681e-01
6.837642500000000734e-01 -8.309649999999998982e-02 4.705718325000000091e-01
6.904224500000000209e-01 -8.363899999999999113e-02 4.675505999999999829e-01
6.971382000000000412e-01 -8.408224999999999727e-02 4.644189499999999970e-01
6.866965000000000430e-01 -6.881199999999998429e-02 4.700903300000000007e-01
6.931096000000001034e-01 -7.050024999999998654e-02 4.680633999999999628e-01
6.996518000000000459e-01 -7.221525000000000860e-02 4.653322749999999619e-01
6.916081250000000180e-01 -5.565549999999999664e-02 4.711875574999999650e-01
6.978725500000000359e-01 -5.812724999999999143e-02 4.697517049999999639e-01
7.042668750000000699e-01 -6.075099999999999945e-02 4.674828749999999644e-01
6.973560750000000752e-01 -4.359024999999999705e-02 4.703884474999999732e-01
7.032403750000000286e-01 -4.603449999999999209e-02 4.692361999999999922e-01
7.095366750000000611e-01 -4.863924999999999499e-02 4.672583750000000036e-01
7.028288000000000313e-01 -3.150024999999999353e-02 4.713314899999999641e-01
7.087925750000000358e-01 -3.384999999999999121e-02 4.701553599999999666e-01
7.149804700000000901e-01 -3.660224999999998896e-02 4.682126249999999934e-01
7.079433000000000531e-01 -2.047625000000000139e-02 4.721015239999999946e-01
7.140564850000000741e-01 -2.296800000000000230e-02 4.703237799999999691e-01
7.202929250000000838e-01 -2.552324999999999733e-02 4.684581749999999767e-01
7.126758450000000300e-01 -1.011874999999999580e-02 4.704800424999999731e-01
7.189243500000001008e-01 -1.236324999999999230e-02 4.686670000000000003e-01
7.252976000000000978e-01 -1.441074999999999995e-02 4.668169749999999674e-01
7.156346975000000832e-01 3.665000000000057101e-04 4.683574249999999939e-01
7.220356500000000288e-01 -1.113999999999989998e-03 4.664798000000000000e-01
7.285554250000000343e-01 -2.265499999999989744e-03 4.645543500000000048e-01
7.182081250000000860e-01 1.184550000000000186e-02 4.680009749999999857e-01
7.247422749999999914e-01 1.172475000000000600e-02 4.665457749999999959e-01
7.314535500000000079e-01 1.176450000000000412e-02 4.646380499999999691e-01
7.178385250000000051e-01 2.433450000000000196e-02 4.711328249999999773e-01
7.245623250000000626e-01 2.515150000000000718e-02 4.694560749999999727e-01
7.312339250000000623e-01 2.583600000000000479e-02 4.677369749999999993e-01
7.149751100000000248e-01 3.707325000000000204e-02 4.730145924999999973e-01
7.225133750000000132e-01 3.836900000000000727e-02 4.711060349999999786e-01
7.296997500000000914e-01 3.967975000000000668e-02 4.692822999999999856e-01
7.130035525000000263e-01 4.949560000000000071e-02 4.746343999999999563e-01
7.218443750000000936e-01 5.080125000000000612e-02 4.723514924999999698e-01
7.301570250000000151e-01 5.187555000000000638e-02 4.703147874999999978e-01
7.102218500000000434e-01 6.120702500000000518e-02 4.734339925000000115e-01
7.221616000000000701e-01 6.286600000000000521e-02 4.703514500000000043e-01
7.332782250000000612e-01 6.424160000000000981e-02 4.677446249999999695e-01
7.096571750000000289e-01 7.161569250000000830e-02 4.697973675000000071e-01
7.216892500000000599e-01 7.161847749999999957e-02 4.682984249999999626e-01
7.326165500000000330e-01 7.190233750000001034e-02 4.668338750000000092e-01
7.144360636250000063e-01 8.067712500000000231e-02 4.718123712499999733e-01
7.231800750000000333e-01 8.083012500000000267e-02 4.707018899999999562e-01
7.328871500000000427e-01 8.167485000000000717e-02 4.694753249999999989e-01
7.165120300000000775e-01 9.070890000000000897e-02 4.698257574999999964e-01
7.239574250000000433e-01 9.147902500000000547e-02 4.688274249999999643e-01
7.311770250000000360e-01 9.264440000000000175e-02 4.678847250000000013e-01
7.174127500000000435e-01 1.010607500000000047e-01 4.711367324999999884e-01
7.239707000000000781e-01 1.020567500000000016e-01 4.703119749999999932e-01
7.305851250000000574e-01 1.035200000000000009e-01 4.694999499999999992e-01
7.171289000000000691e-01 1.094002500000000044e-01 4.750548499999999730e-01
7.232524000000000175e-01 1.108169999999999988e-01 4.744753174999999934e-01
7.293388750000000531e-01 1.125762500000000027e-01 4.738760324999999884e-01
7.147066525000000947e-01 1.176797499999999996e-01 4.719559740000000003e-01
7.207535000000000469e-01 1.198069999999999968e-01 4.714010074999999689e-01
7.266189000000000675e-01 1.221949999999999981e-01 4.708509200000000061e-01
7.102747500000000658e-01 1.273207500000000103e-01 4.709920300000000060e-01
7.160368300000000685e-01 1.296315000000000106e-01 4.704637274999999841e-01
7.216886000000000134e-01 1.320884999999999976e-01 4.699536199999999608e-01
7.059237750000000311e-01 1.372924999999999840e-01 4.733376474999999584e-01
7.116727500000000761e-01 1.394420000000000104e-01 4.729309250000000020e-01
7.174089500000000452e-01 1.416490000000000249e-01 4.725594274999999622e-01
7.022357500000000474e-01 1.466112499999999985e-01 4.787400499999999726e-01
7.081240500000000049e-01 1.483869999999999911e-01 4.784990249999999667e-01
7.140154850000000053e-01 1.501224999999999921e-01 4.782936499999999591e-01
6.996594500000000716e-01 1.556524999999999992e-01 4.851884750000000079e-01
7.060000250000000310e-01 1.562264999999999904e-01 4.859064750000000044e-01
7.120175200000000704e-01 1.571787500000000060e-01 4.857100749999999634e-01
7.074269499999999988e-01 1.696782500000000027e-01 4.937116999999999756e-01
7.095610250000000674e-01 1.678667500000000090e-01 4.932492249999999578e-01
7.154246550000000759e-01 1.659097500000000225e-01 4.931111999999999718e-01
7.130824250000000752e-01 1.749235000000000095e-01 5.065252499999999269e-01
7.158441724999999867e-01 1.727427500000000005e-01 5.050547499999999967e-01
7.207988000000000728e-01 1.695312500000000222e-01 5.031707500000000000e-01
7.185552500000000897e-01 1.800714999999999955e-01 5.136142499999999389e-01
7.231685500000000211e-01 1.772457500000000075e-01 5.120700000000000252e-01
7.283887500000000292e-01 1.745579999999999909e-01 5.111722499999999947e-01
7.225607250000000148e-01 1.812987500000000085e-01 5.189797499999999619e-01
7.277382500000000309e-01 1.786112499999999992e-01 5.182102499999999834e-01
7.328924250000000695e-01 1.758712500000000067e-01 5.173872499999999652e-01
7.218902000000000374e-01 1.737142500000000145e-01 5.161772500000000319e-01
7.274032249999999866e-01 1.715632500000000005e-01 5.161817499999999947e-01
7.326402499999999929e-01 1.690167499999999934e-01 5.160442499999999821e-01
7.169407325000000109e-01 1.654530000000000167e-01 5.119682500000000136e-01
7.225224000000000091e-01 1.634347500000000175e-01 5.113932500000000214e-01
7.276101249999999965e-01 1.606837500000000141e-01 5.113577499999999443e-01
7.115692500000000420e-01 1.586974999999999913e-01 5.050162499999999444e-01
7.169307525000000458e-01 1.562149999999999928e-01 5.046999999999999265e-01
7.220457250000000826e-01 1.535177500000000084e-01 5.046245000000000314e-01
7.075185999999999975e-01 1.552215000000000122e-01 4.946924999999999795e-01
7.122434175000000867e-01 1.516077499999999856e-01 4.955898999999999721e-01
7.169982750000000182e-01 1.483152500000000096e-01 4.961267500000000052e-01
7.042293500000000872e-01 1.502124999999999988e-01 4.866375249999999597e-01
7.089667250000000198e-01 1.467437500000000061e-01 4.878474250000000012e-01
7.136974350000000467e-01 1.432292500000000024e-01 4.889680750000000020e-01
7.011625000000000218e-01 1.462097499999999994e-01 4.795173999999999825e-01
7.057965250000000079e-01 1.424922499999999870e-01 4.808422749999999857e-01
7.104330500000000104e-01 1.387517500000000070e-01 4.820843499999999948e-01
6.971112999999999893e-01 1.411000000000000032e-01 4.743683499999999942e-01
7.014657000000000808e-01 1.368397500000000100e-01 4.756734750000000123e-01
7.057800499999999921e-01 1.325042499999999901e-01 4.769125499999999906e-01
6.909356750000000824e-01 1.367649999999999977e-01 4.721771774999999893e-01
6.945775750000000581e-01 1.318265000000000131e-01 4.733981150000000082e-01
6.982716250000000624e-01 1.269492500000000135e-01 4.746074999999999600e-01
6.835375000000000201e-01 1.334537500000000099e-01 4.727372924999999615e-01
6.865157500000000912e-01 1.280275000000000163e-01 4.740415124999999841e-01
6.895064250000000339e-01 1.225702500000000056e-01 4.753998749999999718e-01
6.756217500000000209e-01 1.317317500000000086e-01 4.750671999999999673e-01
6.775030000000000774e-01 1.257757500000000195e-01 4.767927249999999728e-01
6.793902500000000844e-01 1.198045000000000082e-01 4.785458499999999948e-01
6.671910000000000895e-01 1.308967500000000062e-01 4.735361674999999937e-01
6.680015000000000258e-01 1.246272499999999950e-01 4.758366499999999721e-01
6.688500000000000556e-01 1.184860000000000080e-01 4.781115249999999817e-01
6.573109999999999786e-01 1.319740000000000080e-01 4.743674425000000139e-01
6.581434999999999924e-01 1.256025000000000058e-01 4.772098999999999647e-01
6.589892500000000819e-01 1.193379999999999996e-01 4.801605499999999638e-01
6.483769999999999811e-01 1.351357499999999989e-01 4.782616000000000089e-01
6.492050000000000320e-01 1.283154999999999990e-01 4.814122249999999714e-01
6.502290000000000569e-01 1.215074999999999905e-01 4.845776499999999709e-01
6.411345000000000516e-01 1.398619999999999863e-01 4.837012749999999861e-01
6.419635000000000202e-01 1.323882499999999851e-01 4.874824749999999707e-01
6.429437500000000361e-01 1.250340000000000062e-01 4.909972249999999816e-01
6.351705000000000823e-01 1.445985000000000187e-01 4.902372499999999578e-01
6.362357499999999888e-01 1.363577499999999998e-01 4.944349999999999579e-01
6.374892500000000073e-01 1.284437499999999954e-01 4.980124999999999691e-01
6.260462500000000263e-01 1.472527499999999878e-01 5.000434999999999741e-01
6.303702500000000208e-01 1.404305000000000136e-01 5.044712500000000377e-01
6.346907500000000812e-01 1.326519999999999921e-01 5.075539999999999496e-01
6.257557500000000550e-01 1.497470000000000190e-01 5.078624999999999945e-01
6.291080000000000005e-01 1.440460000000000074e-01 5.120810000000000084e-01
6.325015000000000498e-01 1.382612500000000022e-01 5.161375000000000268e-01
6.276117500000000238e-01 1.572095000000000020e-01 5.169954999999999412e-01
6.306845000000000923e-01 1.529787499999999967e-01 5.217167499999999514e-01
6.338225000000000664e-01 1.488599999999999923e-01 5.264360000000000150e-01
6.327095000000000358e-01 1.647672500000000040e-01 5.230569999999999942e-01
6.361897499999999983e-01 1.627375000000000071e-01 5.282107499999999511e-01
6.398037500000000044e-01 1.608922500000000144e-01 5.333052499999999529e-01
6.409580000000000277e-01 1.724137500000000045e-01 5.235195000000000265e-01
6.452177500000000343e-01 1.716257500000000213e-01 5.282670000000000421e-01
6.495915000000000994e-01 1.709229999999999916e-01 5.329895000000000049e-01
6.478642500000000304e-01 1.820102499999999845e-01 5.237512500000000015e-01
6.520164999999999988e-01 1.812664999999999971e-01 5.283915000000000139e-01
6.562265000000000459e-01 1.804852499999999860e-01 5.329494999999999649e-01
6.575867499999999977e-01 1.906505000000000005e-01 5.239070000000000116e-01
6.613245000000000928e-01 1.894004999999999994e-01 5.287045000000000217e-01
6.650517500000000526e-01 1.879275000000000251e-01 5.335082500000000172e-01
6.672582500000000527e-01 1.981375000000000219e-01 5.218625000000000069e-01
6.714847500000000746e-01 1.970277500000000015e-01 5.264314999999999412e-01
6.757930000000000881e-01 1.959605000000000097e-01 5.309954999999999536e-01
6.774959999999999871e-01 2.021924999999999972e-01 5.178574999999999706e-01
6.815809999999999924e-01 2.011767500000000153e-01 5.222200000000000175e-01
6.857640000000000402e-01 2.002770000000000106e-01 5.265367499999999978e-01
6.867640000000000411e-01 1.990602499999999941e-01 5.131192500000000267e-01
6.910729250000000601e-01 1.980512500000000120e-01 5.175622500000000015e-01
6.953582750000000257e-01 1.972222499999999878e-01 5.219532500000000352e-01
6.944021000000000221e-01 1.913802500000000018e-01 5.082035000000000302e-01
6.984464000000000228e-01 1.908934999999999937e-01 5.126604999999999634e-01
7.023721000000000547e-01 1.905667500000000070e-01 5.171094999999999997e-01
7.003991000000000522e-01 1.821022500000000210e-01 5.038804999999999534e-01
7.043062749999999816e-01 1.824157499999999876e-01 5.085385000000000044e-01
7.078959500000000515e-01 1.827107500000000051e-01 5.127597499999999586e-01
7.055616000000000110e-01 1.710554999999999992e-01 5.017157500000000159e-01
7.088036250000000482e-01 1.719337499999999963e-01 5.068992500000000234e-01
7.119767100000000681e-01 1.727617499999999917e-01 5.119445000000000245e-01
7.120421050000000918e-01 1.587677499999999853e-01 5.032649999999999624e-01
7.134854649999999854e-01 1.606695000000000206e-01 5.063707499999999806e-01
7.147399400000000735e-01 1.622327500000000089e-01 5.087372500000000297e-01
7.202822750000000829e-01 1.529697500000000154e-01 5.018644999999999357e-01
7.226477500000000331e-01 1.560644999999999949e-01 5.054659999999999709e-01
7.251498000000000665e-01 1.587657500000000110e-01 5.080692500000000278e-01
7.298244500000000690e-01 1.497387500000000038e-01 4.983044999999999836e-01
7.321366500000000554e-01 1.535207500000000114e-01 5.023079999999999767e-01
7.344562500000000327e-01 1.574437499999999934e-01 5.062827500000000036e-01
7.408647500000000719e-01 1.493047499999999861e-01 4.925635250000000021e-01
7.433675000000000699e-01 1.531502499999999878e-01 4.966553249999999808e-01
7.457032500000000397e-01 1.569677500000000170e-01 5.008017499999999345e-01
7.546532500000000532e-01 1.493249999999999855e-01 4.859036499999999648e-01
7.560137500000000399e-01 1.534722500000000045e-01 4.902204499999999743e-01
7.573840000000000572e-01 1.576597499999999874e-01 4.945369000000000015e-01
7.683705000000000673e-01 1.503404999999999880e-01 4.799333000000000071e-01
7.691985000000000072e-01 1.548602500000000048e-01 4.839030999999999749e-01
7.700777500000000053e-01 1.594197499999999990e-01 4.878472749999999691e-01
7.827892499999999920e-01 1.513347500000000179e-01 4.743668549999999762e-01
7.831170000000000631e-01 1.563262499999999999e-01 4.780318749999999950e-01
7.834902500000000547e-01 1.613302500000000084e-01 4.817011749999999815e-01
7.971197500000000158e-01 1.528395000000000170e-01 4.701901074999999541e-01
7.970147499999999940e-01 1.580314999999999914e-01 4.737564049999999916e-01
7.970697500000000213e-01 1.632827500000000043e-01 4.772905249999999655e-01
8.082480000000000775e-01 1.530062500000000103e-01 4.669070750000000047e-01
8.091062500000000268e-01 1.583895000000000164e-01 4.703228274999999847e-01
8.101362500000000022e-01 1.637409999999999977e-01 4.736894199999999722e-01
8.191829999999999945e-01 1.508625000000000105e-01 4.646444750000000012e-01
8.209707500000000824e-01 1.562280000000000058e-01 4.679529249999999641e-01
8.228187500000000432e-01 1.614815000000000000e-01 4.712247649999999899e-01
8.296390000000000153e-01 1.449330000000000340e-01 4.642268249999999541e-01
8.318152500000000060e-01 1.502617500000000272e-01 4.675863249999999693e-01
8.339957500000000357e-01 1.555150000000000143e-01 4.709536099999999670e-01
8.407480000000000508e-01 1.368032500000000151e-01 4.647164999999999768e-01
8.430802500000000865e-01 1.423462500000000075e-01 4.682410249999999774e-01
8.454097500000000709e-01 1.478405000000000136e-01 4.717762367499999665e-01
8.510735000000000383e-01 1.282730000000000259e-01 4.650289499999999965e-01
8.532715000000000716e-01 1.344322500000000031e-01 4.687754999999999561e-01
8.554552500000000004e-01 1.406295000000000184e-01 4.725719424999999529e-01
8.612812499999999982e-01 1.202765000000000084e-01 4.655279749999999828e-01
8.633597500000000924e-01 1.273267500000000163e-01 4.696220349999999932e-01
8.655015000000000347e-01 1.345715000000000106e-01 4.738840149999999918e-01
8.696835000000000537e-01 1.133297500000000069e-01 4.658213999999999966e-01
8.726707500000000506e-01 1.210007500000000180e-01 4.704709949999999474e-01
8.752440000000000220e-01 1.289865000000000039e-01 4.752286499999999747e-01
8.771812500000000234e-01 1.059322500000000056e-01 4.648906250000000018e-01
8.802897499999999820e-01 1.152975000000000111e-01 4.703213124999999772e-01
8.828080000000000371e-01 1.249060000000000170e-01 4.757442249999999651e-01
8.865487499999999965e-01 1.012435000000000140e-01 4.646596249999999650e-01
8.888700000000000490e-01 1.112555000000000210e-01 4.702339549999999813e-01
8.912815000000000598e-01 1.214825000000000210e-01 4.757889499999999883e-01
8.973602500000000814e-01 1.003930000000000100e-01 4.655545499999999559e-01
8.989390000000000436e-01 1.087385000000000157e-01 4.700974074999999530e-01
9.000017500000000448e-01 1.173702500000000093e-01 4.745783499999999822e-01
9.086454999999999949e-01 9.887955000000001049e-02 4.660864999999999592e-01
9.099467500000000264e-01 1.063905000000000267e-01 4.701212849999999444e-01
9.110822499999999824e-01 1.140337500000000170e-01 4.741479199999999450e-01
9.318610000000000504e-01 1.019865000000000216e-01 4.703803449999999775e-01
