4.964750000000000552e-01 -5.176249999999998908e-02 4.647131749999999784e-01
5.398857500000000531e-01 -3.551100000000001478e-02 4.689975749999999999e-01
5.410872500000000196e-01 -4.793250000000000288e-02 4.677679750000000025e-01
5.421565000000000412e-01 -6.035599999999999299e-02 4.665214750000000188e-01
5.511637500000000633e-01 -3.407950000000001256e-02 4.698772999999999977e-01
5.526077500000000642e-01 -4.686975000000001557e-02 4.686270499999999894e-01
5.534822500000000645e-01 -5.955849999999998645e-02 4.673354000000000119e-01
5.625862500000000654e-01 -3.334975000000001133e-02 4.707329350000000190e-01
5.635115000000000540e-01 -4.565750000000000364e-02 4.694671999999999734e-01
5.645660000000000123e-01 -5.831675000000000053e-02 4.678341750000000188e-01
5.740682500000000577e-01 -3.329600000000000615e-02 4.722784800000000005e-01
5.744562500000000016e-01 -4.497700000000000309e-02 4.709769225000000059e-01
5.752067499999999889e-01 -5.693599999999998662e-02 4.693328250000000090e-01
5.857217500000000410e-01 -3.299250000000000793e-02 4.718956744999999731e-01
5.853812500000000751e-01 -4.421175000000000799e-02 4.706495299999999826e-01
5.855985000000000218e-01 -5.566825000000000245e-02 4.690317749999999841e-01
5.990285000000000748e-01 -3.326675000000001159e-02 4.691158750000000155e-01
5.972885000000001110e-01 -4.448175000000001433e-02 4.684749500000000011e-01
5.960550000000000015e-01 -5.572599999999999776e-02 4.672776000000000152e-01
6.115110000000000268e-01 -3.428874999999999285e-02 4.670613000000000126e-01
6.091685000000000016e-01 -4.581224999999999881e-02 4.667394249999999856e-01
6.074915000000000731e-01 -5.712224999999998554e-02 4.658312749999999891e-01
6.246532500000000487e-01 -3.638824999999999699e-02 4.654501249999999923e-01
6.216237500000000304e-01 -4.841049999999999520e-02 4.653378499999999973e-01
6.192900000000001182e-01 -5.990049999999999542e-02 4.647612500000000146e-01
6.359552500000000830e-01 -3.969874999999999099e-02 4.652651749999999753e-01
6.326387500000000275e-01 -5.072324999999999751e-02 4.650042249999999933e-01
6.296132500000000132e-01 -6.168925000000000103e-02 4.645994749999999840e-01
6.468205000000000204e-01 -4.411124999999999075e-02 4.667381999999999920e-01
6.429124999999999979e-01 -5.440300000000000691e-02 4.661975749999999752e-01
6.386765000000000914e-01 -6.482925000000000493e-02 4.656567749999999672e-01
6.579222500000000418e-01 -4.838774999999999327e-02 4.688570750000000120e-01
6.535517500000000979e-01 -5.853225000000000788e-02 4.682958999999999872e-01
6.484577500000000549e-01 -6.861300000000000732e-02 4.675602500000000106e-01
6.704365000000001018e-01 -5.128125000000000044e-02 4.707355874999999967e-01
6.672857500000000108e-01 -6.159475000000000366e-02 4.703089074999999841e-01
6.634567500000000395e-01 -7.182474999999999277e-02 4.697460749999999852e-01
6.835665000000000768e-01 -5.223325000000000884e-02 4.726709825000000031e-01
6.823450000000000903e-01 -6.300100000000000144e-02 4.721429389999999837e-01
6.803652500000000325e-01 -7.305749999999999744e-02 4.727359374999999808e-01
6.978871500000000117e-01 -5.126600000000000601e-02 4.740834399999999671e-01
6.979363000000000650e-01 -6.214824999999998822e-02 4.733651600000000070e-01
6.976935500000001067e-01 -7.257974999999999843e-02 4.728683774999999923e-01
7.141024925000000190e-01 -4.966500000000000081e-02 4.745590249999999677e-01
7.138187675000000620e-01 -6.047900000000000498e-02 4.737912549999999667e-01
7.132411100000000115e-01 -7.122000000000000552e-02 4.730826575000000034e-01
7.252053250000000117e-01 -4.886299999999998978e-02 4.752826749999999878e-01
7.260960500000001039e-01 -5.917300000000000337e-02 4.744579099999999827e-01
7.266464750000000139e-01 -6.920799999999999175e-02 4.732542174999999629e-01
7.358334750000000701e-01 -4.677699999999999914e-02 4.751794749999999623e-01
7.377630000000000576e-01 -5.675849999999998952e-02 4.737743899999999897e-01
7.393638250000000856e-01 -6.660449999999998316e-02 4.724193674999999648e-01
7.481612499999999999e-01 -4.390949999999999021e-02 4.743516024999999692e-01
7.494405000000000650e-01 -5.357974999999998156e-02 4.729915574999999928e-01
7.505850000000000577e-01 -6.332949999999998303e-02 4.716441499999999842e-01
7.604445000000000787e-01 -4.233774999999999344e-02 4.737230624999999584e-01
7.610937500000000133e-01 -5.209449999999998804e-02 4.719966743249999763e-01
7.619472500000000759e-01 -6.189324999999998300e-02 4.701890749999999564e-01
7.722310000000000008e-01 -4.147699999999999998e-02 4.728403199999999806e-01
7.725305000000000089e-01 -5.129749999999999588e-02 4.706712200000000013e-01
7.728862499999999969e-01 -6.099374999999998548e-02 4.683513249999999850e-01
7.845380000000000686e-01 -4.184299999999999131e-02 4.711691074999999618e-01
7.836845000000001171e-01 -5.152450000000000085e-02 4.694553999999999672e-01
7.835462500000001107e-01 -6.100200000000000067e-02 4.675519999999999676e-01
7.969157500000000338e-01 -4.284624999999998851e-02 4.697147074999999949e-01
7.955970000000001097e-01 -5.237174999999999470e-02 4.676411999999999791e-01
7.940260000000000096e-01 -6.159349999999999548e-02 4.658804249999999869e-01
8.088727500000000292e-01 -4.547824999999999784e-02 4.691497499999999765e-01
8.063797500000000618e-01 -5.463799999999999213e-02 4.670591000000000048e-01
8.035562500000000830e-01 -6.371574999999998767e-02 4.652221749999999600e-01
8.203527500000000749e-01 -4.920075000000000143e-02 4.692687999999999859e-01
8.167432500000000317e-01 -5.781074999999999409e-02 4.670482999999999718e-01
8.131752500000000161e-01 -6.652700000000000280e-02 4.650166999999999495e-01
8.311302500000000704e-01 -5.463324999999999432e-02 4.696881824999999955e-01
8.263417500000000970e-01 -6.254474999999998230e-02 4.672570749999999662e-01
8.217250000000000387e-01 -7.058849999999999847e-02 4.650565249999999984e-01
8.414357500000000378e-01 -6.180025000000000102e-02 4.706833449999999752e-01
8.353457500000001090e-01 -6.860600000000000032e-02 4.679661999999999988e-01
8.296792500000000903e-01 -7.573825000000000696e-02 4.655452749999999806e-01
8.502089999999999925e-01 -7.079799999999999982e-02 4.724396024999999999e-01
8.428815000000000612e-01 -7.598399999999999599e-02 4.692154749999999930e-01
8.361072500000000796e-01 -8.167225000000000179e-02 4.663815249999999635e-01
8.550075000000000314e-01 -8.078124999999999889e-02 4.742709249999999543e-01
8.471589999999999954e-01 -8.441724999999999923e-02 4.706312249999999864e-01
8.397160000000000180e-01 -8.867800000000000682e-02 4.671471999999999847e-01
8.567885000000000639e-01 -9.285174999999998291e-02 4.786575499999999872e-01
8.487565000000000248e-01 -9.436875000000000124e-02 4.737253099999999550e-01
8.409130000000000216e-01 -9.668974999999999098e-02 4.689889749999999746e-01
8.552615000000000078e-01 -1.037907499999999872e-01 4.858399999999999941e-01
8.476252500000001078e-01 -1.030119999999999925e-01 4.791992749999999801e-01
8.396135000000000126e-01 -1.030557500000000015e-01 4.722193472499999767e-01
8.505487500000000756e-01 -1.156389999999999918e-01 4.893462249999999680e-01
8.431007500000000654e-01 -1.126209999999999989e-01 4.811658999999999797e-01
8.347365000000001034e-01 -1.096547499999999953e-01 4.718114749999999802e-01
8.437490000000000823e-01 -1.246249999999999858e-01 4.914742500000000014e-01
8.358447500000000252e-01 -1.223629999999999995e-01 4.833215249999999741e-01
8.281522500000000342e-01 -1.185245000000000049e-01 4.737826474999999871e-01
8.366597500000000354e-01 -1.347700000000000009e-01 4.904832499999999817e-01
8.301515000000000422e-01 -1.312619999999999898e-01 4.827375999999999889e-01
8.242067500000000990e-01 -1.271692499999999837e-01 4.747228749999999886e-01
8.273272500000000695e-01 -1.446230000000000016e-01 4.897047749999999811e-01
8.225284999999999958e-01 -1.404532500000000017e-01 4.820222999999999591e-01
8.179227500000000317e-01 -1.361782500000000007e-01 4.742883824999999942e-01
8.144445000000000157e-01 -1.510139999999999816e-01 4.895377999999999674e-01
8.121877500000000971e-01 -1.463882499999999975e-01 4.818193499999999796e-01
8.096520000000000383e-01 -1.418342499999999951e-01 4.742130099999999904e-01
8.015635000000000954e-01 -1.519010000000000082e-01 4.889987499999999820e-01
8.014210000000000500e-01 -1.472072499999999839e-01 4.817837999999999843e-01
8.003060000000000729e-01 -1.427167500000000033e-01 4.744242199999999521e-01
7.892372500000000013e-01 -1.538539999999999908e-01 4.872509749999999751e-01
7.896492500000000803e-01 -1.490212499999999940e-01 4.801126499999999742e-01
7.895072499999999938e-01 -1.443844999999999990e-01 4.728584925000000050e-01
7.764895000000000547e-01 -1.567707499999999865e-01 4.831416000000000044e-01
7.773725000000000218e-01 -1.518887499999999890e-01 4.761847499999999900e-01
7.780227500000000962e-01 -1.470902500000000057e-01 4.692279500000000048e-01
7.629505000000000869e-01 -1.571942500000000076e-01 4.798748999999999931e-01
7.643270000000000897e-01 -1.524002499999999871e-01 4.731422449999999613e-01
7.654382500000000977e-01 -1.476472500000000077e-01 4.664032999999999651e-01
7.498032500000000322e-01 -1.545630000000000059e-01 4.784337750000000056e-01
7.515290000000001136e-01 -1.499242500000000089e-01 4.718425047500000025e-01
7.532242500000000396e-01 -1.452164999999999984e-01 4.653222999999999665e-01
7.373098250000000853e-01 -1.477824999999999833e-01 4.783805999999999892e-01
7.398210000000000619e-01 -1.436297500000000005e-01 4.718853242499999601e-01
7.423227500000000312e-01 -1.393889999999999851e-01 4.654264499999999916e-01
7.255157750000000849e-01 -1.392990000000000061e-01 4.781238499999999614e-01
7.289856500000000405e-01 -1.358597500000000013e-01 4.717296324999999957e-01
7.325268500000000627e-01 -1.323357500000000020e-01 4.652967749999999958e-01
7.145438390000000695e-01 -1.303219999999999934e-01 4.773745999999999823e-01
7.182735500000000384e-01 -1.270050000000000068e-01 4.712262274999999834e-01
7.220013750000000563e-01 -1.236009999999999887e-01 4.651304749999999877e-01
7.045304500000000303e-01 -1.201557500000000056e-01 4.770826499999999970e-01
7.086889750000000543e-01 -1.169002499999999833e-01 4.713266549999999833e-01
7.128141924999999990e-01 -1.135919999999999985e-01 4.656325000000000047e-01
6.955402750000000411e-01 -1.087227500000000069e-01 4.768812499999999788e-01
7.002400500000000028e-01 -1.057887499999999870e-01 4.715677775000000072e-01
7.049113500000000476e-01 -1.028349999999999820e-01 4.662808250000000099e-01
6.873705000000001064e-01 -9.618750000000000910e-02 4.762639249999999769e-01
6.927616000000000884e-01 -9.392624999999998892e-02 4.714093574999999592e-01
6.981295250000000285e-01 -9.167200000000000348e-02 4.665354499999999627e-01
6.816470000000000029e-01 -8.187524999999998276e-02 4.748861249999999923e-01
6.876847500000000668e-01 -8.081574999999999176e-02 4.707048899999999869e-01
6.936997500000000594e-01 -7.988249999999999518e-02 4.664069499999999868e-01
6.791947500000000693e-01 -6.833249999999999047e-02 4.714279849999999938e-01
6.850427500000000336e-01 -6.844424999999998427e-02 4.691350999999999716e-01
6.913253500000000606e-01 -6.888574999999999560e-02 4.654659499999999617e-01
6.799947500000000922e-01 -5.546999999999999154e-02 4.707718049999999876e-01
6.861552500000001054e-01 -5.710724999999999829e-02 4.684119749999999804e-01
6.924917250000000024e-01 -5.880499999999999616e-02 4.653036249999999985e-01
6.843585000000000917e-01 -4.394750000000000045e-02 4.717251725000000118e-01
6.903191750000000626e-01 -4.670599999999999752e-02 4.700230675000000025e-01
6.963887750000000709e-01 -4.966474999999999362e-02 4.674014499999999961e-01
6.908331250000000479e-01 -3.440324999999999633e-02 4.717884787499999621e-01
6.964407500000000528e-01 -3.714749999999999996e-02 4.701938774999999682e-01
7.022171500000000677e-01 -4.047824999999999340e-02 4.678872249999999622e-01
6.973705500000000335e-01 -2.407299999999999718e-02 4.733641974999999724e-01
7.030201249999999957e-01 -2.692949999999999511e-02 4.717825884999999886e-01
7.085859250000000609e-01 -3.065550000000000219e-02 4.695914399999999711e-01
7.040779500000000635e-01 -1.452599999999999725e-02 4.740952350000000037e-01
7.095475750000000970e-01 -1.817124999999999990e-02 4.722508749999999589e-01
7.150761650000000413e-01 -2.200124999999999997e-02 4.702605274999999696e-01
7.106973750000000756e-01 -5.271749999999991720e-03 4.721894039999999793e-01
7.163519325000000659e-01 -8.718499999999990147e-03 4.703299474999999563e-01
7.221656250000000332e-01 -1.198174999999999935e-02 4.683891749999999909e-01
7.155523800000000989e-01 4.537250000000006556e-03 4.695701049999999599e-01
7.214985500000000718e-01 1.796500000000006425e-03 4.676358250000000050e-01
7.276491250000000077e-01 -5.982499999999946194e-04 4.656653249999999633e-01
7.201478500000000338e-01 1.546875000000000333e-02 4.684778499999999735e-01
7.265193750000000783e-01 1.412650000000000711e-02 4.668948249999999578e-01
7.331211499999999992e-01 1.295800000000000424e-02 4.649755250000000006e-01
7.214105000000000656e-01 2.884950000000000708e-02 4.703558224999999648e-01
7.281028750000000382e-01 2.895500000000000157e-02 4.687960499999999642e-01
7.347752250000000318e-01 2.888100000000000389e-02 4.671586249999999940e-01
7.190560500000000577e-01 4.211550000000000710e-02 4.715014999999999623e-01
7.265431750000000966e-01 4.293775000000000369e-02 4.698163224999999943e-01
7.337094000000000671e-01 4.379650000000000210e-02 4.681677499999999936e-01
7.167014449999999925e-01 5.384587500000000138e-02 4.724077274999999854e-01
7.255129500000000453e-01 5.517487500000000517e-02 4.704850774999999596e-01
7.337044750000000226e-01 5.629137500000000460e-02 4.686522999999999661e-01
7.129616975000000467e-01 6.462432500000001023e-02 4.705070724999999565e-01
7.248146000000000866e-01 6.671082500000000137e-02 4.679979249999999813e-01
7.355742499999999851e-01 6.870104999999999962e-02 4.657348749999999926e-01
7.118235500000000826e-01 7.460982000000000725e-02 4.684654500000000055e-01
7.238482000000000527e-01 7.546039499999999955e-02 4.671876249999999953e-01
7.347636250000000313e-01 7.636532000000000042e-02 4.658434249999999777e-01
7.160076400000000563e-01 8.317735000000001100e-02 4.718619474999999897e-01
7.247632000000000518e-01 8.404285000000000228e-02 4.709917549999999564e-01
7.344697250000000732e-01 8.555077500000000945e-02 4.701181199999999727e-01
7.169837500000000308e-01 9.328362500000000890e-02 4.717037349999999574e-01
7.243675750000000413e-01 9.473457500000000142e-02 4.709869199999999756e-01
7.314740750000000569e-01 9.659257499999999996e-02 4.703920199999999663e-01
7.164163024999999907e-01 1.029607500000000037e-01 4.748572999999999822e-01
7.228963000000000472e-01 1.046275000000000122e-01 4.743492099999999656e-01
7.293491250000000425e-01 1.067760000000000098e-01 4.739457099999999645e-01
7.152989100000000100e-01 1.107187500000000047e-01 4.803432749999999585e-01
7.213031500000000040e-01 1.127447500000000047e-01 4.801518499999999912e-01
7.271965750000000117e-01 1.151324999999999987e-01 4.800093749999999604e-01
7.119410500000000752e-01 1.199147500000000144e-01 4.798257999999999690e-01
7.179894749999999881e-01 1.223787500000000084e-01 4.795319000000000109e-01
7.238453000000000248e-01 1.251160000000000050e-01 4.793179750000000072e-01
7.075344000000000078e-01 1.292017500000000041e-01 4.821938499999999794e-01
7.133214199999999838e-01 1.316182499999999922e-01 4.819099249999999612e-01
7.189935000000000631e-01 1.341657500000000003e-01 4.817128749999999848e-01
7.041581250000000791e-01 1.373807499999999959e-01 4.888100499999999959e-01
7.099621249999999995e-01 1.393282499999999868e-01 4.883707749999999792e-01
7.157767300000000832e-01 1.413155000000000105e-01 4.880124249999999719e-01
7.026087250000000450e-01 1.429647500000000016e-01 4.985094999999999943e-01
7.085409249999999881e-01 1.442742499999999928e-01 4.978107499999999686e-01
7.144910622500000308e-01 1.455695000000000183e-01 4.971787500000000026e-01
7.029358749999999878e-01 1.468855000000000022e-01 5.091742499999999394e-01
7.092229250000000595e-01 1.465242500000000225e-01 5.082697499999999646e-01
7.151274425000000434e-01 1.470842499999999997e-01 5.071444999999999981e-01
7.148060375000000466e-01 1.480270000000000197e-01 5.223639999999999395e-01
7.163609400000000571e-01 1.473070000000000213e-01 5.201200000000000268e-01
7.214238500000000887e-01 1.458957499999999907e-01 5.168827499999999464e-01
7.218081000000000635e-01 1.393737500000000185e-01 5.314170000000000282e-01
7.239914250000000218e-01 1.390310000000000157e-01 5.283627499999999921e-01
7.280276250000000671e-01 1.382300000000000195e-01 5.237990000000000146e-01
7.279319499999999943e-01 1.348192500000000016e-01 5.382399999999999407e-01
7.318452750000000728e-01 1.338015000000000176e-01 5.344084999999999530e-01
7.363299250000000518e-01 1.321917499999999968e-01 5.309062500000000240e-01
7.317699500000000024e-01 1.300020000000000064e-01 5.416797500000000154e-01
7.362668750000000983e-01 1.282105000000000050e-01 5.384225000000000261e-01
7.407332500000000097e-01 1.263762499999999955e-01 5.350989999999999913e-01
7.295110250000000907e-01 1.268615000000000159e-01 5.343729999999999869e-01
7.344069500000000028e-01 1.247997500000000148e-01 5.319542499999999619e-01
7.389620500000000369e-01 1.224890000000000145e-01 5.292630000000000390e-01
7.226307750000000585e-01 1.247797499999999948e-01 5.268760000000000110e-01
7.274895500000000403e-01 1.224159999999999970e-01 5.239365000000000272e-01
7.318549500000000041e-01 1.198692500000000105e-01 5.212964999999999405e-01
7.157194700000000243e-01 1.253332500000000072e-01 5.176497500000000196e-01
7.202988750000000051e-01 1.222995000000000054e-01 5.152179999999999538e-01
7.246079750000000708e-01 1.196969999999999978e-01 5.126662499999999900e-01
7.122900625000000430e-01 1.309207500000000024e-01 5.070054999999999978e-01
7.159716975000000039e-01 1.265897500000000009e-01 5.053115000000000245e-01
7.197519749999999883e-01 1.227337500000000026e-01 5.033792499999999448e-01
7.094105250000000140e-01 1.333710000000000173e-01 4.982722499999999721e-01
7.130539250000000884e-01 1.288785000000000069e-01 4.968173999999999646e-01
7.166965150000000895e-01 1.244322499999999942e-01 4.951938499999999910e-01
7.067153750000000345e-01 1.357657500000000184e-01 4.909639249999999677e-01
7.101488250000000946e-01 1.310215000000000130e-01 4.894347249999999594e-01
7.135985400000000034e-01 1.263157500000000044e-01 4.877952749999999726e-01
7.023316250000000149e-01 1.362599999999999922e-01 4.848359749999999746e-01
7.052817500000000406e-01 1.311575000000000102e-01 4.828545499999999935e-01
7.081266250000000095e-01 1.260587499999999972e-01 4.808009999999999784e-01
6.957112750000000734e-01 1.361065000000000191e-01 4.819881249999999895e-01
6.975932500000000536e-01 1.306215000000000015e-01 4.794643249999999690e-01
6.994803000000000548e-01 1.252132499999999982e-01 4.770562250000000004e-01
6.880249999999999977e-01 1.355737499999999929e-01 4.822704499999999617e-01
6.890027499999999971e-01 1.298239999999999950e-01 4.796657500000000018e-01
6.899348250000000293e-01 1.240525000000000100e-01 4.771637750000000122e-01
6.803477500000000289e-01 1.368607500000000032e-01 4.806050499999999781e-01
6.799632500000000190e-01 1.310280000000000056e-01 4.776986749999999615e-01
6.795952499999999841e-01 1.251784999999999981e-01 4.748722499999999958e-01
6.742607500000000753e-01 1.412082500000000074e-01 4.766627999999999976e-01
6.727237500000000647e-01 1.353427500000000117e-01 4.737498625000000074e-01
6.712575000000000625e-01 1.295477500000000171e-01 4.709545800000000115e-01
6.661622500000000668e-01 1.460867499999999874e-01 4.753100249999999694e-01
6.643292499999999823e-01 1.398112499999999980e-01 4.727975150000000015e-01
6.623482500000000828e-01 1.335777499999999951e-01 4.704140149999999632e-01
6.578337499999999949e-01 1.500432500000000169e-01 4.782230749999999975e-01
6.556847500000000384e-01 1.432832500000000009e-01 4.757095749999999956e-01
6.535910000000000331e-01 1.364497499999999808e-01 4.731677099999999636e-01
6.510467500000000074e-01 1.531839999999999868e-01 4.842317999999999900e-01
6.482880000000000864e-01 1.456427499999999875e-01 4.818001249999999680e-01
6.458099999999999952e-01 1.382392500000000080e-01 4.793061750000000010e-01
6.453732500000000094e-01 1.550412500000000193e-01 4.916474249999999713e-01
6.422622500000000345e-01 1.466872499999999913e-01 4.890945499999999613e-01
6.397812500000000790e-01 1.387322500000000014e-01 4.864237000000000144e-01
6.358547500000000241e-01 1.552272500000000111e-01 5.000145000000000284e-01
6.355797499999999989e-01 1.461982500000000018e-01 4.990229999999999944e-01
6.359187500000000881e-01 1.372192500000000148e-01 4.964951999999999699e-01
6.337289999999999868e-01 1.528687499999999977e-01 5.075070000000000414e-01
6.335785000000000444e-01 1.450180000000000080e-01 5.072335000000000038e-01
6.334890000000000798e-01 1.372457499999999997e-01 5.068034999999999624e-01
6.350862500000000743e-01 1.522920000000000107e-01 5.190632499999999760e-01
6.351352500000000401e-01 1.453677500000000178e-01 5.202430000000000110e-01
6.353140000000000454e-01 1.385155000000000136e-01 5.214685000000000015e-01
6.402862500000000567e-01 1.523947500000000232e-01 5.286049999999999915e-01
6.413967500000000710e-01 1.467050000000000021e-01 5.315609999999999502e-01
6.426862500000000145e-01 1.411427500000000113e-01 5.346124999999999350e-01
6.492422500000000207e-01 1.547450000000000214e-01 5.338047499999999390e-01
6.515755000000000852e-01 1.499302499999999871e-01 5.372689999999999966e-01
6.540259999999999962e-01 1.451995000000000091e-01 5.408517499999999645e-01
6.571477500000000305e-01 1.594297500000000090e-01 5.400350000000000428e-01
6.595095000000000818e-01 1.547542500000000099e-01 5.434869999999999424e-01
6.618712500000000221e-01 1.501522499999999871e-01 5.470224999999999671e-01
6.678542500000000937e-01 1.622649999999999926e-01 5.469732499999999664e-01
6.697055000000000646e-01 1.572700000000000209e-01 5.501549999999999496e-01
6.713567500000000576e-01 1.521845000000000003e-01 5.533970000000000278e-01
6.789905000000000523e-01 1.654682500000000112e-01 5.513399999999999412e-01
6.813050000000000495e-01 1.607337500000000086e-01 5.548297500000000104e-01
6.836392500000000316e-01 1.559605000000000019e-01 5.583279999999999355e-01
6.907341000000000175e-01 1.671627499999999988e-01 5.525664999999999605e-01
6.931619500000000267e-01 1.626952500000000135e-01 5.559327499999999755e-01
6.957737999999999978e-01 1.582755000000000134e-01 5.593555000000000055e-01
6.999373750000000838e-01 1.643742499999999995e-01 5.480690000000000284e-01
7.026414250000000417e-01 1.598479999999999901e-01 5.514869999999999495e-01
7.054076250000000936e-01 1.554989999999999983e-01 5.549222499999999503e-01
7.064382250000000862e-01 1.583032500000000065e-01 5.403237499999999915e-01
7.090416250000000087e-01 1.543479999999999852e-01 5.440527499999999739e-01
7.115734750000000108e-01 1.505727500000000052e-01 5.478367499999999835e-01
7.106402000000000552e-01 1.506912499999999988e-01 5.321142500000000108e-01
7.132676675000000355e-01 1.475055000000000116e-01 5.365520000000000289e-01
7.156377825000000970e-01 1.446140000000000203e-01 5.405744999999999578e-01
7.121906775000000911e-01 1.397125000000000172e-01 5.256002499999999911e-01
7.151385850000000488e-01 1.378427500000000139e-01 5.306187500000000279e-01
7.180289750000000693e-01 1.359765000000000001e-01 5.354904999999999804e-01
7.171793750000000633e-01 1.272225000000000161e-01 5.219369999999999843e-01
7.186043250000000437e-01 1.277240000000000042e-01 5.254547499999999705e-01
7.198701000000000683e-01 1.280687500000000090e-01 5.282012499999999555e-01
7.251981250000000268e-01 1.217965000000000020e-01 5.186722499999999458e-01
7.272662750000000731e-01 1.231244999999999978e-01 5.233317499999999844e-01
7.294647250000000360e-01 1.239735000000000142e-01 5.270687499999999748e-01
7.343580750000000545e-01 1.188072500000000031e-01 5.148087500000000372e-01
7.366091750000000049e-01 1.208332500000000032e-01 5.199049999999999505e-01
7.389393499999999948e-01 1.229594999999999994e-01 5.250789999999999624e-01
7.454662499999999969e-01 1.197145000000000015e-01 5.093542500000000084e-01
7.480142499999999917e-01 1.219977500000000020e-01 5.144317499999999654e-01
7.503990000000000382e-01 1.243070000000000008e-01 5.195292499999999425e-01
7.590807500000000818e-01 1.216395000000000115e-01 5.026787499999999520e-01
7.605777500000000524e-01 1.242710000000000065e-01 5.079960000000000031e-01
7.620784999999999920e-01 1.269622499999999987e-01 5.133130000000000193e-01
7.724870000000000347e-01 1.247062500000000185e-01 4.965583749999999963e-01
7.734760000000000524e-01 1.278972500000000179e-01 5.016177499999999734e-01
7.745017499999999888e-01 1.311395000000000199e-01 5.066484999999999461e-01
7.864115000000000411e-01 1.281742500000000173e-01 4.904171749999999830e-01
7.868152500000000771e-01 1.319422500000000109e-01 4.953105499999999606e-01
7.872732500000000355e-01 1.357330000000000203e-01 5.001864999999999783e-01
8.000135000000000440e-01 1.323675000000000268e-01 4.852930500000000036e-01
7.998757499999999965e-01 1.363455000000000084e-01 4.901768999999999710e-01
7.999210000000001042e-01 1.404225000000000056e-01 4.950139249999999658e-01
8.091532500000000461e-01 1.355327500000000074e-01 4.809215249999999608e-01
8.098910000000000275e-01 1.400035000000000029e-01 4.854828499999999658e-01
8.107770000000000810e-01 1.445025000000000059e-01 4.899527999999999661e-01
8.188125000000000542e-01 1.357072500000000015e-01 4.773591499999999543e-01
8.203907500000000574e-01 1.403962500000000002e-01 4.816598749999999596e-01
8.220350000000000712e-01 1.450202500000000172e-01 4.858589499999999561e-01
8.285667500000000185e-01 1.310132500000000255e-01 4.753723749999999582e-01
8.305212500000000997e-01 1.357247500000000051e-01 4.796888999999999736e-01
8.323937500000000433e-01 1.404172500000000212e-01 4.839471499999999926e-01
8.408170000000000366e-01 1.254395000000000093e-01 4.733610124999999558e-01
8.428379999999999761e-01 1.303492500000000276e-01 4.778448750000000023e-01
8.447967499999999852e-01 1.352685000000000137e-01 4.822841249999999524e-01
8.526247500000000423e-01 1.190662500000000124e-01 4.711356474999999766e-01
8.543370000000000131e-01 1.245030000000000026e-01 4.759684249999999728e-01
8.560095000000000898e-01 1.300327500000000025e-01 4.808169999999999944e-01
8.642060000000000297e-01 1.129002500000000075e-01 4.695450224999999644e-01
8.657025000000000414e-01 1.190542500000000142e-01 4.748902249999999992e-01
8.671767500000000517e-01 1.254927500000000140e-01 4.803907249999999629e-01
8.741462500000000135e-01 1.070702500000000057e-01 4.681489749999999672e-01
8.763100000000000334e-01 1.138405000000000111e-01 4.742505724999999672e-01
8.780810000000000004e-01 1.209725000000000106e-01 4.803933749999999558e-01
8.826482500000000231e-01 1.001555000000000084e-01 4.662388249999999679e-01
8.849342500000000333e-01 1.084697500000000175e-01 4.733961574999999700e-01
8.865067500000000100e-01 1.170260000000000189e-01 4.805905749999999643e-01
8.926327499999999748e-01 9.577677500000000843e-02 4.658149999999999791e-01
8.942987500000000312e-01 1.046390000000000098e-01 4.731921424999999681e-01
8.958650000000000224e-01 1.136375000000000163e-01 4.807622999999999758e-01
9.035600000000000298e-01 9.478582500000001798e-02 4.672679749999999466e-01
9.046612500000000834e-01 1.021487500000000104e-01 4.733624424999999802e-01
9.051870000000000749e-01 1.096647500000000192e-01 4.795399249999999780e-01
9.148720000000000185e-01 9.322130000000002081e-02 4.683534249999999899e-01
9.157684999999999853e-01 9.982925000000002214e-02 4.738164274999999703e-01
9.164255000000000040e-01 1.065210000000000184e-01 4.793443499999999746e-01
9.377100000000000435e-01 9.552740000000001230e-02 4.749016749999999676e-01
