4.922620000000000329e-01 -5.243049999999999100e-02 4.681016499999999803e-01
5.375127500000000946e-01 -4.146750000000000436e-02 4.674182749999999942e-01
5.372017500000000334e-01 -5.405599999999999294e-02 4.679513750000000027e-01
5.365437500000000970e-01 -6.664324999999998722e-02 4.685005250000000010e-01
5.493215000000000181e-01 -4.128325000000000744e-02 4.673356750000000059e-01
5.493190000000000017e-01 -5.437049999999998828e-02 4.678730500000000125e-01
5.482882500000000325e-01 -6.732949999999998658e-02 4.684517500000000001e-01
5.623627500000000223e-01 -4.192925000000001512e-02 4.672868000000000022e-01
5.620180000000000176e-01 -5.441474999999998396e-02 4.677684249999999877e-01
5.617117500000000652e-01 -6.735924999999998164e-02 4.683271250000000108e-01
5.759907500000001068e-01 -4.259550000000000836e-02 4.677180750000000109e-01
5.754542500000000560e-01 -5.441050000000000053e-02 4.681347499999999884e-01
5.752612500000000573e-01 -6.669775000000000009e-02 4.686434999999999906e-01
5.902535000000000975e-01 -4.262300000000000810e-02 4.668857750000000029e-01
5.892105000000000814e-01 -5.387374999999999803e-02 4.673212250000000068e-01
5.891537500000000316e-01 -6.562299999999998690e-02 4.678119000000000027e-01
6.064895000000000147e-01 -4.240399999999999725e-02 4.668392749999999980e-01
6.041150000000000686e-01 -5.369399999999999173e-02 4.672582499999999861e-01
6.031627500000000808e-01 -6.513725000000000764e-02 4.677228250000000087e-01
6.191572500000001034e-01 -4.148224999999999829e-02 4.667180249999999808e-01
6.173857500000000664e-01 -5.326074999999999560e-02 4.671450500000000061e-01
6.170827500000000132e-01 -6.474674999999999181e-02 4.676066500000000126e-01
6.316872500000000334e-01 -3.992324999999999346e-02 4.664796749999999825e-01
6.304850000000000732e-01 -5.260675000000000767e-02 4.669348500000000124e-01
6.302560000000000384e-01 -6.449150000000000715e-02 4.674237749999999858e-01
6.431547499999999973e-01 -3.858699999999999630e-02 4.670934749999999802e-01
6.418150000000000244e-01 -5.051424999999999665e-02 4.674853999999999954e-01
6.409460000000000157e-01 -6.199925000000000574e-02 4.679055749999999625e-01
6.533785000000000842e-01 -3.850175000000000125e-02 4.685595999999999650e-01
6.517730000000000468e-01 -4.983200000000000129e-02 4.688905999999999907e-01
6.499107500000000925e-01 -6.106899999999998441e-02 4.691620249999999825e-01
6.649080000000000545e-01 -3.897425000000000195e-02 4.696238775000000087e-01
6.624447500000000266e-01 -5.017850000000000088e-02 4.698363399999999634e-01
6.595012500000000388e-01 -6.115824999999999734e-02 4.700121124999999678e-01
6.774189999999999934e-01 -3.960024999999998963e-02 4.710584499999999619e-01
6.755102500000000898e-01 -5.033349999999998936e-02 4.710517025000000024e-01
6.732727500000000864e-01 -6.107124999999999360e-02 4.712803024999999701e-01
6.909543500000000504e-01 -4.003024999999998945e-02 4.727789249999999610e-01
6.893927499999999986e-01 -5.065825000000000189e-02 4.723331399999999847e-01
6.873992500000000172e-01 -6.064875000000000127e-02 4.728155649999999932e-01
7.054826000000000708e-01 -4.053374999999999340e-02 4.735654874999999930e-01
7.038759500000000280e-01 -5.123025000000000495e-02 4.729615574999999628e-01
7.020003250000000916e-01 -6.145375000000000143e-02 4.723018525000000079e-01
7.215493750000000484e-01 -4.178474999999999551e-02 4.733361174999999865e-01
7.191757750000000726e-01 -5.244150000000000200e-02 4.725590699999999700e-01
7.170106250000000125e-01 -6.313150000000000706e-02 4.717750079999999957e-01
7.311241000000000545e-01 -4.308025000000000049e-02 4.735914900000000038e-01
7.302503000000000188e-01 -5.337500000000000577e-02 4.724923950000000095e-01
7.292813750000000095e-01 -6.337874999999998371e-02 4.711952899999999889e-01
7.400457500000000577e-01 -4.303774999999999962e-02 4.735366974999999923e-01
7.400810000000000999e-01 -5.321249999999999591e-02 4.720976144999999846e-01
7.395817500000000377e-01 -6.322724999999998485e-02 4.707181950000000059e-01
7.507955000000000600e-01 -4.268450000000000022e-02 4.730786424999999795e-01
7.506702500000000944e-01 -5.248474999999999668e-02 4.715821899999999567e-01
7.498735000000000817e-01 -6.241649999999998588e-02 4.701317199999999752e-01
7.627680000000000016e-01 -4.329600000000000115e-02 4.720177017499999628e-01
7.620790000000000619e-01 -5.300150000000000694e-02 4.705326974999999856e-01
7.611452499999999954e-01 -6.298224999999998963e-02 4.689898499999999859e-01
7.746822500000000167e-01 -4.304949999999999055e-02 4.708158899999999591e-01
7.749165000000000081e-01 -5.304174999999999862e-02 4.690927749999999619e-01
7.756732500000000918e-01 -6.293350000000000333e-02 4.672791749999999911e-01
7.869225000000000803e-01 -4.232199999999999851e-02 4.694505999999999957e-01
7.869442500000000118e-01 -5.232975000000000820e-02 4.676922499999999761e-01
7.882452500000000084e-01 -6.185450000000000670e-02 4.657864499999999630e-01
7.995337500000000430e-01 -4.156050000000000022e-02 4.686860999999999944e-01
7.988377500000000131e-01 -5.113524999999999321e-02 4.666533249999999522e-01
7.984947500000000309e-01 -6.020124999999998394e-02 4.647001499999999785e-01
8.116955000000000142e-01 -4.279374999999999152e-02 4.688675999999999955e-01
8.088537500000000380e-01 -5.169124999999999415e-02 4.667234749999999988e-01
8.065052500000000624e-01 -6.053374999999999728e-02 4.646471999999999825e-01
8.213557500000000511e-01 -4.642049999999998955e-02 4.694683499999999787e-01
8.170835000000000736e-01 -5.435324999999999185e-02 4.671077750000000028e-01
8.133100000000000884e-01 -6.259100000000000774e-02 4.648888999999999938e-01
8.296682500000001070e-01 -5.319399999999999129e-02 4.704073999999999756e-01
8.242720000000001157e-01 -5.999024999999999497e-02 4.678081499999999782e-01
8.189950000000000285e-01 -6.697349999999999137e-02 4.653777000000000053e-01
8.369110000000000715e-01 -6.194449999999998568e-02 4.705391224999999622e-01
8.309500000000000774e-01 -6.774725000000000885e-02 4.678842249999999869e-01
8.251197500000000407e-01 -7.391449999999999410e-02 4.652266499999999638e-01
8.448760000000000714e-01 -7.038300000000000112e-02 4.702727324999999570e-01
8.376840000000000952e-01 -7.523274999999998713e-02 4.675635249999999798e-01
8.312075000000000990e-01 -8.034649999999998737e-02 4.649400499999999936e-01
8.494367500000000737e-01 -7.998574999999999435e-02 4.702199974999999865e-01
8.419237500000000818e-01 -8.362225000000000907e-02 4.675134999999999708e-01
8.347700000000000120e-01 -8.710799999999999099e-02 4.649153999999999787e-01
8.539060000000000539e-01 -8.929524999999999268e-02 4.722178132499999514e-01
8.454415000000000679e-01 -9.125400000000000178e-02 4.688950749999999945e-01
8.371482500000000382e-01 -9.335974999999999135e-02 4.658113999999999866e-01
8.548782500000000617e-01 -9.883524999999998562e-02 4.784990999999999550e-01
8.459440000000000293e-01 -9.844474999999999754e-02 4.735644374999999906e-01
8.369675000000000864e-01 -9.855074999999999252e-02 4.687622749999999505e-01
8.523225000000000939e-01 -1.095824999999999994e-01 4.824108749999999612e-01
8.431699999999999751e-01 -1.066664999999999974e-01 4.761386249999999820e-01
8.330607500000000165e-01 -1.039927499999999949e-01 4.691594000000000042e-01
8.473410000000000108e-01 -1.179320000000000090e-01 4.854101249999999701e-01
8.380557500000000992e-01 -1.153269999999999851e-01 4.791080749999999666e-01
8.285222500000000156e-01 -1.114607499999999973e-01 4.717805782499999712e-01
8.402647500000000047e-01 -1.276572499999999999e-01 4.849656749999999850e-01
8.325277500000000108e-01 -1.236927499999999902e-01 4.789203749999999538e-01
8.249875000000000957e-01 -1.193652500000000061e-01 4.728079074999999576e-01
8.305552500000000782e-01 -1.386642499999999889e-01 4.847673499999999858e-01
8.245902500000000801e-01 -1.335302499999999892e-01 4.788435499999999512e-01
8.189000000000000723e-01 -1.279432500000000084e-01 4.727895199999999631e-01
8.158200000000001006e-01 -1.471402500000000002e-01 4.849434499999999981e-01
8.125242500000000589e-01 -1.411199999999999954e-01 4.790381499999999959e-01
8.091077500000000144e-01 -1.350942499999999991e-01 4.732432349999999843e-01
8.014817500000001038e-01 -1.500864999999999838e-01 4.852935749999999770e-01
8.008515000000000494e-01 -1.437902500000000083e-01 4.796365999999999685e-01
7.992892500000000622e-01 -1.375887499999999819e-01 4.740019899999999842e-01
7.870550000000000601e-01 -1.528400000000000036e-01 4.835226249999999837e-01
7.878700000000000703e-01 -1.463527500000000037e-01 4.781096999999999708e-01
7.878580000000000583e-01 -1.398817499999999991e-01 4.727508999999999739e-01
7.717092500000000133e-01 -1.547310000000000074e-01 4.786591000000000040e-01
7.740010000000000501e-01 -1.482592500000000091e-01 4.738916049999999935e-01
7.757387500000000324e-01 -1.417057499999999914e-01 4.692076000000000024e-01
7.551990000000000647e-01 -1.522779999999999967e-01 4.738720724999999634e-01
7.594897500000000745e-01 -1.463892499999999985e-01 4.699772224999999581e-01
7.627862499999999990e-01 -1.403252499999999847e-01 4.660130499999999842e-01
7.433217500000000033e-01 -1.479794999999999860e-01 4.712182299999999602e-01
7.482725000000000071e-01 -1.425192499999999862e-01 4.676680249999999872e-01
7.527452500000000324e-01 -1.369642499999999818e-01 4.641843249999999532e-01
7.362840000000000495e-01 -1.396047499999999997e-01 4.713478975000000015e-01
7.415577500000000155e-01 -1.348010000000000042e-01 4.677615749999999850e-01
7.467702500000000798e-01 -1.299524999999999986e-01 4.642671499999999618e-01
7.320832250000000041e-01 -1.298007499999999925e-01 4.724224074999999745e-01
7.375662750000000489e-01 -1.256687499999999957e-01 4.687254750000000025e-01
7.432140000000000413e-01 -1.216059999999999919e-01 4.649521500000000085e-01
7.277684500000000112e-01 -1.200704999999999967e-01 4.734604000000000035e-01
7.330377500000000435e-01 -1.158162499999999817e-01 4.698213199999999867e-01
7.384718000000000115e-01 -1.116552499999999837e-01 4.660820749999999846e-01
7.201095000000000690e-01 -1.065017500000000061e-01 4.755992249999999588e-01
7.256169500000000383e-01 -1.024964999999999904e-01 4.717812367499999993e-01
7.311471250000000088e-01 -9.847300000000000497e-02 4.679580499999999588e-01
7.107957000000000303e-01 -9.343150000000000066e-02 4.761652999999999580e-01
7.161438450000000566e-01 -8.954049999999999510e-02 4.723674975000000109e-01
7.214617500000000128e-01 -8.556900000000000617e-02 4.685980249999999736e-01
7.001768000000000436e-01 -8.095549999999998581e-02 4.752305749999999884e-01
7.055832500000001062e-01 -7.765225000000000599e-02 4.715432649999999892e-01
7.108818250000000782e-01 -7.417150000000000132e-02 4.678324500000000108e-01
6.893299999999999983e-01 -7.085674999999999613e-02 4.728515649999999737e-01
6.950575750000000941e-01 -6.841125000000000678e-02 4.694595749999999623e-01
7.007770750000000826e-01 -6.589949999999999974e-02 4.660864249999999709e-01
6.799432499999999990e-01 -6.226275000000000559e-02 4.675168000000000101e-01
6.860000000000000542e-01 -6.128449999999999176e-02 4.662290499999999782e-01
6.924706000000000472e-01 -5.979324999999999224e-02 4.636679999999999691e-01
6.769752500000000284e-01 -5.188899999999999069e-02 4.661654749999999958e-01
6.837220000000000519e-01 -5.259349999999998748e-02 4.649884999999999713e-01
6.904971500000000040e-01 -5.345949999999999314e-02 4.631488249999999862e-01
6.816092500000000554e-01 -4.209424999999999972e-02 4.697709274999999907e-01
6.872730000000000228e-01 -4.514649999999999219e-02 4.677085749999999598e-01
6.931723250000000336e-01 -4.839949999999999808e-02 4.651669250000000089e-01
6.894953000000000332e-01 -3.687299999999998912e-02 4.719191427499999647e-01
6.946960250000000503e-01 -4.003299999999999914e-02 4.696725800000000062e-01
6.999438749999999931e-01 -4.412750000000000006e-02 4.668462749999999772e-01
6.977773750000000330e-01 -3.203724999999998935e-02 4.742835999999999719e-01
7.029414000000000495e-01 -3.511824999999998975e-02 4.719983201749999857e-01
7.080875000000000918e-01 -3.938799999999999246e-02 4.690350999999999826e-01
7.046594500000000760e-01 -2.668199999999999739e-02 4.768381250000000016e-01
7.099332750000000303e-01 -2.996399999999999064e-02 4.743473649999999653e-01
7.153900225000000557e-01 -3.355749999999999011e-02 4.715992274999999956e-01
7.097757500000000386e-01 -1.947949999999999682e-02 4.765329749999999698e-01
7.154426475000000840e-01 -2.212224999999999608e-02 4.740403300000000097e-01
7.212752749999999935e-01 -2.444049999999999001e-02 4.713416474999999606e-01
7.116905000000000037e-01 -1.109199999999999076e-02 4.749745750000000100e-01
7.175735750000000746e-01 -1.251324999999998966e-02 4.722419800000000056e-01
7.234878000000000142e-01 -1.353899999999999548e-02 4.693275749999999968e-01
7.109230000000000826e-01 -1.724499999999989930e-03 4.734544649999999910e-01
7.168436049999999948e-01 -1.426999999999997715e-03 4.703828899999999980e-01
7.227711250000000698e-01 -8.414999999999950298e-04 4.671277249999999936e-01
7.059218999999999911e-01 9.204000000000003845e-03 4.731198624999999880e-01
7.116570750000000833e-01 1.091025000000001022e-02 4.698039599999999649e-01
7.173032250000000998e-01 1.245175000000000448e-02 4.664530000000000065e-01
7.005704750000000258e-01 1.880950000000000677e-02 4.741906174999999668e-01
7.066331500000000432e-01 2.160750000000000171e-02 4.705298800000000115e-01
7.123846325000000590e-01 2.426000000000000378e-02 4.669269749999999664e-01
6.958257750000000907e-01 2.742775000000000768e-02 4.758117749999999924e-01
7.027229500000000684e-01 3.129100000000000631e-02 4.715842024999999937e-01
7.091894499999999990e-01 3.459900000000000475e-02 4.675064999999999915e-01
6.894932250000000984e-01 3.598025000000000528e-02 4.754403249999999970e-01
6.986436000000000313e-01 4.096475000000000116e-02 4.699501700000000004e-01
7.069963250000000921e-01 4.561650000000000427e-02 4.646805999999999992e-01
6.848800000000000443e-01 4.379525000000000085e-02 4.751019249999999805e-01
6.950275750000000086e-01 4.769250000000000572e-02 4.701305624999999599e-01
7.042088250000000382e-01 5.150175000000000586e-02 4.657451999999999703e-01
6.877230000000000842e-01 5.142750000000000099e-02 4.785109750000000051e-01
6.951402500000000151e-01 5.442300000000000609e-02 4.749632749999999626e-01
7.033206250000000326e-01 5.825127500000000513e-02 4.715011624999999595e-01
6.865845000000000420e-01 6.000972499999999987e-02 4.801390249999999971e-01
6.927938500000000444e-01 6.317762500000000114e-02 4.772314249999999869e-01
6.988206750000000023e-01 6.653827500000000783e-02 4.747702749999999638e-01
6.872480000000000810e-01 6.846230000000000371e-02 4.847241999999999940e-01
6.921473250000000910e-01 7.111950000000000216e-02 4.826853500000000130e-01
6.977244250000000925e-01 7.436821750000000009e-02 4.805454000000000114e-01
6.892290000000000916e-01 7.424972000000000516e-02 4.912181499999999645e-01
6.930966000000000626e-01 7.643678250000000840e-02 4.903379999999999961e-01
6.983666750000000478e-01 7.949635000000000729e-02 4.885589249999999772e-01
6.856277500000000913e-01 8.228032500000000138e-02 4.949810000000000043e-01
6.901987750000000421e-01 8.467884999999999995e-02 4.937771999999999717e-01
6.955263250000000008e-01 8.784305000000000585e-02 4.920280499999999946e-01
6.839467500000000477e-01 9.035769999999999913e-02 5.020854999999999624e-01
6.882197500000000190e-01 9.135972500000000274e-02 5.009252499999999886e-01
6.934678250000000377e-01 9.402075000000000016e-02 4.989912499999999973e-01
6.864850000000000119e-01 9.340475000000000860e-02 5.127527499999999794e-01
6.905741499999999977e-01 9.429830000000000156e-02 5.102805000000000257e-01
6.956149500000000652e-01 9.633255000000000290e-02 5.074757500000000032e-01
6.913238750000000321e-01 9.075825000000001253e-02 5.225164999999999393e-01
6.960028249999999916e-01 9.229992500000000488e-02 5.189964999999999717e-01
7.006866750000000366e-01 9.386297500000000127e-02 5.154697499999999488e-01
6.982034000000000296e-01 8.661472500000000352e-02 5.301172499999999843e-01
7.024503500000000011e-01 8.690072500000001199e-02 5.254692499999999988e-01
7.066823500000000147e-01 8.803755000000000608e-02 5.213847499999999524e-01
7.130119925000000247e-01 7.817040000000000100e-02 5.309884999999999744e-01
7.131832125000000522e-01 7.907782500000000436e-02 5.283390000000000031e-01
7.154430375000000453e-01 7.971120000000000982e-02 5.226637499999999825e-01
7.174940499999999943e-01 6.534190000000000831e-02 5.291082499999999467e-01
7.180482250000000954e-01 6.618330000000000046e-02 5.256777499999999437e-01
7.195419250000000266e-01 6.736537500000000511e-02 5.199205000000000076e-01
7.220255750000000861e-01 5.612635000000000540e-02 5.293904999999999861e-01
7.235510250000000143e-01 5.601310000000000316e-02 5.241879999999999873e-01
7.255429500000000198e-01 5.518140000000000545e-02 5.189787499999999332e-01
7.238536500000000151e-01 4.906330000000000413e-02 5.293529999999999625e-01
7.257479500000000305e-01 4.689200000000000312e-02 5.246665000000000356e-01
7.272405750000000557e-01 4.441174999999999984e-02 5.209564999999999335e-01
7.169698500000000196e-01 4.624324999999999963e-02 5.241624999999999757e-01
7.197138250000000292e-01 4.406350000000000544e-02 5.202592499999999509e-01
7.216953000000000396e-01 4.167325000000000196e-02 5.154552500000000315e-01
7.073516750000000686e-01 4.879425000000000429e-02 5.197107499999999991e-01
7.098217750000000992e-01 4.649550000000000904e-02 5.149332500000000090e-01
7.122243950000000101e-01 4.460175000000000944e-02 5.100947499999999302e-01
6.988481250000000422e-01 5.537519999999999942e-02 5.130744999999999889e-01
7.013174500000000089e-01 5.183357500000000673e-02 5.089337499999999626e-01
7.034933000000000991e-01 4.885850000000000609e-02 5.047687499999999883e-01
6.942922500000000552e-01 6.354869999999999963e-02 5.038257499999999611e-01
6.959399750000000440e-01 5.857642500000000141e-02 5.011132499999999546e-01
6.976855000000000695e-01 5.413725000000000481e-02 4.980592500000000089e-01
6.901047750000000036e-01 6.744139999999999857e-02 4.958617750000000046e-01
6.918395000000000516e-01 6.222377500000000200e-02 4.936262499999999886e-01
6.933845750000000585e-01 5.703017500000000239e-02 4.912859250000000122e-01
6.854419999999999957e-01 7.011135000000000284e-02 4.902794500000000055e-01
6.869402500000000300e-01 6.482537500000000452e-02 4.878753000000000117e-01
6.878507500000000663e-01 5.952390000000000458e-02 4.863509500000000041e-01
6.813010000000000455e-01 7.282587000000000088e-02 4.843460749999999870e-01
6.819090000000000984e-01 6.716695000000000304e-02 4.819892249999999656e-01
6.822050000000000614e-01 6.161015000000000241e-02 4.797744499999999634e-01
6.751215000000000410e-01 7.524748250000000416e-02 4.826933749999999801e-01
6.742302500000000309e-01 6.964892500000000042e-02 4.800097999999999865e-01
6.733855000000000812e-01 6.409767500000000673e-02 4.774897499999999906e-01
6.681942499999999896e-01 7.769605000000000261e-02 4.845004749999999860e-01
6.661917500000000825e-01 7.222731000000000290e-02 4.820032499999999942e-01
6.641807500000000974e-01 6.673582499999999862e-02 4.796399749999999962e-01
6.619887500000000147e-01 8.207994999999999874e-02 4.843091749999999807e-01
6.584145000000000136e-01 7.732110000000000372e-02 4.817120249999999881e-01
6.549602500000000216e-01 7.246842000000000561e-02 4.792054499999999773e-01
6.586300000000000487e-01 8.875365000000000337e-02 4.813596250000000132e-01
6.538065000000000682e-01 8.482567500000000316e-02 4.788599000000000050e-01
6.491525000000000212e-01 8.088040000000000507e-02 4.764087999999999656e-01
6.550417500000000892e-01 9.708412499999999334e-02 4.809598499999999666e-01
6.494575000000000209e-01 9.341214999999999935e-02 4.788899249999999941e-01
6.438332500000000236e-01 8.989305000000000212e-02 4.768827999999999956e-01
6.517789999999999973e-01 1.051580000000000015e-01 4.845169749999999609e-01
6.454247500000001025e-01 1.016792499999999988e-01 4.825143749999999954e-01
6.391275000000000706e-01 9.801360000000000627e-02 4.804223249999999834e-01
6.496882500000000782e-01 1.119845000000000007e-01 4.906814999999999927e-01
6.422042500000000320e-01 1.086022499999999974e-01 4.889426499999999787e-01
6.351017500000000204e-01 1.049747500000000056e-01 4.870265500000000025e-01
6.478012499999999951e-01 1.176669999999999938e-01 4.980049999999999755e-01
6.393760000000000554e-01 1.140822499999999962e-01 4.962870249999999928e-01
6.317667500000000436e-01 1.102312500000000028e-01 4.942809999999999704e-01
6.420645000000000380e-01 1.255104999999999971e-01 5.057249999999999801e-01
6.349752500000001021e-01 1.196954999999999963e-01 5.058525000000000382e-01
6.283582500000000071e-01 1.134020000000000028e-01 5.047199999999999465e-01
6.392477500000000035e-01 1.266202499999999898e-01 5.129920000000000035e-01
6.330892500000000478e-01 1.218262499999999970e-01 5.136735000000000051e-01
6.270837500000000508e-01 1.170667499999999972e-01 5.145372499999999460e-01
6.398565000000000502e-01 1.271587499999999871e-01 5.221367500000000383e-01
6.346862500000000074e-01 1.229905000000000026e-01 5.243560000000000443e-01
6.296384999999999899e-01 1.188589999999999924e-01 5.266402500000000320e-01
6.439377500000000865e-01 1.236125000000000002e-01 5.279357500000000369e-01
6.407787500000000636e-01 1.192392499999999911e-01 5.313437500000000036e-01
6.378235000000000987e-01 1.148440000000000016e-01 5.347020000000000106e-01
6.501540000000000097e-01 1.180839999999999945e-01 5.266355000000000341e-01
6.482032500000000086e-01 1.131112499999999965e-01 5.297189999999999399e-01
6.463522500000000726e-01 1.080262499999999903e-01 5.327412499999999440e-01
6.584915000000000074e-01 1.135522500000000073e-01 5.276517499999999750e-01
6.566112500000000907e-01 1.086084999999999967e-01 5.306962499999999805e-01
6.547160000000000757e-01 1.035982500000000028e-01 5.337382499999999697e-01
6.667167500000000802e-01 1.074232499999999979e-01 5.332097499999999268e-01
6.642845000000000555e-01 1.026237499999999997e-01 5.360552499999999831e-01
6.615295000000001036e-01 9.779977500000000545e-02 5.387859999999999872e-01
6.754890000000000061e-01 1.029174999999999951e-01 5.407094999999999541e-01
6.739275000000000126e-01 9.782109999999999417e-02 5.441007500000000219e-01
6.721532500000000354e-01 9.268017500000000353e-02 5.474134999999999973e-01
6.850970000000000670e-01 9.740692500000000531e-02 5.448592500000000172e-01
6.841387500000000177e-01 9.236702500000000537e-02 5.482032500000000308e-01
6.832060000000000910e-01 8.718815000000000592e-02 5.515664999999999596e-01
6.916503250000000103e-01 8.989622499999999627e-02 5.419247499999999551e-01
6.912037500000000056e-01 8.446765000000000523e-02 5.451407499999999517e-01
6.907913750000000963e-01 7.914150000000000351e-02 5.483919999999999906e-01
6.949016500000000374e-01 8.128470000000000140e-02 5.348147500000000054e-01
6.945951750000000091e-01 7.618919999999999859e-02 5.381019999999999692e-01
6.943051500000000376e-01 7.126119999999999677e-02 5.414697499999999719e-01
6.996929250000000211e-01 7.424954749999999881e-02 5.271552499999999641e-01
6.996493000000000295e-01 6.935910000000000686e-02 5.308077500000000226e-01
6.995799249999999914e-01 6.493107500000000476e-02 5.341747500000000315e-01
7.073870500000000172e-01 6.788392500000001162e-02 5.191302500000000153e-01
7.074821250000000727e-01 6.351127500000000592e-02 5.233404999999999863e-01
7.074486000000000940e-01 5.933900000000000285e-02 5.275429999999999842e-01
7.158816525000000208e-01 5.934642500000000820e-02 5.115379999999999372e-01
7.151532624999999976e-01 5.787270000000000608e-02 5.151569999999999760e-01
7.149963725000000325e-01 5.711477500000000651e-02 5.178917499999999841e-01
7.255223750000000527e-01 5.810407500000000502e-02 5.074855000000000338e-01
7.265762000000000054e-01 5.755045000000000299e-02 5.126897499999999441e-01
7.272336249999999946e-01 5.672227500000000255e-02 5.153109999999999635e-01
7.352713500000001012e-01 5.602412500000000795e-02 5.027460000000000262e-01
7.368271000000000681e-01 5.581602500000000522e-02 5.079627500000000184e-01
7.389629500000000073e-01 5.651962500000000389e-02 5.120862499999999651e-01
7.469122500000000553e-01 5.729877500000001012e-02 4.978349999999999720e-01
7.494447499999999929e-01 5.670250000000000290e-02 5.033242500000000286e-01
7.519210000000000615e-01 5.603125000000000466e-02 5.087872500000000242e-01
7.620390000000000219e-01 5.832670000000000909e-02 4.907582999999999807e-01
7.636600000000000055e-01 5.823600000000000998e-02 4.966528249999999645e-01
7.652782500000000487e-01 5.811817500000000802e-02 5.025165000000000326e-01
7.781299999999999883e-01 5.915180000000000438e-02 4.853542499999999871e-01
7.788850000000000495e-01 5.973282500000001022e-02 4.913328999999999613e-01
7.797285000000000466e-01 6.032035000000000868e-02 4.972719999999999918e-01
7.931770000000000209e-01 5.994565000000001004e-02 4.811356999999999995e-01
7.933912499999999923e-01 6.125995000000000745e-02 4.871710999999999681e-01
7.936332500000000678e-01 6.259762500000000396e-02 4.931636749999999680e-01
8.079592500000000177e-01 6.426790000000001668e-02 4.790021749999999745e-01
8.069595000000000518e-01 6.559590000000001253e-02 4.851328500000000044e-01
8.060945000000000471e-01 6.705862500000001059e-02 4.912941999999999587e-01
8.170945000000000569e-01 6.991400000000000392e-02 4.771951249999999978e-01
8.165815000000000712e-01 7.152010750000001305e-02 4.834453499999999959e-01
8.163437500000000346e-01 7.330902000000001639e-02 4.895992999999999595e-01
8.253260000000000041e-01 7.483472750000001728e-02 4.747388999999999637e-01
8.254710000000000658e-01 7.685535000000001671e-02 4.809873749999999948e-01
8.255430000000000268e-01 7.884632500000000876e-02 4.871299000000000046e-01
8.360490000000000421e-01 7.534126000000000711e-02 4.715162249999999555e-01
8.360775000000000290e-01 7.738440000000000596e-02 4.778818249999999823e-01
8.360325000000000673e-01 7.939990000000000936e-02 4.841509749999999834e-01
8.493965000000001098e-01 7.696875000000001632e-02 4.688504999999999479e-01
8.489160000000000039e-01 7.899860000000001603e-02 4.754800999999999611e-01
8.483767500000000128e-01 8.101860000000001005e-02 4.820409499999999681e-01
8.625180000000000069e-01 7.819887500000001490e-02 4.666833999999999705e-01
8.611182500000000850e-01 8.022310000000001939e-02 4.737253300000000000e-01
8.596327500000000565e-01 8.228125000000001410e-02 4.808325249999999551e-01
8.759280000000000399e-01 7.968067500000002024e-02 4.662045999999999690e-01
8.737187500000000995e-01 8.179357500000000725e-02 4.738351324999999781e-01
8.711697500000000760e-01 8.398452500000001819e-02 4.817721749999999692e-01
8.867234999999999978e-01 8.082255000000002076e-02 4.664009499999999808e-01
8.844217500000000065e-01 8.324717500000002046e-02 4.750817999999999985e-01
8.813352500000000145e-01 8.565002500000001850e-02 4.838669999999999916e-01
8.963510000000000089e-01 8.116747500000001669e-02 4.655140499999999570e-01
8.927540000000000475e-01 8.395555000000001766e-02 4.757020499999999874e-01
8.885587500000000638e-01 8.668045000000001998e-02 4.858083999999999736e-01
9.054889999999999883e-01 8.175542500000002044e-02 4.680427749999999665e-01
9.008602500000000290e-01 8.456652500000001738e-02 4.783212499999999756e-01
8.964134999999999742e-01 8.740905000000001590e-02 4.888300249999999458e-01
9.143037500000000817e-01 8.321640000000002368e-02 4.736832724999999744e-01
9.102502500000000385e-01 8.550875000000002224e-02 4.820830999999999866e-01
9.058960000000000345e-01 8.776200000000002055e-02 4.903766999999999987e-01
9.241842500000000404e-01 8.457165000000001209e-02 4.789384749999999746e-01
9.205275000000000540e-01 8.661742500000001177e-02 4.864482999999999446e-01
9.167252500000000470e-01 8.865487500000002186e-02 4.939411749999999546e-01
9.408585000000000420e-01 8.887740000000002305e-02 4.952925749999999572e-01
