8.246422500000000211e-01 6.916972500000001522e-02 4.690514499999999809e-01
8.491622500000000073e-01 2.958800000000001013e-02 4.684256499999999712e-01
8.372652500000000719e-01 2.614175000000001220e-02 4.677833750000000013e-01
8.253532500000000383e-01 2.269450000000001327e-02 4.671455249999999504e-01
8.524897500000000461e-01 1.855300000000001392e-02 4.679651749999999555e-01
8.405727499999999797e-01 1.504925000000001400e-02 4.673226999999999798e-01
8.286189999999999944e-01 1.163500000000001339e-02 4.666804249999999543e-01
8.557025000000000325e-01 7.653250000000014208e-03 4.674587999999999521e-01
8.438927500000000803e-01 4.169250000000013223e-03 4.668329749999999834e-01
8.321102500000000513e-01 9.232500000000143370e-04 4.661991499999999511e-01
8.587690000000000046e-01 -2.869749999999976486e-03 4.669367999999999852e-01
8.474652500000000588e-01 -6.141249999999986997e-03 4.663364749999999725e-01
8.360875000000000945e-01 -9.111999999999981226e-03 4.656995999999999913e-01
8.620387500000000758e-01 -1.387474999999997738e-02 4.664468999999999976e-01
8.507755000000000178e-01 -1.646449999999997915e-02 4.658704249999999769e-01
8.396147500000000763e-01 -1.878999999999998727e-02 4.652598749999999894e-01
8.649327500000000279e-01 -2.570049999999998724e-02 4.660411499999999596e-01
8.536657500000000010e-01 -2.703399999999997472e-02 4.654994749999999959e-01
8.424350000000000449e-01 -2.811574999999998103e-02 4.649383500000000002e-01
8.668542500000000484e-01 -3.619024999999997938e-02 4.658605499999999844e-01
8.558015000000001038e-01 -3.731074999999997588e-02 4.652969750000000015e-01
8.443964999999999943e-01 -3.750724999999997811e-02 4.647612749999999737e-01
8.672857500000000774e-01 -4.598124999999998741e-02 4.658464249999999529e-01
8.561745000000000605e-01 -4.599824999999997666e-02 4.652549500000000005e-01
8.449122500000000313e-01 -4.563299999999997913e-02 4.647389749999999986e-01
8.667257500000000725e-01 -5.550199999999999578e-02 4.659604499999999705e-01
8.557462500000000416e-01 -5.469849999999998325e-02 4.653381999999999796e-01
8.446025000000000338e-01 -5.379899999999998572e-02 4.648245999999999767e-01
8.654657500000000336e-01 -6.504250000000000309e-02 4.661038499999999862e-01
8.545382500000000547e-01 -6.354399999999998938e-02 4.655142249999999482e-01
8.434814999999999952e-01 -6.220400000000000929e-02 4.649915499999999757e-01
8.638900000000000468e-01 -7.457125000000000559e-02 4.663787249999999940e-01
8.531292500000000611e-01 -7.244074999999999820e-02 4.657800999999999747e-01
8.424675000000000358e-01 -7.179674999999999252e-02 4.652542749999999949e-01
8.632159999999999833e-01 -8.589574999999999294e-02 4.665532499999999749e-01
8.525090000000000723e-01 -8.399575000000000791e-02 4.659945749999999665e-01
8.418432500000000429e-01 -8.329274999999999873e-02 4.654190500000000008e-01
8.627137500000000570e-01 -9.933349999999999125e-02 4.666591999999999962e-01
8.521322500000000355e-01 -9.792899999999998828e-02 4.659711500000000006e-01
8.416440000000000587e-01 -9.715199999999998837e-02 4.652099749999999978e-01
8.624905000000000488e-01 -1.124809999999999977e-01 4.668646749999999512e-01
8.519015000000000892e-01 -1.123252499999999876e-01 4.660638500000000017e-01
8.415072500000000399e-01 -1.108240000000000058e-01 4.652117249999999649e-01
8.621440000000000214e-01 -1.238309999999999966e-01 4.675195249999999914e-01
8.516030000000001099e-01 -1.236587499999999840e-01 4.663393499999999858e-01
8.412275000000000169e-01 -1.224822499999999870e-01 4.651915499999999537e-01
8.615384999999999849e-01 -1.344094999999999873e-01 4.688195999999999475e-01
8.511827499999999880e-01 -1.338415000000000021e-01 4.671561249999999776e-01
8.409165000000000667e-01 -1.328354999999999952e-01 4.656337749999999720e-01
8.606025000000000480e-01 -1.449432499999999957e-01 4.698178874999999755e-01
8.502947499999999881e-01 -1.438159999999999994e-01 4.684454499999999855e-01
8.400675000000000781e-01 -1.426212500000000050e-01 4.673252249999999552e-01
8.587027500000000702e-01 -1.555070000000000063e-01 4.704968324999999618e-01
8.488022500000000914e-01 -1.536872499999999975e-01 4.691710999999999521e-01
8.386030000000000983e-01 -1.522792500000000049e-01 4.677326749999999866e-01
8.561877500000001362e-01 -1.657500000000000084e-01 4.708184699999999889e-01
8.463982500000000186e-01 -1.639660000000000006e-01 4.691398249999999548e-01
8.363620000000000498e-01 -1.627042499999999947e-01 4.674095499999999515e-01
8.534765000000000823e-01 -1.763644999999999796e-01 4.700745624999999595e-01
8.436107500000000758e-01 -1.749274999999999858e-01 4.684241249999999690e-01
8.335967500000001085e-01 -1.738534999999999942e-01 4.666763499999999620e-01
8.509387500000000770e-01 -1.870269999999999988e-01 4.691366249999999738e-01
8.412495000000000944e-01 -1.858544999999999781e-01 4.675323750000000000e-01
8.312777500000000375e-01 -1.850769999999999915e-01 4.657890249999999677e-01
8.498660000000000103e-01 -1.971744999999999748e-01 4.685139499999999568e-01
8.394880000000000120e-01 -1.972669999999999702e-01 4.667494249999999956e-01
8.295330000000000759e-01 -1.982244999999999702e-01 4.649575749999999563e-01
8.501807500000000406e-01 -2.069819999999999993e-01 4.680756999999999834e-01
8.402792500000000331e-01 -2.068619999999999903e-01 4.666517749999999909e-01
8.309547500000000753e-01 -2.070445000000000202e-01 4.653749499999999539e-01
8.502652500000000835e-01 -2.171219999999999817e-01 4.681428749999999583e-01
8.407697500000000934e-01 -2.156445000000000167e-01 4.670206749999999962e-01
8.314552500000000901e-01 -2.142419999999999880e-01 4.659461249999999888e-01
8.481060000000000265e-01 -2.274795000000000011e-01 4.676075249999999683e-01
8.392670000000000963e-01 -2.241070000000000007e-01 4.669089749999999484e-01
8.304545000000000954e-01 -2.208120000000000083e-01 4.661863249999999570e-01
8.428385000000000460e-01 -2.363244999999999929e-01 4.664559999999999818e-01
8.349940000000000140e-01 -2.312044999999999795e-01 4.661318499999999587e-01
8.271935000000000260e-01 -2.261469999999999869e-01 4.657496250000000004e-01
8.355295000000000361e-01 -2.426719999999999988e-01 4.647148249999999980e-01
8.287032500000000024e-01 -2.363669999999999938e-01 4.645959749999999944e-01
8.219300000000000495e-01 -2.300419999999999687e-01 4.643436499999999967e-01
8.278647500000000381e-01 -2.465094999999999925e-01 4.654978249999999762e-01
8.211820000000000785e-01 -2.400169999999999804e-01 4.650520749999999537e-01
8.151455000000000783e-01 -2.332445000000000213e-01 4.646522999999999626e-01
8.214987500000000553e-01 -2.503569999999999962e-01 4.690706499999999779e-01
8.143162500000000747e-01 -2.437394999999999978e-01 4.682483749999999945e-01
8.080822500000000019e-01 -2.366170000000000218e-01 4.671521750000000028e-01
8.123400000000000620e-01 -2.560744999999999827e-01 4.748889249999999618e-01
8.057935000000000514e-01 -2.483270000000000199e-01 4.730700599999999589e-01
8.000697500000000240e-01 -2.405019999999999936e-01 4.710898374999999971e-01
7.995297500000000390e-01 -2.606645000000000212e-01 4.824663249999999737e-01
7.948085000000000289e-01 -2.516444999999999932e-01 4.791414999999999980e-01
7.906457500000000360e-01 -2.427345000000000197e-01 4.759353000000000056e-01
7.829930000000000501e-01 -2.620870000000000144e-01 4.880359999999999698e-01
7.819027500000000908e-01 -2.527820000000000067e-01 4.832683249999999986e-01
7.813045000000000684e-01 -2.433270000000000155e-01 4.784718000000000027e-01
7.686395000000000310e-01 -2.607444999999999902e-01 4.899293999999999594e-01
7.696945000000000592e-01 -2.519770000000000065e-01 4.848489249999999862e-01
7.714015000000000732e-01 -2.429720000000000213e-01 4.795047000000000059e-01
7.564580000000000748e-01 -2.564644999999999841e-01 4.875671249999999901e-01
7.590627500000000083e-01 -2.485519999999999952e-01 4.827269249999999734e-01
7.619300000000001072e-01 -2.407194999999999752e-01 4.777154499999999859e-01
7.458302500000000279e-01 -2.502519999999999745e-01 4.852975250000000074e-01
7.497960000000000180e-01 -2.433770000000000100e-01 4.807442499999999841e-01
7.538217500000000681e-01 -2.365570000000000173e-01 4.760639999999999872e-01
7.371767500000000473e-01 -2.419094999999999995e-01 4.844552999999999776e-01
7.419572500000000126e-01 -2.360419999999999741e-01 4.800986499999999602e-01
7.467580000000000329e-01 -2.301269999999999705e-01 4.756160499999999569e-01
7.260780250000000713e-01 -2.308095000000000008e-01 4.819321500000000036e-01
7.320812500000000167e-01 -2.261969999999999814e-01 4.778936249999999886e-01
7.381507750000000367e-01 -2.215670000000000139e-01 4.737586099999999689e-01
7.178185000000000260e-01 -2.173069999999999724e-01 4.791194249999999877e-01
7.247960250000000659e-01 -2.142069999999999808e-01 4.754381999999999775e-01
7.317678000000000793e-01 -2.109944999999999737e-01 4.716923349999999626e-01
7.130248250000000843e-01 -2.025494999999999934e-01 4.766311500000000034e-01
7.202162250000000432e-01 -2.009695000000000231e-01 4.730272349999999904e-01
7.273378000000000343e-01 -1.989695000000000213e-01 4.693165249999999844e-01
7.099772750000000743e-01 -1.892645000000000022e-01 4.741704099999999866e-01
7.173677750000000408e-01 -1.882145000000000068e-01 4.706840299999999755e-01
7.247674000000000616e-01 -1.870844999999999869e-01 4.671789749999999963e-01
7.081852750000000585e-01 -1.753727499999999939e-01 4.719555839999999836e-01
7.157314775000001017e-01 -1.748502499999999849e-01 4.689717499999999650e-01
7.233597000000000499e-01 -1.741989999999999927e-01 4.659711500000000006e-01
7.073122000000000575e-01 -1.613872499999999821e-01 4.705585199999999801e-01
7.151037075000000742e-01 -1.612342499999999956e-01 4.681022999999999712e-01
7.229913250000000735e-01 -1.610132499999999967e-01 4.656216999999999717e-01
7.074076250000000954e-01 -1.472689999999999833e-01 4.698381124999999603e-01
7.151358400000000781e-01 -1.473727499999999968e-01 4.677897249999999896e-01
7.228726750000000756e-01 -1.474155000000000049e-01 4.657849249999999608e-01
7.079874750000000327e-01 -1.333377500000000049e-01 4.697254774999999882e-01
7.154620925000000353e-01 -1.336512499999999992e-01 4.680032749999999964e-01
7.229380000000000805e-01 -1.337649999999999950e-01 4.663172499999999610e-01
7.088313000000000530e-01 -1.197499999999999953e-01 4.696701299999999635e-01
7.159277274999999996e-01 -1.202177499999999843e-01 4.680553249999999665e-01
7.230815250000000027e-01 -1.202322499999999850e-01 4.664455750000000012e-01
7.081954250000001005e-01 -1.094657500000000006e-01 4.698451274999999594e-01
7.154304450000000815e-01 -1.093662499999999982e-01 4.681950749999999606e-01
7.226090500000000860e-01 -1.092744999999999966e-01 4.665551749999999886e-01
7.076076000000000032e-01 -9.896024999999999960e-02 4.700553399999999882e-01
7.149146650000000047e-01 -9.891274999999999373e-02 4.682356500000000032e-01
7.221802250000000090e-01 -9.891125000000000611e-02 4.664205999999999630e-01
7.072849750000000935e-01 -8.819024999999999781e-02 4.699244674999999982e-01
7.144687078500000510e-01 -8.850149999999998296e-02 4.680973999999999968e-01
7.216657750000000648e-01 -8.900125000000000397e-02 4.662763500000000061e-01
7.075788000000000633e-01 -7.713724999999999055e-02 4.696040149999999858e-01
7.146026682500000726e-01 -7.774724999999998998e-02 4.678108500000000003e-01
7.216564500000000049e-01 -7.867474999999998775e-02 4.660215249999999920e-01
7.079708500000000404e-01 -6.417400000000000881e-02 4.692142749999999585e-01
7.150262050000000258e-01 -6.456324999999998870e-02 4.673900749999999604e-01
7.220919000000000088e-01 -6.488674999999999304e-02 4.655631999999999548e-01
7.081652999999999976e-01 -5.041149999999999798e-02 4.689050499999999899e-01
7.151383125000000396e-01 -5.059999999999999221e-02 4.670430749999999742e-01
7.221009750000000338e-01 -5.077349999999999919e-02 4.651851249999999771e-01
7.083791000000000393e-01 -3.665474999999999983e-02 4.686202749999999750e-01
7.152403050000000206e-01 -3.662150000000000127e-02 4.667484000000000077e-01
7.221139500000000044e-01 -3.646449999999999692e-02 4.648643499999999817e-01
7.085902000000000589e-01 -2.221299999999999664e-02 4.683324999999999849e-01
7.153905200000000297e-01 -2.219949999999999701e-02 4.664595749999999597e-01
7.222181750000000733e-01 -2.212874999999998871e-02 4.645667749999999874e-01
7.087409500000000362e-01 -7.932999999999995611e-03 4.681353500000000056e-01
7.154843250000000321e-01 -7.740249999999990194e-03 4.662081499999999878e-01
7.222371250000000353e-01 -7.528499999999993531e-03 4.642474999999999796e-01
7.087595000000000978e-01 6.176000000000000933e-03 4.686440000000000050e-01
7.154879075000000199e-01 6.485500000000005150e-03 4.666908750000000050e-01
7.222196750000000609e-01 6.770250000000005430e-03 4.647530999999999746e-01
7.079684250000000123e-01 2.026375000000000398e-02 4.698663824999999572e-01
7.146556777500000512e-01 2.139950000000000185e-02 4.679305999999999743e-01
7.213151750000000861e-01 2.257225000000000203e-02 4.660221749999999830e-01
7.065758000000000871e-01 3.521350000000000174e-02 4.715468824999999864e-01
7.133131600000000017e-01 3.616625000000000395e-02 4.695895099999999878e-01
7.200218250000000042e-01 3.714700000000000640e-02 4.676598750000000027e-01
7.048926250000000504e-01 4.913750000000000062e-02 4.730419499999999888e-01
7.120120125000000133e-01 5.012852500000000711e-02 4.709639199999999803e-01
7.191251250000000317e-01 5.115810000000000496e-02 4.688999500000000098e-01
7.028841749999999999e-01 6.254735000000000156e-02 4.743685225000000005e-01
7.108515000000000805e-01 6.353135000000000032e-02 4.720206419999999903e-01
7.188841250000000960e-01 6.460677500000000517e-02 4.696645199999999742e-01
7.001416249999999897e-01 7.513395999999999963e-02 4.756587999999999927e-01
7.095363250000000788e-01 7.636275250000000570e-02 4.728605599999999853e-01
7.189245250000000365e-01 7.784762500000000363e-02 4.700748650000000084e-01
6.985671250000000665e-01 8.706855000000000844e-02 4.763496749999999724e-01
7.079587750000000401e-01 8.834522499999999945e-02 4.735157975000000019e-01
7.173253750000000428e-01 9.025237500000000967e-02 4.706959625000000091e-01
6.991396500000000014e-01 9.789120000000001154e-02 4.762187499999999685e-01
7.070493750000000910e-01 9.859162500000000218e-02 4.738077599999999667e-01
7.149193825000000890e-01 9.952300000000000035e-02 4.714095074999999913e-01
7.005923750000000449e-01 1.087182500000000024e-01 4.756491250000000059e-01
7.076151750000000407e-01 1.087625000000000119e-01 4.734861324999999899e-01
7.146090580000000747e-01 1.087200000000000111e-01 4.713311550000000016e-01
7.026605500000000504e-01 1.199395000000000044e-01 4.747794499999999918e-01
7.091424500000000908e-01 1.192620000000000069e-01 4.727620424999999793e-01
7.156557024999999905e-01 1.182635000000000075e-01 4.707331200000000049e-01
7.045451750000000235e-01 1.328452499999999981e-01 4.738386874999999665e-01
7.107621500000000925e-01 1.322135000000000116e-01 4.718386330000000073e-01
7.169803750000000031e-01 1.315195000000000114e-01 4.698243249999999871e-01
7.057092000000000365e-01 1.473567500000000086e-01 4.732882774999999653e-01
7.117346250000000651e-01 1.474675000000000014e-01 4.710554724999999610e-01
7.177218250000000355e-01 1.476452500000000057e-01 4.688573249999999915e-01
7.059841749999999916e-01 1.628005000000000146e-01 4.736337525000000048e-01
7.117029500000000564e-01 1.632965000000000111e-01 4.710317374999999918e-01
7.173814750000000462e-01 1.638459999999999916e-01 4.684392000000000000e-01
7.056980750000000358e-01 1.786222500000000102e-01 4.747950750000000109e-01
7.110999000000000070e-01 1.792500000000000204e-01 4.717729019999999940e-01
7.164665675000000400e-01 1.799000000000000044e-01 4.687413249999999865e-01
7.056087000000000886e-01 1.945467499999999905e-01 4.767668499999999643e-01
7.106730250000000693e-01 1.951594999999999858e-01 4.733018424999999585e-01
7.157088775000000069e-01 1.957840000000000136e-01 4.698221324999999893e-01
7.061028750000000187e-01 2.104032500000000139e-01 4.793563999999999603e-01
7.107912750000000557e-01 2.109547499999999964e-01 4.754612749999999610e-01
7.154576675000000607e-01 2.115327499999999916e-01 4.715546800000000038e-01
7.073165750000000029e-01 2.258222500000000021e-01 4.826202749999999875e-01
7.115690749999999953e-01 2.263707500000000095e-01 4.783576250000000085e-01
7.158231350000000548e-01 2.270105000000000040e-01 4.741046224999999614e-01
7.089417000000000080e-01 2.402387500000000009e-01 4.868127499999999608e-01
7.128693200000000285e-01 2.411002500000000159e-01 4.822525249999999875e-01
7.168009400000000531e-01 2.421360000000000179e-01 4.777947249999999757e-01
7.119032499999999875e-01 2.526685000000000181e-01 4.899024750000000039e-01
7.155498525000000276e-01 2.528424999999999701e-01 4.852196999999999760e-01
7.192363000000000506e-01 2.531597500000000167e-01 4.805976999999999610e-01
7.151763950000000758e-01 2.634257500000000141e-01 4.925007249999999726e-01
7.186105750000000292e-01 2.627907500000000174e-01 4.875854749999999904e-01
7.220958000000000654e-01 2.621824999999999850e-01 4.827010999999999941e-01
7.187997750000000297e-01 2.723145000000000149e-01 4.918727499999999697e-01
7.219675750000000836e-01 2.709917499999999757e-01 4.870496249999999860e-01
7.252472500000000100e-01 2.697085000000000177e-01 4.821706000000000047e-01
7.205659250000000515e-01 2.806417500000000231e-01 4.904688999999999854e-01
7.237231499999999818e-01 2.790504999999999791e-01 4.856243749999999970e-01
7.268886250000000659e-01 2.774917500000000370e-01 4.806308249999999838e-01
7.194219000000000586e-01 2.872365000000000057e-01 4.872789249999999739e-01
7.225197500000000161e-01 2.860460000000000225e-01 4.822509749999999706e-01
7.256037000000000736e-01 2.850400000000000156e-01 4.771790750000000081e-01
7.196412500000000101e-01 2.953027500000000027e-01 4.861360499999999862e-01
7.227373000000000269e-01 2.949877499999999930e-01 4.809052500000000063e-01
7.258174499999999751e-01 2.946757500000000141e-01 4.756860499999999714e-01
7.177905749999999863e-01 3.027754999999999752e-01 4.862929249999999870e-01
7.207665750000000759e-01 3.032314999999999872e-01 4.809304249999999947e-01
7.236974999999999936e-01 3.036705000000000099e-01 4.755551000000000084e-01
7.150181425000000646e-01 3.098232499999999945e-01 4.863452999999999804e-01
7.178138499999999755e-01 3.109800000000000342e-01 4.808420749999999799e-01
7.205350999999999839e-01 3.120742499999999975e-01 4.753429499999999863e-01
7.141471000000000346e-01 3.170042499999999874e-01 4.887312249999999914e-01
7.168766925000000789e-01 3.186809999999999921e-01 4.832373249999999953e-01
7.194907000000000385e-01 3.203202499999999731e-01 4.777428999999999704e-01
7.112050750000000754e-01 3.234350000000000280e-01 4.910034249999999934e-01
7.136772350000000209e-01 3.252904999999999824e-01 4.854379749999999660e-01
7.161140225000000026e-01 3.272605000000000097e-01 4.798296749999999555e-01
7.090336500000000708e-01 3.314580000000000304e-01 4.926530749999999959e-01
7.114174250000000477e-01 3.332229999999999914e-01 4.868559000000000081e-01
7.138210525000000528e-01 3.351180000000000270e-01 4.809675999999999951e-01
7.079376250000000148e-01 3.409230000000000316e-01 4.953735249999999812e-01
7.103395249999999717e-01 3.424929999999999919e-01 4.893325749999999918e-01
7.128721199999999980e-01 3.441454999999999931e-01 4.832262999999999975e-01
7.062642749999999969e-01 3.495230000000000281e-01 4.960295750000000004e-01
7.087422250000000590e-01 3.512405000000000110e-01 4.897418000000000049e-01
7.112752500000000255e-01 3.530504999999999893e-01 4.834072749999999696e-01
7.018531000000000075e-01 3.564080000000000026e-01 4.964649999999999896e-01
7.040365499999999832e-01 3.585679999999999978e-01 4.898186250000000075e-01
7.062247999999999859e-01 3.608454999999999857e-01 4.831210750000000109e-01
6.952800749999999974e-01 3.632730000000000126e-01 4.974817500000000003e-01
6.968276500000000206e-01 3.661905000000000299e-01 4.903950749999999581e-01
6.984851000000000809e-01 3.692205000000000070e-01 4.832917250000000053e-01
6.870660000000000656e-01 3.672830000000000261e-01 4.995472499999999982e-01
6.876484999999999959e-01 3.707555000000000156e-01 4.918090749999999844e-01
6.882202499999999779e-01 3.744580000000000131e-01 4.841419249999999730e-01
6.779020000000000046e-01 3.701955000000000107e-01 5.012197499999999639e-01
6.775984999999999925e-01 3.741855000000000042e-01 4.928564749999999606e-01
6.773390000000000244e-01 3.781979999999999786e-01 4.847732999999999626e-01
6.665625000000000577e-01 3.703080000000000260e-01 5.014787499999999731e-01
6.658852499999999841e-01 3.742205000000000115e-01 4.933905000000000096e-01
6.649549999999999628e-01 3.780005000000000170e-01 4.856087749999999925e-01
6.567632500000000206e-01 3.691105000000000080e-01 4.994982499999999770e-01
6.556429999999999758e-01 3.725005000000000122e-01 4.924448249999999749e-01
6.542965000000000586e-01 3.756780000000000119e-01 4.855068499999999898e-01
6.490219999999999878e-01 3.652179999999999871e-01 4.978372500000000089e-01
6.474382499999999929e-01 3.680754999999999999e-01 4.914289749999999901e-01
6.457887500000000225e-01 3.707679999999999865e-01 4.850378249999999780e-01
6.427652500000000657e-01 3.584080000000000044e-01 4.957595750000000079e-01
6.408480000000000842e-01 3.607480000000000131e-01 4.896869749999999688e-01
6.389147500000000868e-01 3.630229999999999846e-01 4.836082499999999618e-01
6.391667500000000057e-01 3.498129999999999851e-01 4.932647499999999741e-01
6.368435000000000068e-01 3.517129999999999979e-01 4.873184500000000141e-01
6.345300000000000384e-01 3.537655000000000105e-01 4.813513500000000112e-01
6.366772499999999724e-01 3.390604999999999869e-01 4.918200500000000086e-01
6.341027500000000483e-01 3.403955000000000175e-01 4.860254250000000109e-01
6.315297500000000008e-01 3.418105000000000171e-01 4.802149499999999738e-01
6.344159999999999799e-01 3.264205000000000023e-01 4.915546000000000082e-01
6.314239999999999853e-01 3.266705000000000303e-01 4.859287499999999649e-01
6.284327499999999844e-01 3.268829999999999791e-01 4.803502499999999786e-01
6.330367500000000369e-01 3.132489999999999997e-01 4.927612749999999986e-01
6.297114999999999796e-01 3.126587499999999853e-01 4.873661750000000126e-01
6.263815000000000355e-01 3.120327499999999699e-01 4.819979249999999937e-01
6.324330000000000229e-01 2.996022500000000144e-01 4.944111749999999805e-01
6.289974999999999872e-01 2.985667499999999919e-01 4.894859500000000030e-01
6.255509999999999682e-01 2.974789999999999934e-01 4.845716250000000058e-01
6.328274999999999872e-01 2.855237499999999651e-01 4.964721999999999746e-01
6.291134999999999922e-01 2.842534999999999923e-01 4.915990499999999819e-01
6.253684999999999938e-01 2.829135000000000399e-01 4.867062999999999806e-01
6.342527500000000318e-01 2.716930000000000178e-01 4.987737500000000157e-01
6.306464999999999987e-01 2.700569999999999915e-01 4.942324499999999898e-01
6.270242500000000607e-01 2.683232500000000131e-01 4.896588250000000198e-01
6.372725000000000195e-01 2.590577499999999755e-01 5.011387499999999662e-01
6.334992500000000692e-01 2.571450000000000125e-01 4.966935249999999691e-01
6.297905000000000308e-01 2.550844999999999918e-01 4.923099999999999699e-01
6.422275000000000622e-01 2.476277500000000076e-01 5.034649999999999403e-01
6.383739999999999970e-01 2.454957500000000126e-01 4.991909999999999958e-01
6.346332500000000376e-01 2.430940000000000045e-01 4.950340749999999623e-01
6.467172500000000213e-01 2.402684999999999960e-01 5.051179999999999559e-01
6.427902500000000074e-01 2.382095000000000184e-01 5.009092499999999726e-01
6.389217500000000660e-01 2.361505000000000132e-01 4.967554249999999727e-01
6.516549999999999843e-01 2.337720000000000076e-01 5.047192499999999526e-01
6.475215000000000831e-01 2.320254999999999956e-01 5.006119999999999459e-01
6.433710000000000262e-01 2.303182500000000021e-01 4.964634749999999874e-01
6.558587500000000459e-01 2.281162499999999926e-01 5.027825000000000211e-01
6.515977500000000866e-01 2.264972500000000111e-01 4.986522499999999636e-01
6.473242500000000454e-01 2.250692499999999985e-01 4.945457249999999916e-01
6.608180000000000165e-01 2.206182500000000157e-01 4.994022499999999920e-01
6.562557500000000266e-01 2.193927499999999975e-01 4.953777999999999793e-01
6.517384999999999984e-01 2.181589999999999918e-01 4.912745000000000029e-01
6.653765000000000374e-01 2.126502500000000129e-01 4.957040749999999663e-01
6.606692499999999857e-01 2.118339999999999945e-01 4.918217500000000020e-01
6.559835000000000527e-01 2.109927500000000067e-01 4.878824250000000085e-01
6.689825000000000355e-01 2.056370000000000142e-01 4.924108999999999847e-01
6.642275000000000817e-01 2.046087500000000059e-01 4.889199999999999657e-01
6.594177500000000247e-01 2.035010000000000152e-01 4.851224249999999683e-01
6.714400000000000368e-01 2.007425000000000181e-01 4.908344000000000040e-01
6.669380000000000308e-01 1.987292500000000239e-01 4.872341749999999916e-01
6.624152500000000110e-01 1.966910000000000047e-01 4.834947749999999878e-01
6.740015000000000311e-01 1.959102500000000080e-01 4.920449499999999809e-01
6.698417500000000135e-01 1.928287499999999932e-01 4.884886749999999833e-01
6.656952500000000716e-01 1.896342500000000042e-01 4.849678749999999927e-01
6.768412500000000609e-01 1.907085000000000030e-01 4.963580750000000097e-01
6.726887500000000575e-01 1.871282499999999960e-01 4.928382749999999923e-01
6.686907500000000004e-01 1.834542499999999854e-01 4.895943500000000115e-01
6.806562500000000737e-01 1.829497500000000221e-01 5.041272500000000267e-01
6.765220000000000677e-01 1.789745000000000086e-01 5.007420000000000204e-01
6.723830000000000640e-01 1.750240000000000129e-01 4.974092499999999695e-01
6.845032500000000075e-01 1.748297500000000060e-01 5.140902499999999709e-01
6.804455000000000364e-01 1.700840000000000130e-01 5.111805000000000376e-01
6.763620000000000188e-01 1.653780000000000250e-01 5.082877500000000381e-01
6.888140000000000374e-01 1.674877499999999908e-01 5.254032499999999883e-01
6.847512500000000335e-01 1.621250000000000191e-01 5.228062500000000279e-01
6.806365000000000887e-01 1.568289999999999962e-01 5.201704999999999801e-01
6.949469000000000340e-01 1.600692499999999963e-01 5.378767500000000146e-01
6.905472249999999867e-01 1.542600000000000082e-01 5.351069999999999993e-01
6.861562500000000231e-01 1.484537499999999954e-01 5.323572500000000041e-01
7.017741750000000556e-01 1.530345000000000177e-01 5.500242499999999923e-01
6.967862250000000923e-01 1.467060000000000031e-01 5.467689999999999495e-01
6.917091250000000358e-01 1.405027500000000096e-01 5.433405000000000040e-01
7.090157500000000557e-01 1.453072499999999989e-01 5.624914999999999221e-01
7.037734500000000226e-01 1.385817500000000035e-01 5.591005000000000003e-01
6.985695750000000537e-01 1.318742499999999984e-01 5.557449999999999335e-01
7.161574550000000539e-01 1.375140000000000251e-01 5.748027500000000289e-01
7.103436750000000632e-01 1.304452500000000126e-01 5.708604999999999929e-01
7.046990750000000636e-01 1.233675000000000049e-01 5.671292500000000292e-01
7.226215250000000978e-01 1.284955000000000125e-01 5.868185000000000207e-01
7.165947900000000370e-01 1.219322500000000059e-01 5.823819999999999553e-01
7.108491250000000816e-01 1.151657500000000112e-01 5.783837499999999743e-01
7.267576749999999919e-01 1.195932500000000120e-01 5.958964999999999401e-01
7.213141000000000691e-01 1.138542500000000041e-01 5.918052499999999494e-01
7.160447825000000321e-01 1.079417500000000030e-01 5.880054999999999588e-01
7.302134500000000417e-01 1.113370000000000054e-01 6.038405000000000022e-01
7.252258000000000315e-01 1.058965000000000045e-01 6.001739999999999853e-01
7.202580750000000531e-01 1.003847500000000087e-01 5.965637499999999482e-01
7.320875750000001014e-01 9.066240000000000410e-02 6.154195000000000082e-01
