8.225680000000000769e-01 6.837417500000000925e-02 4.647171749999999824e-01
8.483347500000000263e-01 2.963250000000001300e-02 4.665953999999999935e-01
8.365525000000000322e-01 2.577250000000001068e-02 4.660469499999999599e-01
8.247482500000000716e-01 2.191050000000001330e-02 4.654967250000000001e-01
8.520410000000000483e-01 1.870975000000001109e-02 4.668055999999999872e-01
8.402359999999999829e-01 1.479125000000001272e-02 4.662532499999999525e-01
8.283694999999999808e-01 1.095950000000002478e-02 4.657040499999999805e-01
8.556687499999999780e-01 7.926000000000016366e-03 4.670429749999999713e-01
8.439540000000000930e-01 4.033000000000022678e-03 4.664901499999999923e-01
8.322242499999999987e-01 3.810000000000202114e-04 4.659502749999999693e-01
8.592190000000000660e-01 -2.486749999999982030e-03 4.672810999999999493e-01
8.480010000000000048e-01 -6.112249999999985750e-03 4.667460249999999533e-01
8.367157499999999803e-01 -9.422249999999979253e-03 4.662273999999999585e-01
8.629942500000000738e-01 -1.342549999999997912e-02 4.675381499999999857e-01
8.517715000000000147e-01 -1.628574999999998774e-02 4.669895499999999755e-01
8.406700000000000284e-01 -1.885874999999997970e-02 4.664672999999999736e-01
8.663222500000000714e-01 -2.526799999999998492e-02 4.679025749999999872e-01
8.550520000000000342e-01 -2.673449999999998050e-02 4.673123249999999729e-01
8.438280000000000225e-01 -2.795874999999997668e-02 4.667537499999999673e-01
8.683365000000000666e-01 -3.577974999999998518e-02 4.683549249999999775e-01
8.573200000000000820e-01 -3.689574999999997718e-02 4.677634999999999987e-01
8.458769999999999900e-01 -3.711124999999998453e-02 4.671605499999999522e-01
8.685672500000000129e-01 -4.550499999999997602e-02 4.686026499999999539e-01
8.575070000000000192e-01 -4.540349999999998554e-02 4.679759499999999739e-01
8.462150000000000505e-01 -4.497174999999997702e-02 4.673698249999999610e-01
8.676909999999999901e-01 -5.490200000000000635e-02 4.686723999999999890e-01
8.567682500000000090e-01 -5.390449999999999409e-02 4.680376749999999864e-01
8.456092500000000900e-01 -5.286674999999999014e-02 4.674343999999999721e-01
8.660677500000000251e-01 -6.425575000000000037e-02 4.686261249999999490e-01
8.552192499999999864e-01 -6.250900000000000900e-02 4.679957249999999735e-01
8.441692499999999821e-01 -6.096474999999998423e-02 4.673961249999999956e-01
8.640317500000000983e-01 -7.354949999999998989e-02 4.685170749999999495e-01
8.533635000000000526e-01 -7.111999999999998878e-02 4.678997749999999622e-01
8.427007500000001095e-01 -7.023174999999998169e-02 4.672673749999999848e-01
8.629010000000000291e-01 -8.466674999999998508e-02 4.681617249999999730e-01
8.522104999999999819e-01 -8.237249999999998740e-02 4.675548499999999663e-01
8.416537500000000893e-01 -8.158324999999999605e-02 4.668946749999999812e-01
8.624755000000000615e-01 -9.849849999999998884e-02 4.675884749999999479e-01
8.518600000000000616e-01 -9.683924999999998784e-02 4.669326999999999783e-01
8.414292500000000175e-01 -9.588050000000000739e-02 4.660786999999999569e-01
8.623382500000000839e-01 -1.123494999999999910e-01 4.670889249999999882e-01
8.517480000000000606e-01 -1.118315000000000003e-01 4.662894499999999942e-01
8.414247500000000546e-01 -1.099227499999999857e-01 4.653756499999999741e-01
8.615955000000000696e-01 -1.239677499999999877e-01 4.671471249999999964e-01
8.511757500000000087e-01 -1.235904999999999920e-01 4.659823499999999896e-01
8.408617500000000744e-01 -1.214709999999999956e-01 4.648772499999999641e-01
8.599415000000000253e-01 -1.339027499999999871e-01 4.677498749999999816e-01
8.497400000000000508e-01 -1.326989999999999836e-01 4.661138249999999816e-01
8.395737500000000075e-01 -1.306587499999999902e-01 4.645802249999999578e-01
8.578215000000000146e-01 -1.432179999999999842e-01 4.683297999999999628e-01
8.476862499999999745e-01 -1.415065000000000073e-01 4.668187749999999636e-01
8.375427500000001135e-01 -1.393997499999999889e-01 4.655592499999999800e-01
8.547605000000000341e-01 -1.521997499999999948e-01 4.686383999999999550e-01
8.450925000000000242e-01 -1.500652499999999834e-01 4.671564249999999863e-01
8.350215000000000831e-01 -1.480597499999999900e-01 4.656953249999999933e-01
8.515697500000001252e-01 -1.608245000000000091e-01 4.684639999999999915e-01
8.419657500000000683e-01 -1.591907499999999920e-01 4.669798249999999595e-01
8.320282500000000248e-01 -1.579929999999999946e-01 4.654906249999999912e-01
8.485925000000000828e-01 -1.715422500000000072e-01 4.681751249999999698e-01
8.388125000000000719e-01 -1.702642500000000059e-01 4.666551749999999776e-01
8.288510000000000044e-01 -1.694587499999999913e-01 4.651410749999999594e-01
8.459962500000000052e-01 -1.824970000000000203e-01 4.677423249999999588e-01
8.363765000000000782e-01 -1.815295000000000103e-01 4.662292749999999986e-01
8.264660000000000339e-01 -1.811844999999999706e-01 4.647058000000000022e-01
8.448740000000001249e-01 -1.928369999999999806e-01 4.675334499999999616e-01
8.346202500000000635e-01 -1.932369999999999921e-01 4.658998249999999897e-01
8.248957500000000387e-01 -1.950244999999999895e-01 4.643718249999999603e-01
8.447785000000000988e-01 -2.024845000000000117e-01 4.676994999999999902e-01
8.352450000000000152e-01 -2.024969999999999826e-01 4.661540499999999865e-01
8.261992500000000517e-01 -2.031519999999999992e-01 4.646648999999999918e-01
8.449710000000001386e-01 -2.113619999999999943e-01 4.683231749999999805e-01
8.359312500000000146e-01 -2.106270000000000087e-01 4.666824749999999855e-01
8.269700000000000939e-01 -2.100719999999999810e-01 4.649675999999999809e-01
8.429407500000001274e-01 -2.203769999999999896e-01 4.687845749999999811e-01
8.348342500000001110e-01 -2.183669999999999778e-01 4.670777999999999874e-01
8.264552500000000856e-01 -2.164395000000000069e-01 4.652444499999999761e-01
8.384895000000001097e-01 -2.286019999999999719e-01 4.687709499999999641e-01
8.315062500000001133e-01 -2.252644999999999786e-01 4.671597749999999993e-01
8.242185000000000761e-01 -2.218769999999999909e-01 4.653828250000000000e-01
8.339205000000000645e-01 -2.362845000000000084e-01 4.690408999999999828e-01
8.274572500000000330e-01 -2.315119999999999956e-01 4.673145499999999952e-01
8.208270000000000843e-01 -2.269045000000000090e-01 4.653752250000000035e-01
8.311197500000000460e-01 -2.428345000000000087e-01 4.680491499999999694e-01
8.243807499999999955e-01 -2.374169999999999892e-01 4.662772249999999619e-01
8.183815000000000950e-01 -2.320194999999999896e-01 4.642959749999999719e-01
8.262275000000001146e-01 -2.485519999999999952e-01 4.685484499999999497e-01
8.198047500000000820e-01 -2.424270000000000036e-01 4.666250249999999711e-01
8.142832500000000140e-01 -2.356845000000000190e-01 4.643706999999999696e-01
8.166210000000000413e-01 -2.550945000000000018e-01 4.702433524999999892e-01
8.112517500000000492e-01 -2.470594999999999875e-01 4.678133999999999904e-01
8.071095000000000352e-01 -2.387144999999999961e-01 4.651588499999999571e-01
8.013410000000000810e-01 -2.582745000000000180e-01 4.739607024999999974e-01
7.981462500000000571e-01 -2.488144999999999940e-01 4.706298199999999765e-01
7.954777500000000945e-01 -2.392819999999999947e-01 4.673599499999999685e-01
7.842712500000000864e-01 -2.561069999999999736e-01 4.790483999999999853e-01
7.842270000000000074e-01 -2.468569999999999931e-01 4.746613999999999556e-01
7.847352499999999953e-01 -2.373370000000000202e-01 4.702336349999999832e-01
7.700870000000000770e-01 -2.522944999999999771e-01 4.816235249999999968e-01
7.713720000000000576e-01 -2.439344999999999986e-01 4.772583249999999833e-01
7.733722500000000943e-01 -2.351119999999999877e-01 4.726506624999999850e-01
7.584242500000000220e-01 -2.481220000000000092e-01 4.837142999999999859e-01
7.603337500000000304e-01 -2.400494999999999712e-01 4.792720999999999787e-01
7.625145000000000950e-01 -2.319169999999999843e-01 4.748626249999999827e-01
7.471000000000000973e-01 -2.437920000000000087e-01 4.847146749999999837e-01
7.499992500000001172e-01 -2.361745000000000094e-01 4.802431999999999812e-01
7.529327500000000395e-01 -2.286719999999999864e-01 4.758736499999999814e-01
7.370208750000000197e-01 -2.371645000000000003e-01 4.869302749999999680e-01
7.407442500000001040e-01 -2.302744999999999931e-01 4.823474999999999846e-01
7.444017500000000842e-01 -2.234419999999999740e-01 4.778163749999999599e-01
7.236554000000000597e-01 -2.250320000000000098e-01 4.877727249999999626e-01
7.289257250000000798e-01 -2.199269999999999836e-01 4.832368249999999810e-01
7.341452750000000416e-01 -2.147519999999999984e-01 4.786796499999999566e-01
7.126504750000000055e-01 -2.103119999999999989e-01 4.849848250000000083e-01
7.193586750000000585e-01 -2.073470000000000035e-01 4.808880500000000113e-01
7.258794500000000927e-01 -2.041270000000000029e-01 4.767401000000000000e-01
7.074181250000000087e-01 -1.948070000000000079e-01 4.799984250000000063e-01
7.147148525000001085e-01 -1.941919999999999757e-01 4.767060750000000069e-01
7.219421000000000310e-01 -1.929719999999999769e-01 4.731475824999999968e-01
7.058362250000000948e-01 -1.830594999999999861e-01 4.758503249999999629e-01
7.132928975000000227e-01 -1.829419999999999935e-01 4.726509074999999949e-01
7.207928500000000405e-01 -1.827094999999999692e-01 4.693628499999999981e-01
7.062316000000000704e-01 -1.710967499999999919e-01 4.731229699999999760e-01
7.136555675000000321e-01 -1.712535000000000029e-01 4.700979349999999668e-01
7.212772500000000919e-01 -1.713382499999999975e-01 4.670516499999999849e-01
7.066499250000000121e-01 -1.595862499999999851e-01 4.722229699999999641e-01
7.142002620000000856e-01 -1.592397499999999855e-01 4.691681749999999651e-01
7.219117250000000041e-01 -1.588815000000000088e-01 4.661443499999999851e-01
7.068618750000000839e-01 -1.465329999999999966e-01 4.709794649999999860e-01
7.144211637500000878e-01 -1.466744999999999854e-01 4.683397499999999991e-01
7.219575750000000181e-01 -1.468160000000000021e-01 4.657378749999999679e-01
7.076301250000001097e-01 -1.339192499999999897e-01 4.701190224999999834e-01
7.149429950000000256e-01 -1.342732499999999829e-01 4.677968999999999600e-01
7.222410500000000511e-01 -1.345662499999999984e-01 4.654796499999999670e-01
7.088379000000000207e-01 -1.214287500000000020e-01 4.695205375000000014e-01
7.158159050000000301e-01 -1.218164999999999942e-01 4.673543499999999740e-01
7.228467000000000642e-01 -1.219432500000000030e-01 4.651783499999999627e-01
7.086505500000001012e-01 -1.105789999999999829e-01 4.694356499999999821e-01
7.157621825000000104e-01 -1.105907499999999877e-01 4.672522249999999655e-01
7.228229750000000342e-01 -1.106449999999999934e-01 4.651017499999999805e-01
7.087017250000000601e-01 -9.913474999999999371e-02 4.692652250000000080e-01
7.158674400000000215e-01 -9.942699999999998761e-02 4.671152499999999819e-01
7.230433500000000846e-01 -9.975999999999998757e-02 4.649939249999999746e-01
7.089098250000001045e-01 -8.761349999999998306e-02 4.689831749999999744e-01
7.159012275000000702e-01 -8.835774999999998491e-02 4.669510000000000050e-01
7.229640500000000802e-01 -8.928574999999999706e-02 4.649213500000000110e-01
7.092872250000000767e-01 -7.605375000000000330e-02 4.688574999999999826e-01
7.162533675000000155e-01 -7.707074999999999343e-02 4.669251500000000110e-01
7.232312750000000623e-01 -7.847124999999999240e-02 4.649869500000000100e-01
7.097212999999999994e-01 -6.195449999999999569e-02 4.687019749999999929e-01
7.167426500000000367e-01 -6.271224999999999716e-02 4.668322249999999896e-01
7.237742250000001043e-01 -6.335525000000000184e-02 4.649611499999999897e-01
7.098554000000000253e-01 -4.697124999999999218e-02 4.685790499999999970e-01
7.168273500000000853e-01 -4.757899999999999630e-02 4.668206500000000037e-01
7.237941250000000659e-01 -4.806375000000000230e-02 4.650615249999999756e-01
7.100314500000000084e-01 -3.337199999999999889e-02 4.687883250000000057e-01
7.169306700000001031e-01 -3.357575000000000143e-02 4.671071749999999856e-01
7.238349750000000471e-01 -3.362999999999999323e-02 4.654373499999999719e-01
7.101601500000001010e-01 -1.919424999999999604e-02 4.694106999999999585e-01
7.170201000000000491e-01 -1.939724999999999089e-02 4.678066999999999642e-01
7.238963250000000071e-01 -1.952424999999999300e-02 4.662153249999999582e-01
7.102338500000000554e-01 -5.015999999999992687e-03 4.695326424999999859e-01
7.170571000000000028e-01 -5.194499999999990791e-03 4.680054999999999632e-01
7.238794250000000208e-01 -5.336250000000000715e-03 4.664842999999999629e-01
7.106980000000000519e-01 8.680500000000007654e-03 4.691804250000000120e-01
7.175216750000000809e-01 8.706749999999999212e-03 4.676966499999999916e-01
7.243445250000000168e-01 8.712999999999998524e-03 4.662054749999999803e-01
7.102067250000000387e-01 2.247275000000000661e-02 4.693621000000000043e-01
7.170119249999999944e-01 2.340500000000000219e-02 4.679254999999999942e-01
7.237871750000000048e-01 2.437800000000000383e-02 4.664875749999999877e-01
7.088925000000000365e-01 3.711750000000000466e-02 4.700506425000000044e-01
7.157140775000000454e-01 3.794550000000000700e-02 4.686393999999999838e-01
7.225061500000000692e-01 3.880525000000000641e-02 4.672305499999999667e-01
7.069784749999999951e-01 5.094912500000000483e-02 4.713547100000000101e-01
7.142375717500000221e-01 5.181762500000000604e-02 4.698591624999999827e-01
7.214721000000000606e-01 5.276150000000000284e-02 4.683946749999999826e-01
7.047852250000000707e-01 6.437785000000000035e-02 4.724990924999999953e-01
7.129408225000000154e-01 6.513594999999999802e-02 4.708282549999999733e-01
7.211405250000000322e-01 6.607620000000000160e-02 4.691810499999999884e-01
7.024078000000000266e-01 7.690262500000000223e-02 4.732698824999999609e-01
7.120009125000000827e-01 7.770815000000000361e-02 4.713555849999999658e-01
7.216501250000000312e-01 7.899895000000001222e-02 4.694041499999999645e-01
7.020867250000000226e-01 8.803640000000000077e-02 4.732066174999999819e-01
7.117146500000000042e-01 8.854722500000000718e-02 4.713089974999999932e-01
7.214762250000000821e-01 8.967187500000001199e-02 4.693167749999999638e-01
7.042795500000000875e-01 9.760340000000000682e-02 4.725058424999999951e-01
7.123442550000000928e-01 9.755892500000000467e-02 4.709381575000000097e-01
7.204874000000000001e-01 9.770142500000000840e-02 4.693008750000000062e-01
7.076637749999999949e-01 1.067712500000000120e-01 4.715467024999999701e-01
7.147161425000000401e-01 1.062130000000000019e-01 4.701939350000000073e-01
7.218259250000000904e-01 1.054714999999999958e-01 4.688000999999999974e-01
7.115509500000000154e-01 1.162182499999999952e-01 4.706535074999999568e-01
7.179218250000000134e-01 1.151792500000000108e-01 4.694376499999999841e-01
7.243888500000000841e-01 1.136999999999999955e-01 4.681891499999999984e-01
7.135654350000000257e-01 1.289280000000000148e-01 4.705703224999999712e-01
7.198607250000000901e-01 1.281892500000000046e-01 4.693376249999999805e-01
7.261593250000000221e-01 1.273932500000000134e-01 4.681128749999999838e-01
7.134976499999999833e-01 1.437582500000000041e-01 4.713931074999999637e-01
7.197443000000000035e-01 1.442507500000000109e-01 4.701353875000000015e-01
7.258887750000000416e-01 1.448017500000000068e-01 4.689265499999999975e-01
7.118440249999999914e-01 1.600812500000000083e-01 4.729286274999999762e-01
7.177840500000000068e-01 1.609300000000000175e-01 4.712927000000000088e-01
7.236527500000000668e-01 1.618532500000000041e-01 4.696686674999999700e-01
7.104438499999999879e-01 1.780312500000000020e-01 4.739706949999999974e-01
7.162097400000000391e-01 1.787984999999999991e-01 4.718520502499999880e-01
7.219543999999999961e-01 1.795984999999999943e-01 4.697127374999999772e-01
7.096146750000000836e-01 1.963460000000000205e-01 4.748987000000000069e-01
7.151436975000000640e-01 1.968742500000000006e-01 4.722670075000000023e-01
7.206512750000000356e-01 1.974177500000000030e-01 4.695943499999999937e-01
7.093963750000000790e-01 2.146322499999999966e-01 4.753135749999999882e-01
7.146831097500000451e-01 2.149395000000000056e-01 4.728181949999999967e-01
7.198563749999999928e-01 2.153385000000000160e-01 4.696006199999999686e-01
7.096197250000000345e-01 2.324147500000000033e-01 4.768797999999999648e-01
7.144883182500000318e-01 2.327382500000000076e-01 4.738853399999999882e-01
7.192614000000000507e-01 2.332339999999999969e-01 4.702131974999999575e-01
7.098214250000000058e-01 2.489807500000000007e-01 4.802799500000000110e-01
7.142899040000000310e-01 2.499330000000000163e-01 4.762621999999999689e-01
7.187275000000000746e-01 2.510902500000000148e-01 4.723226374999999755e-01
7.115387499999999976e-01 2.632869999999999933e-01 4.829879499999999992e-01
7.157635700000000156e-01 2.635830000000000117e-01 4.788373499999999949e-01
7.200017000000000778e-01 2.640322499999999684e-01 4.747344000000000008e-01
7.140110025000000471e-01 2.751012499999999639e-01 4.861186499999999855e-01
7.180392250000000587e-01 2.746985000000000121e-01 4.816478499999999885e-01
7.220714999999999772e-01 2.741970000000000240e-01 4.772142999999999802e-01
7.182798000000000238e-01 2.830607499999999721e-01 4.875272250000000085e-01
7.218920750000000774e-01 2.821774999999999700e-01 4.829020249999999570e-01
7.256007250000000575e-01 2.812060000000000115e-01 4.782503999999999644e-01
7.204912749999999866e-01 2.900632499999999947e-01 4.880643499999999801e-01
7.240245000000000708e-01 2.890540000000000331e-01 4.832966999999999680e-01
7.276170250000000284e-01 2.881047500000000205e-01 4.784428000000000014e-01
7.195722250000000653e-01 2.960217499999999724e-01 4.861979999999999635e-01
7.230158250000000564e-01 2.954664999999999653e-01 4.812665499999999597e-01
7.264201750000000013e-01 2.950987499999999653e-01 4.763084750000000089e-01
7.197413249999999874e-01 3.031739999999999990e-01 4.867279499999999648e-01
7.231577000000000144e-01 3.034647500000000053e-01 4.817144499999999607e-01
7.265464000000000366e-01 3.038112499999999772e-01 4.767029249999999996e-01
7.178592500000000598e-01 3.097727500000000411e-01 4.882133499999999904e-01
7.211622250000000456e-01 3.107779999999999987e-01 4.831740749999999807e-01
7.244582750000000404e-01 3.118447500000000039e-01 4.780978249999999763e-01
7.157363724999999954e-01 3.166747500000000048e-01 4.892394250000000056e-01
7.188704750000000088e-01 3.182850000000000401e-01 4.840884999999999772e-01
7.220183250000000719e-01 3.199062500000000031e-01 4.789440999999999837e-01
7.157085724999999732e-01 3.236499999999999932e-01 4.924226499999999618e-01
7.188273499999999760e-01 3.256180000000000185e-01 4.872728499999999796e-01
7.219991000000000048e-01 3.275454999999999894e-01 4.821620749999999678e-01
7.135332325000000031e-01 3.302780000000000160e-01 4.950662999999999592e-01
7.166293249999999837e-01 3.322430000000000105e-01 4.899162999999999712e-01
7.197523500000000407e-01 3.344030000000000058e-01 4.847395250000000044e-01
7.110884250000000240e-01 3.382479999999999931e-01 4.964146749999999719e-01
7.141231175000000153e-01 3.400155000000000260e-01 4.910326999999999886e-01
7.172362250000000605e-01 3.420205000000000051e-01 4.855870499999999645e-01
7.094127500000000364e-01 3.466730000000000089e-01 4.988090000000000024e-01
7.124558125000000075e-01 3.483379999999999810e-01 4.931457499999999938e-01
7.156207900000000066e-01 3.501429999999999820e-01 4.874293000000000098e-01
7.069861000000000617e-01 3.540254999999999930e-01 4.990197499999999842e-01
7.100717500000000015e-01 3.558979999999999921e-01 4.931147999999999643e-01
7.131316575000000713e-01 3.578780000000000294e-01 4.870839499999999878e-01
7.016757000000000133e-01 3.587954999999999894e-01 4.985852499999999798e-01
7.043479000000000267e-01 3.612279999999999935e-01 4.923031499999999672e-01
7.068619000000000430e-01 3.636805000000000176e-01 4.857879499999999684e-01
6.938571749999999927e-01 3.627454999999999985e-01 4.989774999999999627e-01
6.957200250000000752e-01 3.658104999999999829e-01 4.921350250000000037e-01
6.975965000000000638e-01 3.687305000000000166e-01 4.850410499999999736e-01
6.857442500000000551e-01 3.658230000000000093e-01 4.995664999999999689e-01
6.867564999999999920e-01 3.694979999999999931e-01 4.919578249999999597e-01
6.877220000000000555e-01 3.729879999999999862e-01 4.842479000000000089e-01
6.781964999999999799e-01 3.703305000000000069e-01 5.016592500000000010e-01
6.783274999999999721e-01 3.746430000000000038e-01 4.934653999999999985e-01
6.785355000000000691e-01 3.789454999999999907e-01 4.855336249999999687e-01
6.679829999999999934e-01 3.734529999999999794e-01 5.028359999999999497e-01
6.676070000000000615e-01 3.776880000000000237e-01 4.948902749999999906e-01
6.670000000000000373e-01 3.820230000000000015e-01 4.873819500000000082e-01
6.588000000000000522e-01 3.748354999999999881e-01 5.017755000000000409e-01
6.578552500000000025e-01 3.786605000000000110e-01 4.949233000000000104e-01
6.565745000000000609e-01 3.824954999999999883e-01 4.883243250000000035e-01
6.511577499999999796e-01 3.727830000000000310e-01 5.008567499999999617e-01
6.495852500000000029e-01 3.761605000000000087e-01 4.946932749999999879e-01
6.478222500000000439e-01 3.794529999999999847e-01 4.886304499999999940e-01
6.445662500000000072e-01 3.675930000000000031e-01 4.990517500000000162e-01
6.425082500000000030e-01 3.703730000000000078e-01 4.932145249999999592e-01
6.403922499999999962e-01 3.730729999999999880e-01 4.873887249999999671e-01
6.412740000000000107e-01 3.601480000000000237e-01 4.968027499999999597e-01
6.389072500000000376e-01 3.621555000000000191e-01 4.909074499999999674e-01
6.365562500000000457e-01 3.642230000000000190e-01 4.849583749999999971e-01
6.404125000000000512e-01 3.503129999999999855e-01 4.955254000000000048e-01
6.381082500000000435e-01 3.515004999999999935e-01 4.895724249999999778e-01
6.358622500000000732e-01 3.527330000000000187e-01 4.835842750000000079e-01
6.419297500000000767e-01 3.385529999999999928e-01 4.948322749999999881e-01
6.399814999999999809e-01 3.387030000000000318e-01 4.887509499999999618e-01
6.381187500000000679e-01 3.388504999999999989e-01 4.827122249999999948e-01
6.459044999999999925e-01 3.264480000000000159e-01 4.948193499999999911e-01
6.443170000000000286e-01 3.261605000000000198e-01 4.886870749999999708e-01
6.427292500000000297e-01 3.259405000000000219e-01 4.825794999999999946e-01
6.505530000000000479e-01 3.123184999999999989e-01 4.948705499999999646e-01
6.489567499999999711e-01 3.114822500000000161e-01 4.890492750000000055e-01
6.473820000000000130e-01 3.106035000000000323e-01 4.832372500000000071e-01
6.537787500000000751e-01 2.970375000000000099e-01 4.962450499999999654e-01
6.522670000000000412e-01 2.961497499999999894e-01 4.902058999999999722e-01
6.507482500000000281e-01 2.952095000000000136e-01 4.841434000000000015e-01
6.585927500000000601e-01 2.821160000000000334e-01 4.973650000000000015e-01
6.572180000000000799e-01 2.809610000000000163e-01 4.915276249999999680e-01
6.558289999999999953e-01 2.797560000000000047e-01 4.856761749999999878e-01
6.650400000000000755e-01 2.667049999999999699e-01 4.976387499999999631e-01
6.635272500000000129e-01 2.657367499999999660e-01 4.917307499999999942e-01
6.620964999999999767e-01 2.645797500000000024e-01 4.858718750000000086e-01
6.732457499999999762e-01 2.538945000000000229e-01 4.971544999999999992e-01
6.716497500000000453e-01 2.530557500000000237e-01 4.913681999999999772e-01
6.703882500000000189e-01 2.518580000000000263e-01 4.855353499999999767e-01
6.802337499999999704e-01 2.468602500000000033e-01 4.969582249999999757e-01
6.786429999999999962e-01 2.459675000000000056e-01 4.912297999999999942e-01
6.771627500000000355e-01 2.450795000000000057e-01 4.855014500000000011e-01
6.879167500000000768e-01 2.422082500000000138e-01 4.959055249999999582e-01
6.861967500000000220e-01 2.413812499999999917e-01 4.903037249999999680e-01
6.843607500000000732e-01 2.406679999999999930e-01 4.846172999999999731e-01
6.944000750000000055e-01 2.391967500000000135e-01 4.948793249999999810e-01
6.926513250000000399e-01 2.383322499999999955e-01 4.891520500000000049e-01
6.907362750000000107e-01 2.376070000000000126e-01 4.834822500000000023e-01
7.029757500000000103e-01 2.355302499999999966e-01 4.927393499999999649e-01
7.008497249999999790e-01 2.347642500000000076e-01 4.870013999999999732e-01
6.987520999999999871e-01 2.340224999999999944e-01 4.812340999999999980e-01
7.115848000000000173e-01 2.313847500000000001e-01 4.902302000000000048e-01
7.091470000000000828e-01 2.307260000000000144e-01 4.845895499999999800e-01
7.067491500000000482e-01 2.300922499999999982e-01 4.789436499999999985e-01
7.191647500000000193e-01 2.282430000000000014e-01 4.878111749999999858e-01
7.169042549999999903e-01 2.277192500000000119e-01 4.822075000000000111e-01
7.150984675000000568e-01 2.272055000000000047e-01 4.773431999999999675e-01
7.246920749999999911e-01 2.266497500000000109e-01 4.866426749999999690e-01
7.232153500000000346e-01 2.257844999999999991e-01 4.806679249999999959e-01
7.218904500000000724e-01 2.248175000000000034e-01 4.750343499999999941e-01
7.293784750000000816e-01 2.237827500000000025e-01 4.866778250000000083e-01
7.288192250000000705e-01 2.222622499999999945e-01 4.805273749999999788e-01
7.283202250000000433e-01 2.206272499999999970e-01 4.744267050000000041e-01
7.341486000000000400e-01 2.189685000000000104e-01 4.889179249999999755e-01
7.338321500000000164e-01 2.170435000000000003e-01 4.826860000000000039e-01
7.337128000000000538e-01 2.149792500000000106e-01 4.766884249999999712e-01
7.424617500000000314e-01 2.122815000000000119e-01 4.927078999999999764e-01
7.423937500000000744e-01 2.100279999999999925e-01 4.864567999999999670e-01
7.423620000000000774e-01 2.077320000000000000e-01 4.802520249999999713e-01
7.530547499999999950e-01 2.065385000000000137e-01 4.971192499999999570e-01
7.537242499999999845e-01 2.037267500000000120e-01 4.908793249999999775e-01
7.544000000000000705e-01 2.008862500000000162e-01 4.846616499999999994e-01
7.648897500000000349e-01 2.027547500000000114e-01 5.024235000000000229e-01
7.661987500000000395e-01 1.995600000000000152e-01 4.961008749999999967e-01
7.674547500000000744e-01 1.963582500000000119e-01 4.897689999999999544e-01
7.785205000000000597e-01 2.013330000000000120e-01 5.086967499999999198e-01
7.800557500000000477e-01 1.978427500000000117e-01 5.019044999999999757e-01
7.816150000000000597e-01 1.943460000000000187e-01 4.951346999999999832e-01
7.922259999999999858e-01 2.020907500000000134e-01 5.147542499999999688e-01
7.938062500000000465e-01 1.981974999999999987e-01 5.071565000000000101e-01
7.951755000000000351e-01 1.942992500000000067e-01 4.994879999999999876e-01
8.068582499999999991e-01 2.040570000000000161e-01 5.204225000000000101e-01
8.086820000000000119e-01 1.999437500000000034e-01 5.124307499999999349e-01
8.105094999999999938e-01 1.958759999999999946e-01 5.044720000000000315e-01
8.214547500000000113e-01 2.066132499999999983e-01 5.257617500000000277e-01
8.231795000000000639e-01 2.021199999999999941e-01 5.170382499999999215e-01
8.250235000000000207e-01 1.977487500000000009e-01 5.084790000000000143e-01
8.369530000000000580e-01 2.087832500000000036e-01 5.299730000000000274e-01
8.379395000000000593e-01 2.042549999999999921e-01 5.211749999999999439e-01
8.393797499999999800e-01 1.998777499999999929e-01 5.126064999999999650e-01
8.501815000000000344e-01 2.096840000000000093e-01 5.316872499999999446e-01
8.508554999999999868e-01 2.056302500000000144e-01 5.237910000000000066e-01
8.518715000000000037e-01 2.016594999999999915e-01 5.160257499999999498e-01
8.620775000000000521e-01 2.103132500000000071e-01 5.328527499999999861e-01
8.628780000000000339e-01 2.065724999999999922e-01 5.255547499999999594e-01
8.637695000000000789e-01 2.028362499999999957e-01 5.182534999999999226e-01
8.852872500000000811e-01 2.080222499999999919e-01 5.282424999999999482e-01
