8.319907500000000011e-01 7.285451500000000857e-02 4.668597499999999623e-01
8.528837500000000515e-01 3.124850000000001238e-02 4.665425999999999740e-01
8.407292500000000945e-01 2.885425000000001183e-02 4.669701499999999728e-01
8.285722500000000101e-01 2.647275000000001016e-02 4.674140249999999552e-01
8.551770000000000760e-01 1.994550000000001183e-02 4.664575249999999840e-01
8.430057500000001092e-01 1.749075000000001323e-02 4.668841999999999715e-01
8.308307500000000623e-01 1.514950000000001018e-02 4.673290499999999681e-01
8.573047500000000598e-01 8.769250000000020084e-03 4.663323999999999803e-01
8.452762500000000623e-01 6.314500000000014546e-03 4.667691999999999952e-01
8.333147499999999930e-01 4.123250000000022730e-03 4.672048500000000049e-01
8.592370000000000285e-01 -2.043749999999983080e-03 4.661861249999999512e-01
8.477290000000000658e-01 -4.397749999999978066e-03 4.666026749999999668e-01
8.361402500000000293e-01 -6.456249999999982836e-03 4.670138249999999935e-01
8.613667500000000699e-01 -1.330324999999997482e-02 4.660033999999999565e-01
8.499607500000000426e-01 -1.510424999999998574e-02 4.664186999999999639e-01
8.386337500000000666e-01 -1.666899999999997550e-02 4.668157499999999738e-01
8.632315000000000405e-01 -2.526849999999998542e-02 4.658046999999999604e-01
8.519197499999999756e-01 -2.599424999999998265e-02 4.662276499999999935e-01
8.406342500000000273e-01 -2.647424999999997697e-02 4.666259999999999852e-01
8.645897500000000457e-01 -3.586399999999997923e-02 4.656183499999999587e-01
8.534497500000000070e-01 -3.656849999999997602e-02 4.660419999999999563e-01
8.420842500000000896e-01 -3.636449999999998017e-02 4.664385249999999927e-01
8.649575000000000458e-01 -4.585549999999997961e-02 4.654537499999999994e-01
8.537655000000000660e-01 -4.561199999999998589e-02 4.659027999999999503e-01
8.425487500000000685e-01 -4.500599999999997658e-02 4.662866499999999692e-01
8.646177500000000737e-01 -5.564099999999999602e-02 4.653058999999999945e-01
8.535427500000000167e-01 -5.471024999999998806e-02 4.657853750000000015e-01
8.424242500000000966e-01 -5.371175000000000255e-02 4.661498000000000030e-01
8.637652500000000400e-01 -6.524549999999998406e-02 4.656084749999999661e-01
8.527474999999999916e-01 -6.399974999999999414e-02 4.657028999999999752e-01
8.417032500000000139e-01 -6.279099999999998571e-02 4.658806249999999927e-01
8.628382500000000288e-01 -7.526525000000000576e-02 4.653696249999999535e-01
8.519577500000000692e-01 -7.342899999999999427e-02 4.654880249999999720e-01
8.413010000000000765e-01 -7.299474999999999714e-02 4.656107250000000031e-01
8.627575000000000660e-01 -8.694124999999999770e-02 4.652492749999999622e-01
8.520175000000000942e-01 -8.544825000000000337e-02 4.653653749999999700e-01
8.412697500000000383e-01 -8.482824999999999394e-02 4.654766749999999509e-01
8.623047500000000642e-01 -1.001680000000000070e-01 4.655749499999999874e-01
8.517522500000000996e-01 -9.896099999999999342e-02 4.654400499999999941e-01
8.412000000000000588e-01 -9.824800000000000200e-02 4.653777749999999935e-01
8.619665000000000799e-01 -1.128182500000000088e-01 4.660735999999999768e-01
8.513717499999999827e-01 -1.128190000000000026e-01 4.658530999999999644e-01
8.408995000000000219e-01 -1.114144999999999996e-01 4.656952999999999787e-01
8.617115000000000746e-01 -1.239164999999999850e-01 4.669323749999999551e-01
8.510655000000000303e-01 -1.237447499999999867e-01 4.663064249999999689e-01
8.406600000000000739e-01 -1.229657499999999848e-01 4.657177499999999859e-01
8.615572500000000522e-01 -1.345797499999999980e-01 4.682695499999999789e-01
8.510820000000000052e-01 -1.342804999999999971e-01 4.671126499999999626e-01
8.407652500000000195e-01 -1.337160000000000015e-01 4.661202999999999874e-01
8.612747499999999778e-01 -1.454367500000000035e-01 4.690596749999999537e-01
8.508539999999999992e-01 -1.447144999999999959e-01 4.682341250000000010e-01
8.405957500000000859e-01 -1.439809999999999979e-01 4.676460249999999652e-01
8.600567500000000365e-01 -1.565157500000000090e-01 4.696541074999999732e-01
8.500190000000000801e-01 -1.550672499999999898e-01 4.688422250000000013e-01
8.397722500000001089e-01 -1.540092499999999864e-01 4.679559999999999831e-01
8.580550000000000122e-01 -1.673534999999999884e-01 4.702045549999999685e-01
8.481552500000000272e-01 -1.657664999999999833e-01 4.689140749999999858e-01
8.381350000000000744e-01 -1.644305000000000072e-01 4.676241749999999753e-01
8.558792500000000913e-01 -1.777694999999999692e-01 4.697201574999999574e-01
8.459615000000000329e-01 -1.763394999999999824e-01 4.684561499999999601e-01
8.360072500000000906e-01 -1.750569999999999904e-01 4.671488749999999635e-01
8.536207500000000392e-01 -1.881494999999999695e-01 4.690175249999999907e-01
8.439340000000000730e-01 -1.867820000000000036e-01 4.678009999999999668e-01
8.340907500000001029e-01 -1.855620000000000047e-01 4.665002249999999906e-01
8.524705000000001309e-01 -1.981295000000000139e-01 4.684574749999999566e-01
8.421890000000000764e-01 -1.977220000000000089e-01 4.671338499999999616e-01
8.325112500000000360e-01 -1.977669999999999706e-01 4.657976499999999520e-01
8.521495000000001152e-01 -2.084044999999999925e-01 4.676401749999999913e-01
8.423607500000001025e-01 -2.074320000000000053e-01 4.668430749999999962e-01
8.330112500000000919e-01 -2.067994999999999695e-01 4.660486999999999824e-01
8.510460000000000802e-01 -2.189745000000000164e-01 4.676891999999999716e-01
8.417627500000000040e-01 -2.166020000000000167e-01 4.667088749999999675e-01
8.326035000000000519e-01 -2.143194999999999961e-01 4.657494999999999830e-01
8.475650000000001238e-01 -2.293244999999999867e-01 4.674338749999999987e-01
8.390602500000000630e-01 -2.251845000000000097e-01 4.668001749999999839e-01
8.305700000000000305e-01 -2.211069999999999980e-01 4.661308750000000001e-01
8.413147500000001111e-01 -2.379769999999999941e-01 4.664727249999999770e-01
8.339317500000000827e-01 -2.322219999999999840e-01 4.661522499999999902e-01
8.265605000000000313e-01 -2.265395000000000048e-01 4.657931999999999628e-01
8.334160000000000457e-01 -2.440844999999999820e-01 4.650844499999999826e-01
8.270365000000000633e-01 -2.373270000000000102e-01 4.647102999999999651e-01
8.207267500000000604e-01 -2.305419999999999692e-01 4.643697499999999700e-01
8.251737500000000392e-01 -2.478119999999999767e-01 4.659789749999999620e-01
8.191167500000000601e-01 -2.408494999999999941e-01 4.652362250000000032e-01
8.135940000000000394e-01 -2.337345000000000117e-01 4.646896749999999687e-01
8.179737500000000550e-01 -2.515994999999999759e-01 4.695545250000000004e-01
8.116932500000000328e-01 -2.444744999999999835e-01 4.683296999999999599e-01
8.061672500000001129e-01 -2.369344999999999923e-01 4.670545749999999718e-01
8.072692500000000493e-01 -2.571844999999999826e-01 4.751807749999999997e-01
8.022610000000001129e-01 -2.488845000000000085e-01 4.728071699999999988e-01
7.976572500000000954e-01 -2.405769999999999853e-01 4.705615974999999840e-01
7.957135000000000735e-01 -2.609194999999999709e-01 4.818550249999999924e-01
7.921070000000001166e-01 -2.515319999999999778e-01 4.782705999999999902e-01
7.888300000000000312e-01 -2.423394999999999855e-01 4.749012749999999561e-01
7.806960000000000566e-01 -2.618269999999999764e-01 4.860854000000000008e-01
7.803352500000000358e-01 -2.523044999999999871e-01 4.814656499999999673e-01
7.802870000000000639e-01 -2.426944999999999797e-01 4.768037499999999707e-01
7.675512500000000182e-01 -2.599969999999999781e-01 4.870136250000000055e-01
7.692707500000001142e-01 -2.511244999999999727e-01 4.822367499999999918e-01
7.711307500000000870e-01 -2.420069999999999721e-01 4.772152000000000061e-01
7.558682500000000193e-01 -2.549520000000000119e-01 4.843429750000000089e-01
7.588355000000001072e-01 -2.469894999999999730e-01 4.797580499999999915e-01
7.619240000000000457e-01 -2.390444999999999931e-01 4.750540249999999909e-01
7.454867500000000868e-01 -2.481669999999999709e-01 4.828275249999999796e-01
7.495417500000001176e-01 -2.412694999999999701e-01 4.783458999999999905e-01
7.536425000000001040e-01 -2.343569999999999820e-01 4.738087824999999698e-01
7.371240500000000306e-01 -2.392794999999999783e-01 4.828555250000000076e-01
7.418965000000000698e-01 -2.334144999999999692e-01 4.784614499999999548e-01
7.466645000000000643e-01 -2.274494999999999711e-01 4.739768449999999800e-01
7.262544250000000368e-01 -2.274344999999999839e-01 4.816900749999999953e-01
7.321305750000000057e-01 -2.228669999999999818e-01 4.774051749999999594e-01
7.380557250000000513e-01 -2.182520000000000016e-01 4.730353374999999860e-01
7.180997250000000776e-01 -2.134194999999999842e-01 4.802274500000000002e-01
7.247907250000000801e-01 -2.103820000000000134e-01 4.759975499999999915e-01
7.314757750000000502e-01 -2.072244999999999782e-01 4.717109649999999821e-01
7.130701950000000178e-01 -1.984794999999999754e-01 4.784378999999999715e-01
7.199104250000000205e-01 -1.968845000000000178e-01 4.742049849999999678e-01
7.266875000000000417e-01 -1.949619999999999687e-01 4.698896575000000020e-01
7.097382750000000851e-01 -1.853869999999999685e-01 4.762498749999999892e-01
7.167452350000000916e-01 -1.844419999999999948e-01 4.720280155000000089e-01
7.237467000000000761e-01 -1.834545000000000203e-01 4.677855999999999681e-01
7.077865750000000844e-01 -1.716437499999999838e-01 4.737655074999999605e-01
7.150330925000000226e-01 -1.714334999999999887e-01 4.701154974999999792e-01
7.223424750000000394e-01 -1.711149999999999893e-01 4.664433499999999788e-01
7.074739250000000590e-01 -1.577284999999999937e-01 4.718260447500000065e-01
7.149833825000000420e-01 -1.581634999999999847e-01 4.688042249999999633e-01
7.225549750000000993e-01 -1.585290000000000032e-01 4.657545999999999631e-01
7.089170500000000485e-01 -1.440177499999999999e-01 4.704536824999999700e-01
7.163812500000000805e-01 -1.448007500000000058e-01 4.678659000000000012e-01
7.239485250000000649e-01 -1.455532499999999951e-01 4.653139000000000025e-01
7.106418750000000895e-01 -1.309529999999999861e-01 4.695424049999999960e-01
7.180479250000000313e-01 -1.315747499999999903e-01 4.674520500000000078e-01
7.255349750000000819e-01 -1.320274999999999921e-01 4.654040749999999727e-01
7.120161700000000593e-01 -1.180609999999999993e-01 4.692111999999999949e-01
7.191055500000000933e-01 -1.185680000000000067e-01 4.670107000000000008e-01
7.263509250000000916e-01 -1.186434999999999851e-01 4.648233749999999831e-01
7.111112250000000135e-01 -1.082029999999999936e-01 4.696263149999999609e-01
7.182917250000000475e-01 -1.079707500000000042e-01 4.673692749999999729e-01
7.254105500000000983e-01 -1.077127499999999960e-01 4.651083249999999891e-01
7.093898750000000586e-01 -9.842299999999998272e-02 4.693016749999999737e-01
7.166789450000000672e-01 -9.782874999999999210e-02 4.674106249999999685e-01
7.238675500000000262e-01 -9.728675000000000517e-02 4.655210999999999655e-01
7.078563500000000230e-01 -8.794124999999999859e-02 4.696517324999999743e-01
7.150160925000000889e-01 -8.768449999999999855e-02 4.677371499999999904e-01
7.221560750000000084e-01 -8.761800000000000144e-02 4.658233749999999840e-01
7.070857750000000275e-01 -7.709299999999999486e-02 4.697617399999999832e-01
7.140779750000000314e-01 -7.721574999999999966e-02 4.678646249999999784e-01
7.210828000000000237e-01 -7.762749999999998818e-02 4.659715249999999975e-01
7.068107500000000432e-01 -6.445224999999998872e-02 4.697389149999999791e-01
7.138261200000000084e-01 -6.450049999999998840e-02 4.677819999999999756e-01
7.208479000000000969e-01 -6.447924999999998796e-02 4.658242249999999807e-01
7.068334500000000853e-01 -5.094799999999999329e-02 4.698085300000000020e-01
7.137066325000001044e-01 -5.109049999999998315e-02 4.676516749999999889e-01
7.205872000000000943e-01 -5.120800000000000352e-02 4.655049499999999729e-01
7.073597750000000239e-01 -3.752899999999999292e-02 4.698595224999999598e-01
7.140992825000000988e-01 -3.764049999999999341e-02 4.676109250000000106e-01
7.208659750000000477e-01 -3.764800000000000091e-02 4.653409000000000018e-01
7.081629500000000688e-01 -2.356824999999999892e-02 4.697509649999999648e-01
7.148365875000000091e-01 -2.378899999999999071e-02 4.674828999999999790e-01
7.215492500000000309e-01 -2.397175000000000000e-02 4.651974999999999860e-01
7.090173500000001017e-01 -9.736250000000001847e-03 4.696724774999999630e-01
7.156340800000000613e-01 -9.865499999999999270e-03 4.673589750000000098e-01
7.222744500000000123e-01 -1.000349999999999850e-02 4.650377249999999574e-01
7.096335500000000573e-01 4.113749999999999352e-03 4.696925100000000075e-01
7.162325075000000041e-01 4.117750000000003352e-03 4.673457500000000042e-01
7.228368000000000571e-01 4.096500000000002917e-03 4.649973249999999614e-01
7.092561250000000150e-01 1.796300000000000674e-02 4.701356899999999950e-01
7.158094624999999933e-01 1.891675000000000301e-02 4.676671499999999759e-01
7.223354000000000719e-01 1.990125000000000227e-02 4.652104749999999567e-01
7.080478500000000341e-01 3.276675000000000421e-02 4.710613624999999693e-01
7.146274422500000778e-01 3.360850000000000642e-02 4.685293999999999848e-01
7.211854500000000057e-01 3.446725000000000483e-02 4.660026749999999773e-01
7.062572750000000177e-01 4.672300000000000064e-02 4.721445512499999886e-01
7.131781225000000113e-01 4.768650000000000666e-02 4.694339249999999741e-01
7.200841500000000339e-01 4.869050000000000461e-02 4.667273499999999853e-01
7.040604249999999897e-01 6.017000000000000126e-02 4.733805974999999999e-01
7.117810250000000671e-01 6.119622500000000687e-02 4.703042699999999687e-01
7.195441000000000198e-01 6.232305000000000483e-02 4.672084249999999828e-01
7.012244000000000810e-01 7.277316749999999945e-02 4.749067249999999740e-01
7.102798500000000459e-01 7.410095575000000268e-02 4.712310899999999636e-01
7.192929000000000128e-01 7.569195000000000784e-02 4.675778499999999616e-01
6.996836499999999903e-01 8.476625000000000132e-02 4.759791250000000029e-01
7.087354500000000446e-01 8.610647500000000176e-02 4.722444624999999618e-01
7.177613500000000757e-01 8.808022500000001198e-02 4.685429999999999873e-01
7.003231250000000463e-01 9.565950000000000841e-02 4.761427500000000035e-01
7.079407250000000484e-01 9.638140000000000596e-02 4.729441999999999813e-01
7.155256025000000797e-01 9.734190000000000897e-02 4.697787174999999982e-01
7.019455500000000292e-01 1.065547500000000036e-01 4.759857999999999589e-01
7.086942750000000402e-01 1.065925000000000067e-01 4.730888449999999801e-01
7.154154375000000288e-01 1.065452500000000080e-01 4.702034874999999614e-01
7.042512250000000362e-01 1.178430000000000033e-01 4.755762249999999636e-01
7.104579500000000047e-01 1.171345000000000025e-01 4.728391874999999800e-01
7.166857500000000103e-01 1.161012500000000031e-01 4.700709200000000032e-01
7.065168750000000442e-01 1.308179999999999898e-01 4.752781500000000103e-01
7.124627500000000335e-01 1.301272499999999999e-01 4.725912899999999972e-01
7.184070750000000061e-01 1.293710000000000138e-01 4.698888900000000035e-01
7.082635999999999932e-01 1.453972500000000057e-01 4.755173249999999907e-01
7.140221125000000280e-01 1.454249999999999987e-01 4.726730550000000086e-01
7.197523000000000115e-01 1.455137499999999973e-01 4.698713800000000052e-01
7.092832250000000727e-01 1.609177499999999983e-01 4.766832749999999619e-01
7.147246999999999906e-01 1.613050000000000039e-01 4.735201499999999730e-01
7.201319750000000353e-01 1.617429999999999979e-01 4.703727649999999705e-01
7.098369250000000630e-01 1.768109999999999959e-01 4.783471499999999987e-01
7.149254550000000430e-01 1.773135000000000128e-01 4.748008499999999965e-01
7.199819250000000226e-01 1.778392500000000043e-01 4.712482175000000106e-01
7.103266249999999893e-01 1.928205000000000058e-01 4.802461749999999974e-01
7.150349550000000276e-01 1.933130000000000126e-01 4.762970499999999996e-01
7.197163250000000456e-01 1.938175000000000037e-01 4.723330550000000017e-01
7.109885750000000115e-01 2.088292499999999940e-01 4.822178249999999888e-01
7.152893650000000658e-01 2.092650000000000066e-01 4.778872750000000003e-01
7.195683500000000787e-01 2.097222499999999989e-01 4.735403349999999789e-01
7.121675474999999977e-01 2.244502500000000178e-01 4.846489749999999819e-01
7.160106099999999918e-01 2.248995000000000022e-01 4.800045749999999889e-01
7.198503750000000423e-01 2.254319999999999935e-01 4.753553999999999835e-01
7.135627950000000830e-01 2.391352499999999937e-01 4.879384999999999972e-01
7.170585000000000431e-01 2.399455000000000060e-01 4.830251499999999587e-01
7.205443249999999855e-01 2.409239999999999993e-01 4.781963750000000068e-01
7.160511775000000245e-01 2.519375000000000364e-01 4.901292250000000017e-01
7.193071500000000063e-01 2.520897500000000013e-01 4.851575750000000076e-01
7.225774999999999837e-01 2.523545000000000371e-01 4.802186250000000101e-01
7.191074000000000632e-01 2.636695000000000011e-01 4.922246249999999712e-01
7.221823500000000839e-01 2.630372500000000002e-01 4.870635999999999854e-01
7.252904749999999900e-01 2.624064999999999870e-01 4.819125999999999688e-01
7.225707749999999985e-01 2.733395000000000130e-01 4.914748749999999777e-01
7.254351250000000695e-01 2.720627500000000198e-01 4.864277750000000067e-01
7.283945000000000558e-01 2.708182500000000381e-01 4.813087999999999811e-01
7.247443749999999962e-01 2.822507499999999947e-01 4.907186499999999785e-01
7.274338750000000076e-01 2.809962500000000030e-01 4.855004749999999869e-01
7.301881749999999949e-01 2.797552500000000109e-01 4.802046749999999697e-01
7.241014500000000353e-01 2.900002500000000150e-01 4.886270249999999926e-01
7.266901749999999938e-01 2.892797500000000022e-01 4.832367499999999927e-01
7.292484500000000480e-01 2.885657500000000097e-01 4.778097249999999629e-01
7.206640250000000414e-01 2.964497500000000119e-01 4.864728249999999976e-01
7.229519500000000098e-01 2.964384999999999937e-01 4.808154749999999922e-01
7.252537250000000713e-01 2.964127500000000026e-01 4.751890999999999754e-01
7.175837999999999939e-01 3.030264999999999764e-01 4.868029999999999857e-01
7.196250750000000584e-01 3.036967500000000153e-01 4.810241749999999983e-01
7.217181750000000173e-01 3.043937500000000185e-01 4.752800500000000095e-01
7.137205975000000535e-01 3.090862500000000068e-01 4.871891250000000007e-01
7.155245425000000825e-01 3.103302500000000297e-01 4.812956250000000047e-01
7.173907000000000478e-01 3.115807500000000174e-01 4.754606000000000110e-01
7.121180875000000521e-01 3.158482499999999971e-01 4.894978749999999712e-01
7.139354700000000165e-01 3.174762500000000154e-01 4.836472249999999584e-01
7.158331875000000233e-01 3.191897499999999943e-01 4.778498499999999649e-01
7.123508450000000103e-01 3.227975000000000150e-01 4.927477249999999698e-01
7.144160842500000275e-01 3.244505000000000305e-01 4.869657749999999896e-01
7.165484800000000432e-01 3.263004999999999933e-01 4.811680999999999875e-01
7.124568749999999895e-01 3.312630000000000297e-01 4.946809249999999936e-01
7.147416975000000505e-01 3.328280000000000127e-01 4.887812500000000004e-01
7.170802499999999746e-01 3.345854999999999801e-01 4.828289249999999644e-01
7.110792249999999814e-01 3.408979999999999788e-01 4.963119749999999608e-01
7.135956050000000772e-01 3.424504999999999910e-01 4.902684250000000077e-01
7.160904799999999737e-01 3.441080000000000250e-01 4.841529249999999562e-01
7.074223499999999776e-01 3.497730000000000006e-01 4.969420749999999831e-01
7.099783000000000621e-01 3.515805000000000180e-01 4.907033749999999972e-01
7.124576825000000779e-01 3.534805000000000308e-01 4.843747999999999942e-01
7.017473250000000329e-01 3.568155000000000077e-01 4.973067499999999641e-01
7.039072250000000253e-01 3.591104999999999992e-01 4.906904500000000002e-01
7.060526249999999893e-01 3.614955000000000251e-01 4.840283499999999961e-01
6.941688000000000303e-01 3.641079999999999872e-01 4.984034999999999993e-01
6.956615250000000028e-01 3.671880000000000144e-01 4.913532250000000046e-01
6.972740000000000604e-01 3.703655000000000141e-01 4.843315999999999732e-01
6.853029999999999955e-01 3.686829999999999830e-01 5.003142499999999604e-01
6.857925000000000271e-01 3.725080000000000058e-01 4.926559999999999828e-01
6.862909999999999844e-01 3.764129999999999976e-01 4.850988250000000113e-01
6.754044999999999632e-01 3.705430000000000113e-01 5.022744999999999571e-01
6.750407499999999672e-01 3.749680000000000235e-01 4.941309249999999986e-01
6.746739999999999959e-01 3.791705000000000214e-01 4.861269749999999612e-01
6.633317499999999978e-01 3.699204999999999854e-01 5.024772499999999864e-01
6.626907499999999951e-01 3.742429999999999923e-01 4.945861500000000022e-01
6.617302499999999643e-01 3.782329999999999859e-01 4.868965000000000098e-01
6.528192500000000731e-01 3.686305000000000276e-01 5.004965000000000108e-01
6.518357500000000471e-01 3.723779999999999868e-01 4.935964749999999790e-01
6.505564999999999820e-01 3.758429999999999827e-01 4.867694499999999924e-01
6.441890000000000116e-01 3.649505000000000110e-01 4.987287499999999985e-01
6.428590000000000693e-01 3.682079999999999798e-01 4.924521499999999774e-01
6.413677500000000142e-01 3.712655000000000260e-01 4.861747750000000035e-01
6.377042500000000835e-01 3.588230000000000031e-01 4.963282749999999854e-01
6.359637500000000498e-01 3.615304999999999769e-01 4.903568749999999699e-01
6.341900000000000315e-01 3.641630000000000145e-01 4.843709749999999814e-01
6.339587500000000153e-01 3.507954999999999823e-01 4.934889249999999672e-01
6.317249999999999810e-01 3.529630000000000267e-01 4.876035999999999704e-01
6.295142500000000529e-01 3.552730000000000055e-01 4.816920749999999973e-01
6.315297500000000008e-01 3.404355000000000020e-01 4.918031749999999813e-01
6.289624999999999799e-01 3.419130000000000225e-01 4.860298249999999709e-01
6.264367499999999866e-01 3.434854999999999992e-01 4.802363000000000048e-01
6.294580000000000730e-01 3.281454999999999789e-01 4.913172499999999832e-01
6.264810000000000656e-01 3.284755000000000313e-01 4.856816999999999940e-01
6.235215000000000618e-01 3.287654999999999883e-01 4.800893499999999703e-01
6.281790000000000429e-01 3.152322499999999916e-01 4.924180249999999814e-01
6.248815000000000897e-01 3.147287500000000016e-01 4.869893750000000021e-01
6.215997500000000064e-01 3.141902500000000042e-01 4.815843999999999681e-01
6.274150000000000560e-01 3.017857499999999638e-01 4.939901999999999904e-01
6.239989999999999704e-01 3.009302500000000102e-01 4.890100000000000002e-01
6.205967500000000303e-01 3.000302499999999983e-01 4.840360499999999955e-01
6.271882500000000027e-01 2.877557499999999768e-01 4.959350499999999884e-01
6.234200000000000852e-01 2.868682499999999913e-01 4.909739249999999777e-01
6.196412500000000323e-01 2.859405000000000419e-01 4.859857750000000087e-01
6.270772500000000305e-01 2.738275000000000015e-01 4.981534999999999713e-01
6.232830000000000314e-01 2.726967500000000433e-01 4.934713250000000162e-01
6.194942500000000241e-01 2.715155000000000207e-01 4.887664499999999634e-01
6.274325000000000596e-01 2.596457500000000085e-01 4.998537499999999856e-01
6.233040000000000802e-01 2.587470000000000048e-01 4.953939749999999864e-01
6.192024999999999890e-01 2.576957500000000012e-01 4.909559250000000152e-01
6.285932499999999923e-01 2.463250000000000162e-01 5.018912500000000110e-01
6.243000000000000771e-01 2.454052499999999915e-01 4.975970000000000115e-01
6.200085000000000734e-01 2.441830000000000112e-01 4.933723500000000151e-01
6.298295000000000421e-01 2.374990000000000157e-01 5.039657499999999901e-01
6.255062500000000414e-01 2.366255000000000164e-01 4.997105000000000019e-01
6.211935000000000651e-01 2.357202499999999923e-01 4.954837500000000006e-01
6.317017500000000618e-01 2.292845000000000022e-01 5.044412499999999522e-01
6.272834999999999939e-01 2.286467500000000097e-01 5.002575000000000216e-01
6.227980000000000738e-01 2.280485000000000151e-01 4.959954500000000044e-01
6.336797499999999861e-01 2.222915000000000030e-01 5.036205000000000265e-01
6.290410000000000723e-01 2.214435000000000153e-01 4.995454999999999757e-01
6.243702500000000155e-01 2.208055000000000156e-01 4.954241249999999930e-01
6.358967500000000106e-01 2.130545000000000078e-01 5.024972500000000064e-01
6.310177500000000439e-01 2.123244999999999993e-01 4.986522499999999636e-01
6.261487500000000317e-01 2.115279999999999938e-01 4.948281499999999666e-01
6.382170000000000343e-01 2.036530000000000007e-01 5.014292499999999375e-01
6.331427499999999764e-01 2.028837500000000016e-01 4.979937500000000128e-01
6.280945000000000000e-01 2.020865000000000022e-01 4.945708749999999654e-01
6.402885000000000382e-01 1.951252500000000001e-01 5.004537500000000305e-01
6.350972500000000576e-01 1.943035000000000179e-01 4.974627500000000091e-01
6.298017500000000490e-01 1.934184999999999932e-01 4.942726000000000064e-01
6.420157499999999962e-01 1.892575000000000229e-01 5.000162499999999399e-01
6.367635000000000378e-01 1.875995000000000024e-01 4.972307499999999991e-01
6.314560000000000173e-01 1.859500000000000042e-01 4.943231499999999889e-01
6.441810000000000036e-01 1.839427499999999882e-01 5.019175000000000164e-01
6.389982499999999899e-01 1.813097499999999918e-01 4.994259999999999811e-01
6.338190000000000213e-01 1.786240000000000050e-01 4.969143999999999783e-01
6.471375000000000322e-01 1.784307499999999991e-01 5.065745000000000386e-01
6.418417499999999887e-01 1.754200000000000204e-01 5.041452499999999892e-01
6.367715000000000458e-01 1.723044999999999993e-01 5.019095000000000084e-01
6.517265000000000974e-01 1.700082499999999996e-01 5.142069999999999697e-01
6.463735000000000452e-01 1.667210000000000081e-01 5.118555000000000188e-01
6.410667500000000185e-01 1.634362500000000051e-01 5.095227500000000243e-01
6.570287500000000502e-01 1.607627500000000098e-01 5.233360000000000234e-01
6.516957500000000181e-01 1.568090000000000039e-01 5.213459999999999761e-01
6.463955000000000117e-01 1.528542500000000248e-01 5.193717500000000209e-01
6.628585000000000171e-01 1.518802499999999944e-01 5.333734999999999449e-01
6.574007500000000892e-01 1.474504999999999844e-01 5.315502500000000019e-01
6.519685000000000619e-01 1.430127500000000218e-01 5.297439999999999927e-01
6.689080000000000581e-01 1.436742500000000033e-01 5.439184999999999715e-01
6.630865000000000231e-01 1.388307500000000028e-01 5.420350000000000446e-01
6.572840000000000904e-01 1.339647499999999936e-01 5.401745000000000019e-01
6.749840000000000284e-01 1.362510000000000110e-01 5.546539999999999804e-01
6.684847500000000720e-01 1.309460000000000068e-01 5.524587499999999984e-01
6.619015000000000315e-01 1.257627500000000065e-01 5.500985000000000458e-01
6.810907500000000780e-01 1.285252500000000075e-01 5.661699999999999511e-01
6.742870000000000807e-01 1.228112500000000107e-01 5.639842499999999648e-01
6.674972500000000419e-01 1.171255000000000074e-01 5.618104999999999905e-01
6.871242499999999920e-01 1.210245000000000071e-01 5.777559999999999363e-01
6.797022500000000633e-01 1.149430000000000035e-01 5.752504999999999979e-01
6.724142500000001021e-01 1.088817499999999994e-01 5.728794999999999860e-01
6.923787500000000428e-01 1.126267499999999977e-01 5.893692499999999557e-01
6.848872500000000585e-01 1.068835000000000063e-01 5.865297499999999609e-01
6.775972500000000398e-01 1.010312500000000030e-01 5.839862499999999290e-01
6.956727500000000619e-01 1.042127500000000068e-01 5.991159999999999819e-01
6.888750000000000151e-01 9.922250000000000514e-02 5.963654999999999928e-01
6.822340000000000071e-01 9.409359999999999946e-02 5.938842500000000024e-01
6.983738250000000036e-01 9.642642500000001005e-02 6.077832499999999971e-01
6.921037000000000994e-01 9.169157499999999739e-02 6.053512500000000074e-01
6.858450000000000379e-01 8.690077499999999955e-02 6.029767499999999503e-01
6.976459750000000293e-01 7.730639999999999734e-02 6.218945000000000167e-01
