8.199367500000001030e-01 6.865215000000000900e-02 4.647228499999999651e-01
8.461775000000000269e-01 3.022325000000001399e-02 4.663606750000000023e-01
8.344380000000000130e-01 2.621825000000001238e-02 4.658905499999999589e-01
8.226687500000000597e-01 2.221650000000001401e-02 4.654151749999999588e-01
8.500300000000000633e-01 1.935475000000001083e-02 4.665930999999999829e-01
8.382717500000000932e-01 1.528275000000001160e-02 4.661199499999999496e-01
8.264215000000000311e-01 1.131574999999999942e-02 4.656436499999999645e-01
8.538385000000000558e-01 8.629250000000018850e-03 4.668428749999999905e-01
8.421660000000000812e-01 4.572500000000020992e-03 4.663721749999999999e-01
8.304240000000000510e-01 8.002500000000162261e-04 4.659002499999999602e-01
8.576460000000000194e-01 -1.737999999999975675e-03 4.671028499999999584e-01
8.464342500000000546e-01 -5.495249999999979318e-03 4.666470249999999931e-01
8.351060000000000150e-01 -8.859999999999979003e-03 4.661868249999999714e-01
8.618552500000000727e-01 -1.272424999999997863e-02 4.674070999999999643e-01
8.506355000000000999e-01 -1.569199999999998374e-02 4.669391999999999987e-01
8.395927499999999988e-01 -1.833774999999998601e-02 4.664825499999999958e-01
8.657147499999999773e-01 -2.477074999999998028e-02 4.677579999999999516e-01
8.544245000000000312e-01 -2.623624999999997487e-02 4.672612250000000023e-01
8.432935000000000292e-01 -2.747799999999997467e-02 4.667789999999999995e-01
8.679727500000000706e-01 -3.558674999999998645e-02 4.680606499999999670e-01
8.569607500000000488e-01 -3.656399999999998540e-02 4.675638999999999768e-01
8.456750000000000655e-01 -3.669824999999998782e-02 4.670530249999999550e-01
8.681309999999999860e-01 -4.559999999999998777e-02 4.682486499999999885e-01
8.571405000000000829e-01 -4.521324999999998262e-02 4.677277999999999714e-01
8.460735000000000339e-01 -4.458524999999997906e-02 4.672127499999999545e-01
8.667405000000000248e-01 -5.519799999999999707e-02 4.683339999999999725e-01
8.559497500000000647e-01 -5.379174999999999929e-02 4.678091749999999660e-01
8.449222499999999858e-01 -5.240675000000000194e-02 4.672812499999999813e-01
8.643190000000000595e-01 -6.463225000000000220e-02 4.683230499999999630e-01
8.536472500000000796e-01 -6.239500000000000601e-02 4.678016999999999870e-01
8.427115000000000578e-01 -6.039724999999998567e-02 4.672635749999999866e-01
8.614012500000000072e-01 -7.391249999999999210e-02 4.682219999999999716e-01
8.509252500000000774e-01 -7.095925000000000149e-02 4.677210499999999715e-01
8.402262500000000633e-01 -6.956999999999999296e-02 4.671604749999999640e-01
8.593507500000000521e-01 -8.498349999999998960e-02 4.678303749999999650e-01
8.487232500000000401e-01 -8.219699999999999229e-02 4.673392249999999692e-01
8.380555000000000643e-01 -8.101549999999999030e-02 4.667484749999999960e-01
8.583680000000000199e-01 -9.885649999999998605e-02 4.672155249999999649e-01
8.477682500000000010e-01 -9.683624999999998484e-02 4.666972249999999933e-01
8.373532500000000489e-01 -9.563125000000000098e-02 4.659577999999999776e-01
8.579892500000000366e-01 -1.127487500000000087e-01 4.666903000000000024e-01
8.473927500000000279e-01 -1.120575000000000043e-01 4.660404249999999804e-01
8.370982500000000437e-01 -1.100027499999999825e-01 4.652486499999999858e-01
8.572410000000000307e-01 -1.242852499999999860e-01 4.667951249999999774e-01
8.467999999999999972e-01 -1.239834999999999965e-01 4.657641249999999733e-01
8.364717500000000694e-01 -1.217429999999999901e-01 4.648144499999999901e-01
8.556597500000000522e-01 -1.340092499999999964e-01 4.675891249999999943e-01
8.454262500000000458e-01 -1.329575000000000062e-01 4.660563249999999935e-01
8.352307500000000218e-01 -1.309652500000000053e-01 4.646803249999999497e-01
8.537072500000000286e-01 -1.431284999999999918e-01 4.684028999999999554e-01
8.435280000000000555e-01 -1.416297499999999987e-01 4.669278249999999630e-01
8.333310000000000439e-01 -1.396767499999999884e-01 4.657718999999999610e-01
8.508350000000000080e-01 -1.519544999999999924e-01 4.689035249999999877e-01
8.411135000000000694e-01 -1.500562500000000021e-01 4.674299999999999566e-01
8.309890000000000887e-01 -1.482924999999999938e-01 4.660305249999999733e-01
8.478767500000000679e-01 -1.604592499999999977e-01 4.688238750000000010e-01
8.382335000000000758e-01 -1.591087499999999932e-01 4.673583999999999516e-01
8.282685000000000741e-01 -1.582062499999999927e-01 4.658764499999999975e-01
8.452445000000000652e-01 -1.711057500000000009e-01 4.685413999999999968e-01
8.354407500000000653e-01 -1.701399999999999857e-01 4.670481749999999543e-01
8.254732500000000472e-01 -1.696789999999999965e-01 4.655026999999999915e-01
8.430460000000000731e-01 -1.819994999999999807e-01 4.680421749999999492e-01
8.334215000000000373e-01 -1.813619999999999677e-01 4.665563499999999530e-01
8.235310000000000130e-01 -1.813894999999999813e-01 4.649853999999999932e-01
8.423125000000000195e-01 -1.922294999999999976e-01 4.677800999999999765e-01
8.321422500000000833e-01 -1.930020000000000069e-01 4.661611749999999832e-01
8.225527500000000547e-01 -1.951820000000000221e-01 4.645620999999999778e-01
8.426195000000000768e-01 -2.017194999999999960e-01 4.679351499999999664e-01
8.331975000000000353e-01 -2.021069999999999811e-01 4.663952249999999689e-01
8.242485000000000506e-01 -2.031569999999999765e-01 4.648662999999999546e-01
8.434777500000001371e-01 -2.103145000000000153e-01 4.685548249999999526e-01
8.344492500000000312e-01 -2.100245000000000029e-01 4.669067249999999669e-01
8.255155000000000687e-01 -2.099245000000000139e-01 4.652022499999999838e-01
8.421045000000000336e-01 -2.192270000000000052e-01 4.691074749999999960e-01
8.339670000000000138e-01 -2.176144999999999885e-01 4.673747749999999646e-01
8.255205000000001014e-01 -2.161345000000000072e-01 4.655599999999999739e-01
8.382460000000000466e-01 -2.275044999999999984e-01 4.692841499999999555e-01
8.311732500000000856e-01 -2.245070000000000121e-01 4.675801499999999722e-01
8.237227500000000591e-01 -2.215345000000000231e-01 4.657692999999999972e-01
8.341490000000000293e-01 -2.352394999999999903e-01 4.696991449999999846e-01
8.275597500000000384e-01 -2.307794999999999708e-01 4.678495249999999883e-01
8.207532500000001008e-01 -2.265044999999999975e-01 4.658331749999999882e-01
8.315697500000001074e-01 -2.417019999999999724e-01 4.688014999999999821e-01
8.247667500000001040e-01 -2.366145000000000054e-01 4.668706749999999572e-01
8.186372500000000940e-01 -2.315070000000000183e-01 4.648229499999999570e-01
8.267192500000000166e-01 -2.472344999999999682e-01 4.692915749999999608e-01
8.203252500000000058e-01 -2.414819999999999744e-01 4.672367249999999639e-01
8.146810000000000995e-01 -2.350244999999999695e-01 4.649006249999999563e-01
8.179340000000000499e-01 -2.545295000000000196e-01 4.707092649999999878e-01
8.124882500000000229e-01 -2.467019999999999769e-01 4.681244749999999843e-01
8.080747500000000638e-01 -2.384919999999999818e-01 4.653797749999999955e-01
8.024167500000000119e-01 -2.580620000000000136e-01 4.737268124999999830e-01
7.992282500000000844e-01 -2.486919999999999686e-01 4.702899124999999625e-01
7.965027500000000371e-01 -2.392044999999999866e-01 4.669090249999999775e-01
7.849597500000000672e-01 -2.559695000000000165e-01 4.779705499999999940e-01
7.850460000000000216e-01 -2.467320000000000069e-01 4.736518799999999696e-01
7.856747500000000883e-01 -2.372019999999999684e-01 4.692860249999999955e-01
7.709125000000001116e-01 -2.516194999999999959e-01 4.808149749999999778e-01
7.723057500000000131e-01 -2.432944999999999691e-01 4.765114249999999885e-01
7.744457500000000438e-01 -2.345145000000000146e-01 4.719716175249999979e-01
7.588795000000000401e-01 -2.473569999999999935e-01 4.824840499999999976e-01
7.609847500000000986e-01 -2.392994999999999983e-01 4.781603999999999854e-01
7.633682500000000815e-01 -2.311894999999999922e-01 4.738595449999999931e-01
7.472085000000000532e-01 -2.428569999999999895e-01 4.830070499999999933e-01
7.504187500000000233e-01 -2.352819999999999911e-01 4.787395249999999991e-01
7.536242500000001066e-01 -2.278020000000000045e-01 4.745504499999999570e-01
7.367640500000001147e-01 -2.360244999999999704e-01 4.847224249999999568e-01
7.409122500000000500e-01 -2.292294999999999749e-01 4.804339499999999985e-01
7.449432500000000568e-01 -2.224369999999999958e-01 4.761825499999999822e-01
7.241471750000000318e-01 -2.238370000000000082e-01 4.859475999999999796e-01
7.296665750000000950e-01 -2.187545000000000184e-01 4.816533249999999655e-01
7.351327750000000716e-01 -2.135894999999999877e-01 4.773519999999999985e-01
7.138741000000000669e-01 -2.091345000000000010e-01 4.837415749999999792e-01
7.206792750000000636e-01 -2.061419999999999919e-01 4.798026249999999826e-01
7.273062500000000430e-01 -2.028944999999999776e-01 4.758216999999999586e-01
7.089793500000000082e-01 -1.940744999999999831e-01 4.789260249999999774e-01
7.163298350000000259e-01 -1.933294999999999875e-01 4.757753499999999858e-01
7.236372250000000506e-01 -1.920219999999999705e-01 4.723618599999999668e-01
7.072615750000000867e-01 -1.830195000000000016e-01 4.744242324999999871e-01
7.147933475000000092e-01 -1.825494999999999757e-01 4.714128674999999991e-01
7.223924500000000748e-01 -1.820344999999999880e-01 4.683198000000000083e-01
7.073001250000000573e-01 -1.717187500000000033e-01 4.719175774999999629e-01
7.147682200000000652e-01 -1.712497500000000061e-01 4.689564250000000101e-01
7.224179500000000864e-01 -1.706752500000000006e-01 4.659427749999999757e-01
7.069639250000000485e-01 -1.607045000000000001e-01 4.715563849999999668e-01
7.145160275000000949e-01 -1.594944999999999835e-01 4.685118500000000075e-01
7.222033500000000217e-01 -1.582242499999999830e-01 4.654584749999999826e-01
7.062646000000000202e-01 -1.474182500000000007e-01 4.709690874999999943e-01
7.138165650000000140e-01 -1.470049999999999968e-01 4.683072749999999673e-01
7.213318000000000785e-01 -1.465567499999999856e-01 4.656624749999999646e-01
7.064095000000000235e-01 -1.346102499999999869e-01 4.707407275000000113e-01
7.136951475000000711e-01 -1.346357499999999985e-01 4.683287999999999895e-01
7.209728000000000803e-01 -1.345912499999999956e-01 4.659424749999999671e-01
7.071501500000000329e-01 -1.220340000000000036e-01 4.705414524999999570e-01
7.140975250000000107e-01 -1.221939999999999971e-01 4.682781500000000041e-01
7.210896750000000965e-01 -1.221062499999999995e-01 4.660177749999999675e-01
7.066942000000000501e-01 -1.109697500000000059e-01 4.705733324999999967e-01
7.137711375000000968e-01 -1.108149999999999968e-01 4.683057999999999943e-01
7.207953750000000159e-01 -1.107259999999999911e-01 4.660581749999999635e-01
7.065617250000000293e-01 -9.923199999999998688e-02 4.703519949999999672e-01
7.136883650000001023e-01 -9.944924999999998905e-02 4.681190249999999664e-01
7.208359500000000031e-01 -9.972724999999998952e-02 4.659027499999999766e-01
7.066602750000000599e-01 -8.738275000000000903e-02 4.699290074999999955e-01
7.136214325000000969e-01 -8.815475000000000394e-02 4.678283500000000039e-01
7.206586750000000263e-01 -8.911725000000000896e-02 4.657250249999999592e-01
7.071301750000000830e-01 -7.551299999999999679e-02 4.694715749999999743e-01
7.140568075000000015e-01 -7.665824999999998335e-02 4.674773999999999874e-01
7.209910250000000076e-01 -7.818300000000000249e-02 4.654825499999999949e-01
7.077936250000000928e-01 -6.108774999999999622e-02 4.689380499999999952e-01
7.147683125000000581e-01 -6.204650000000000443e-02 4.670065749999999793e-01
7.217596250000000158e-01 -6.286924999999998764e-02 4.650641749999999686e-01
7.083011000000000168e-01 -4.580149999999999499e-02 4.684648999999999619e-01
7.152044425000000372e-01 -4.671274999999999733e-02 4.666274999999999729e-01
7.221234750000000702e-01 -4.744550000000000156e-02 4.647809249999999559e-01
7.085651750000000471e-01 -3.275949999999999696e-02 4.684606249999999639e-01
7.154140825000000481e-01 -3.317524999999998947e-02 4.666472749999999725e-01
7.222687250000000558e-01 -3.342799999999999938e-02 4.648381500000000055e-01
7.086953500000000572e-01 -1.919300000000000173e-02 4.690247499999999903e-01
7.155105925000000422e-01 -1.956974999999999687e-02 4.672356249999999878e-01
7.223301000000000860e-01 -1.985924999999999496e-02 4.654577749999999625e-01
7.089610500000000926e-01 -5.453500000000000014e-03 4.691084249999999956e-01
7.157070050000000627e-01 -5.916249999999997899e-03 4.673458500000000071e-01
7.224733500000000141e-01 -6.309249999999988479e-03 4.655842749999999919e-01
7.102319250000000972e-01 8.229750000000007892e-03 4.691058499999999909e-01
7.169847000000000303e-01 7.882000000000000117e-03 4.673512750000000104e-01
7.237479500000000288e-01 7.537000000000002031e-03 4.655969999999999831e-01
7.106752250000000215e-01 2.200750000000000622e-02 4.690533249999999654e-01
7.174593250000000921e-01 2.256275000000000641e-02 4.672996249999999963e-01
7.242174000000000111e-01 2.314850000000000241e-02 4.655567250000000046e-01
7.103940250000000400e-01 3.669175000000000214e-02 4.694306749999999639e-01
7.171855500000000605e-01 3.717225000000000390e-02 4.676794999999999702e-01
7.239493750000000061e-01 3.766975000000000184e-02 4.659377999999999576e-01
7.096919999999999895e-01 5.077689999999999981e-02 4.698396074999999783e-01
7.168763700000000405e-01 5.131580000000000863e-02 4.679966749999999731e-01
7.240632000000000179e-01 5.193910000000000193e-02 4.661547500000000066e-01
7.085156000000000232e-01 6.430355000000000099e-02 4.703857724999999657e-01
7.165143725000000519e-01 6.485432500000000433e-02 4.683433750000000062e-01
7.246107500000000812e-01 6.559202499999999825e-02 4.662775749999999997e-01
7.066720499999999960e-01 7.669542499999999763e-02 4.711012625000000065e-01
7.159736475000000322e-01 7.754362500000000491e-02 4.687414500000000039e-01
7.254249750000000274e-01 7.886322500000000901e-02 4.663485749999999874e-01
7.059169250000000284e-01 8.762242500000000378e-02 4.715187224999999871e-01
7.153379950000000598e-01 8.841602500000000919e-02 4.691381000000000023e-01
7.248783000000000865e-01 8.977725000000000288e-02 4.667315499999999950e-01
7.074792000000000858e-01 9.716950000000000587e-02 4.713375349999999742e-01
7.154162025000000424e-01 9.746292500000000580e-02 4.693283999999999789e-01
7.234077250000000570e-01 9.788147500000000945e-02 4.673025999999999569e-01
7.101384750000000468e-01 1.064700000000000091e-01 4.709044099999999955e-01
7.171283000000000518e-01 1.062537500000000079e-01 4.691257249999999934e-01
7.241593250000000204e-01 1.058169999999999944e-01 4.673293249999999621e-01
7.132662600000000408e-01 1.164350000000000107e-01 4.704696024999999726e-01
7.196308750000000032e-01 1.156602500000000061e-01 4.688326999999999911e-01
7.260863250000000324e-01 1.143867500000000093e-01 4.671586999999999823e-01
7.149435950000000428e-01 1.303060000000000052e-01 4.706530324999999571e-01
7.211966000000000765e-01 1.296502499999999947e-01 4.690551749999999909e-01
7.274496000000000295e-01 1.289567500000000089e-01 4.674669249999999776e-01
7.149203550000000629e-01 1.462262500000000021e-01 4.714620449999999963e-01
7.211289250000000317e-01 1.466177499999999911e-01 4.699318699999999738e-01
7.272389249999999805e-01 1.471500000000000030e-01 4.684566000000000008e-01
7.135614425000000871e-01 1.620769999999999988e-01 4.730673374999999625e-01
7.194570750000000015e-01 1.628700000000000148e-01 4.712823024999999721e-01
7.252946000000000115e-01 1.637305000000000010e-01 4.695028599999999663e-01
7.124067600000000278e-01 1.791475000000000151e-01 4.744349324999999618e-01
7.181079249999999803e-01 1.799777499999999919e-01 4.721868417499999748e-01
7.238013750000000801e-01 1.808420000000000027e-01 4.699267225000000048e-01
7.114068749999999941e-01 1.964629999999999987e-01 4.759929749999999848e-01
7.169006749999999872e-01 1.972794999999999965e-01 4.733209449999999929e-01
7.223768000000000411e-01 1.982277500000000081e-01 4.706422624999999638e-01
7.104991250000000091e-01 2.143385000000000151e-01 4.769779000000000102e-01
7.157620450000000689e-01 2.149040000000000117e-01 4.744591524999999810e-01
7.208972750000000040e-01 2.155974999999999975e-01 4.712321574999999707e-01
7.102059250000000157e-01 2.318317500000000031e-01 4.789130749999999659e-01
7.151477975000000153e-01 2.323159999999999947e-01 4.761567499999999620e-01
7.198866750000000314e-01 2.330230000000000079e-01 4.724750699999999970e-01
7.103585000000000038e-01 2.480407500000000043e-01 4.830755749999999793e-01
7.147877175000000305e-01 2.491130000000000011e-01 4.790438249999999787e-01
7.191983000000000681e-01 2.503699999999999815e-01 4.751074499999999867e-01
7.118954750000000553e-01 2.621972499999999928e-01 4.858535250000000083e-01
7.161910625000000863e-01 2.624994999999999967e-01 4.817711249999999668e-01
7.204893500000000284e-01 2.629515000000000047e-01 4.777204749999999778e-01
7.140744399999999770e-01 2.740639999999999743e-01 4.887215749999999637e-01
7.182598250000000739e-01 2.734792500000000071e-01 4.844572500000000059e-01
7.223738250000000249e-01 2.728877499999999845e-01 4.801400000000000112e-01
7.182514500000000135e-01 2.822149999999999936e-01 4.896666000000000074e-01
7.220631499999999869e-01 2.810917499999999736e-01 4.852445249999999821e-01
7.259361000000000841e-01 2.798275000000000068e-01 4.807818999999999843e-01
7.202931500000000486e-01 2.891907499999999964e-01 4.896762749999999942e-01
7.240393250000000114e-01 2.879300000000000193e-01 4.851373999999999964e-01
7.278397250000000485e-01 2.867689999999999961e-01 4.805005999999999999e-01
7.192129999999999912e-01 2.948957500000000120e-01 4.872058750000000105e-01
7.228942999999999897e-01 2.940635000000000332e-01 4.824901249999999919e-01
7.265420750000000094e-01 2.934852500000000308e-01 4.777325000000000044e-01
7.189290750000000285e-01 3.020570000000000199e-01 4.869253749999999936e-01
7.226159750000000770e-01 3.020785000000000275e-01 4.821217999999999893e-01
7.262672000000000017e-01 3.021727499999999900e-01 4.773041749999999972e-01
7.165037800000000345e-01 3.085309999999999997e-01 4.875464999999999938e-01
7.200512749999999906e-01 3.093075000000000130e-01 4.826517999999999642e-01
7.235636750000000728e-01 3.101672500000000054e-01 4.777006999999999781e-01
7.136841125000000785e-01 3.151700000000000057e-01 4.876356249999999615e-01
7.170458750000000547e-01 3.166412499999999852e-01 4.826291749999999658e-01
7.203727750000000762e-01 3.181397499999999989e-01 4.775837499999999736e-01
7.126263575000000294e-01 3.220642499999999964e-01 4.901898000000000089e-01
7.159689525000000332e-01 3.240279999999999827e-01 4.851982999999999713e-01
7.192808750000000417e-01 3.259004999999999819e-01 4.801739749999999751e-01
7.094958749999999981e-01 3.283455000000000124e-01 4.921794749999999774e-01
7.128107375000000134e-01 3.303530000000000078e-01 4.872101749999999676e-01
7.160909650000000237e-01 3.325454999999999939e-01 4.821703749999999844e-01
7.077312000000000047e-01 3.360779999999999879e-01 4.941503499999999605e-01
7.109846000000000776e-01 3.380580000000000251e-01 4.889900749999999685e-01
7.143520675000000208e-01 3.402155000000000040e-01 4.837399749999999887e-01
7.066530750000000749e-01 3.441954999999999876e-01 4.976912499999999739e-01
7.099231750000000174e-01 3.460854999999999904e-01 4.922384499999999941e-01
7.134817399999999754e-01 3.480579999999999785e-01 4.867925499999999905e-01
7.058667499999999873e-01 3.512204999999999910e-01 4.985237499999999877e-01
7.092515249999999938e-01 3.533355000000000246e-01 4.928609999999999935e-01
7.127078500000000316e-01 3.555805000000000216e-01 4.871649499999999855e-01
7.014620000000000299e-01 3.559780000000000166e-01 4.985549999999999704e-01
7.045604250000000457e-01 3.587555000000000049e-01 4.925936499999999940e-01
7.075044249999999924e-01 3.615729999999999777e-01 4.864433999999999703e-01
6.942513000000000156e-01 3.597405000000000186e-01 4.990267499999999634e-01
6.966438249999999943e-01 3.632155000000000244e-01 4.925638999999999990e-01
6.991080000000000627e-01 3.664879999999999804e-01 4.858404000000000056e-01
6.864430000000000254e-01 3.624930000000000097e-01 4.993057499999999926e-01
6.882304999999999673e-01 3.665255000000000041e-01 4.921440999999999732e-01
6.900774000000000630e-01 3.702929999999999833e-01 4.848310750000000002e-01
6.788467500000000543e-01 3.667905000000000193e-01 5.006567499999999837e-01
6.798485000000000777e-01 3.715505000000000058e-01 4.928025500000000059e-01
6.809952500000000519e-01 3.760530000000000261e-01 4.850899999999999657e-01
6.687332500000000568e-01 3.694129999999999914e-01 5.005247499999999627e-01
6.691820000000000546e-01 3.742630000000000123e-01 4.929313999999999640e-01
6.695222499999999854e-01 3.787555000000000227e-01 4.855102249999999620e-01
6.598715000000000552e-01 3.706105000000000094e-01 4.982812500000000089e-01
6.596899999999999986e-01 3.748854999999999826e-01 4.916311749999999758e-01
6.593217500000000397e-01 3.788529999999999953e-01 4.849941749999999718e-01
6.525655000000000205e-01 3.685304999999999831e-01 4.963005500000000070e-01
6.516837500000000061e-01 3.722380000000000133e-01 4.901718999999999937e-01
6.507945000000000535e-01 3.757305000000000228e-01 4.840181000000000067e-01
6.460639999999999716e-01 3.634080000000000088e-01 4.937923999999999647e-01
6.447547500000000431e-01 3.665229999999999877e-01 4.878958999999999935e-01
6.434619999999999784e-01 3.695330000000000004e-01 4.819881999999999778e-01
6.418070000000000164e-01 3.567854999999999777e-01 4.906895249999999598e-01
6.402202500000000462e-01 3.591205000000000092e-01 4.846195249999999954e-01
6.386057499999999720e-01 3.615304999999999769e-01 4.785482749999999674e-01
6.390215000000000201e-01 3.475630000000000108e-01 4.897520750000000089e-01
6.372995000000000188e-01 3.489479999999999804e-01 4.836584250000000029e-01
6.354889999999999706e-01 3.503780000000000228e-01 4.775656749999999673e-01
6.377255000000000562e-01 3.362479999999999913e-01 4.898654000000000064e-01
6.359952500000000120e-01 3.363205000000000222e-01 4.837257500000000099e-01
6.341955000000000231e-01 3.363955000000000140e-01 4.776721749999999767e-01
6.388645000000000573e-01 3.238665000000000016e-01 4.912406500000000009e-01
6.371067500000000550e-01 3.233082499999999637e-01 4.851715749999999661e-01
6.353752500000000580e-01 3.227630000000000221e-01 4.791139500000000107e-01
6.409584999999999866e-01 3.085789999999999922e-01 4.930486249999999626e-01
6.394002500000000033e-01 3.072397500000000337e-01 4.873167999999999944e-01
6.378710000000000768e-01 3.058299999999999907e-01 4.816041999999999823e-01
6.450690000000000035e-01 2.925995000000000124e-01 4.957091249999999727e-01
6.435647500000000187e-01 2.909937499999999955e-01 4.898213999999999624e-01
6.420505000000000795e-01 2.893609999999999793e-01 4.839146249999999871e-01
6.510462500000000485e-01 2.771799999999999820e-01 4.982944999999999736e-01
6.497447499999999820e-01 2.752267499999999645e-01 4.926447499999999646e-01
6.484237500000000765e-01 2.733017500000000100e-01 4.869790749999999835e-01
6.591022500000000006e-01 2.631720000000000170e-01 5.001667499999999933e-01
6.576895000000000380e-01 2.612750000000000350e-01 4.944522000000000084e-01
6.563849999999999962e-01 2.593267499999999948e-01 4.887771249999999790e-01
6.705982500000000623e-01 2.521244999999999736e-01 5.003692499999999876e-01
6.689652500000000668e-01 2.503410000000000357e-01 4.948112499999999803e-01
6.677260000000000417e-01 2.482540000000000024e-01 4.892430999999999863e-01
6.796610000000000706e-01 2.466072500000000001e-01 5.001517500000000060e-01
6.779209999999999958e-01 2.448335000000000095e-01 4.946838499999999805e-01
6.762932500000000680e-01 2.430895000000000139e-01 4.892211750000000081e-01
6.887422500000000003e-01 2.433764999999999956e-01 4.986402500000000071e-01
6.867309999999999803e-01 2.417475000000000041e-01 4.933347999999999622e-01
6.846005000000000562e-01 2.402022500000000060e-01 4.879615250000000071e-01
6.960729500000000236e-01 2.413639999999999952e-01 4.969513249999999993e-01
6.939304500000000875e-01 2.397697500000000037e-01 4.915562249999999578e-01
6.916385000000000449e-01 2.383117500000000166e-01 4.862434250000000069e-01
7.051918000000000353e-01 2.382259999999999933e-01 4.938060249999999818e-01
7.025660500000000530e-01 2.368175000000000141e-01 4.884774249999999651e-01
7.000117000000000145e-01 2.353389999999999926e-01 4.831438750000000004e-01
7.137014099999999805e-01 2.346207500000000168e-01 4.900522999999999962e-01
7.106214499999999878e-01 2.333682499999999993e-01 4.849262749999999622e-01
7.076745250000000542e-01 2.320527500000000021e-01 4.799764999999999726e-01
7.208472750000000095e-01 2.322285000000000044e-01 4.860595500000000069e-01
7.176942000000000599e-01 2.310224999999999917e-01 4.811043749999999730e-01
7.151842875000000710e-01 2.299029999999999963e-01 4.768263999999999836e-01
7.259339750000000091e-01 2.311775000000000080e-01 4.835770999999999820e-01
7.233729750000000847e-01 2.297585000000000044e-01 4.781560499999999991e-01
7.209645000000000081e-01 2.283512500000000056e-01 4.730177274999999848e-01
7.306059000000000303e-01 2.289227500000000082e-01 4.823650749999999765e-01
7.289274000000000031e-01 2.269734999999999947e-01 4.765739749999999830e-01
7.272514500000000215e-01 2.249907500000000171e-01 4.707933850000000087e-01
7.365078250000000049e-01 2.249182500000000140e-01 4.834272499999999750e-01
7.350079000000000473e-01 2.226337499999999914e-01 4.775049000000000099e-01
7.337603999999999793e-01 2.202969999999999928e-01 4.717399182500000010e-01
7.465614999999999890e-01 2.198252499999999998e-01 4.849272499999999764e-01
7.452647500000000313e-01 2.172945000000000015e-01 4.789243749999999578e-01
7.440232500000000249e-01 2.147720000000000184e-01 4.729330474999999812e-01
7.588679999999999870e-01 2.163329999999999975e-01 4.861508999999999969e-01
7.583117500000000621e-01 2.134122499999999978e-01 4.799499249999999995e-01
7.577747500000000525e-01 2.105090000000000017e-01 4.737436849999999700e-01
7.722700000000000120e-01 2.153112500000000096e-01 4.876585999999999976e-01
7.723170000000000313e-01 2.121662500000000007e-01 4.811778250000000035e-01
7.723160000000000025e-01 2.090325000000000100e-01 4.746863749999999937e-01
7.871182500000000193e-01 2.172957500000000097e-01 4.893895249999999919e-01
7.872657499999999864e-01 2.139002500000000140e-01 4.823818749999999600e-01
7.874520000000000408e-01 2.105255000000000043e-01 4.753758249999999741e-01
8.014257500000000478e-01 2.216100000000000014e-01 4.908026749999999661e-01
8.014395000000000824e-01 2.177982499999999988e-01 4.830028999999999573e-01
8.012520000000000753e-01 2.139355000000000007e-01 4.751987749999999622e-01
8.161180000000000101e-01 2.274382500000000085e-01 4.914903499999999648e-01
8.162707500000000449e-01 2.234490000000000087e-01 4.832345749999999995e-01
8.164385000000000669e-01 2.195130000000000137e-01 4.750065249999999573e-01
8.304847499999999938e-01 2.339007500000000184e-01 4.918356499999999576e-01
8.304030000000000022e-01 2.294730000000000103e-01 4.829117749999999876e-01
8.304610000000000047e-01 2.252079999999999915e-01 4.741047949999999678e-01
8.453827500000000716e-01 2.402007500000000184e-01 4.907801249999999560e-01
8.446115000000000705e-01 2.355450000000000044e-01 4.820280750000000003e-01
8.442955000000000876e-01 2.311695000000000000e-01 4.733453099999999636e-01
8.577272500000000521e-01 2.445652500000000118e-01 4.880673749999999700e-01
8.568397500000000111e-01 2.403425000000000145e-01 4.802817999999999810e-01
8.562862500000000265e-01 2.362992500000000162e-01 4.725081199999999759e-01
8.687487500000000695e-01 2.483005000000000073e-01 4.852636499999999908e-01
8.680880000000000818e-01 2.444495000000000140e-01 4.780092749999999557e-01
8.675082499999999808e-01 2.406277500000000014e-01 4.707212399999999852e-01
8.889362499999999834e-01 2.517780000000000018e-01 4.731974149999999546e-01
