8.266990000000000727e-01 7.167067750000001569e-02 4.665011499999999756e-01
8.507862500000000772e-01 3.181625000000001119e-02 4.665293749999999684e-01
8.388444999999999929e-01 2.848900000000001431e-02 4.668716499999999714e-01
8.268972500000000281e-01 2.515600000000001168e-02 4.672314999999999663e-01
8.539695000000000480e-01 2.073000000000001231e-02 4.665428249999999943e-01
8.420082500000000136e-01 1.735550000000000981e-02 4.668772749999999805e-01
8.300270000000000703e-01 1.404875000000001262e-02 4.672432249999999843e-01
8.570152500000000062e-01 9.790750000000014719e-03 4.664998999999999674e-01
8.451565000000000882e-01 6.433000000000022034e-03 4.668708999999999776e-01
8.333627500000000410e-01 3.285000000000024012e-03 4.672301499999999552e-01
8.598475000000000978e-01 -7.524999999999754108e-04 4.664593249999999802e-01
8.484912500000000302e-01 -3.897749999999977621e-03 4.668102249999999676e-01
8.370670000000000055e-01 -6.764999999999979363e-03 4.671518249999999650e-01
8.628515000000001045e-01 -1.176624999999997812e-02 4.663984249999999498e-01
8.515372500000000233e-01 -1.423099999999997978e-02 4.667412999999999701e-01
8.403222500000000483e-01 -1.647474999999998246e-02 4.670701499999999617e-01
8.654775000000000107e-01 -2.362949999999998385e-02 4.663382249999999951e-01
8.541712500000000485e-01 -2.482849999999997559e-02 4.666744249999999483e-01
8.429012500000000463e-01 -2.588474999999998416e-02 4.669971249999999574e-01
8.671900000000000164e-01 -3.444099999999998551e-02 4.662847749999999847e-01
8.560940000000000216e-01 -3.530949999999997979e-02 4.666151499999999785e-01
8.446645000000000403e-01 -3.563074999999997494e-02 4.669332749999999810e-01
8.674442500000000278e-01 -4.519099999999998118e-02 4.662559999999999483e-01
8.563087500000000629e-01 -4.494524999999997827e-02 4.665954499999999672e-01
8.450330000000000341e-01 -4.464374999999998206e-02 4.668973249999999742e-01
8.667397500000000310e-01 -5.584624999999998618e-02 4.662177249999999717e-01
8.557495000000000518e-01 -5.479124999999998580e-02 4.665836999999999901e-01
8.446022500000001099e-01 -5.389924999999998190e-02 4.668616250000000023e-01
8.654222500000000595e-01 -6.631549999999999945e-02 4.666090499999999697e-01
8.544792500000000235e-01 -6.489200000000000523e-02 4.665700249999999993e-01
8.434297500000000891e-01 -6.353049999999998976e-02 4.666196999999999706e-01
8.639357500000000023e-01 -7.705275000000000318e-02 4.663789249999999997e-01
8.531357500000000815e-01 -7.506050000000000222e-02 4.663657249999999532e-01
8.424635000000000318e-01 -7.446649999999999103e-02 4.663781999999999650e-01
8.634820000000000828e-01 -8.915524999999999145e-02 4.661526249999999871e-01
8.526900000000000590e-01 -8.783749999999998503e-02 4.661266999999999494e-01
8.419877500000000348e-01 -8.691899999999999626e-02 4.661213749999999489e-01
8.632925000000000182e-01 -1.016274999999999817e-01 4.663249250000000012e-01
8.526367500000000543e-01 -1.007579999999999865e-01 4.659068749999999981e-01
8.420945000000000791e-01 -1.001279999999999948e-01 4.654932999999999987e-01
8.635525000000000562e-01 -1.134927500000000034e-01 4.664893749999999839e-01
8.528652500000000192e-01 -1.137212499999999959e-01 4.659034249999999822e-01
8.423402500000000126e-01 -1.125862499999999988e-01 4.653380749999999622e-01
8.635435000000000194e-01 -1.241029999999999911e-01 4.670817749999999768e-01
8.529975000000000751e-01 -1.239059999999999884e-01 4.659721999999999476e-01
8.425815000000000943e-01 -1.233077499999999938e-01 4.649465999999999877e-01
8.633250000000000091e-01 -1.344640000000000002e-01 4.682199499999999959e-01
8.529675000000001006e-01 -1.339492499999999919e-01 4.665160999999999891e-01
8.427067500000000599e-01 -1.333137500000000086e-01 4.650143249999999506e-01
8.627282499999999743e-01 -1.450327499999999881e-01 4.687246749999999795e-01
8.524295000000000622e-01 -1.439074999999999938e-01 4.673955999999999666e-01
8.422070000000000389e-01 -1.429169999999999885e-01 4.663424499999999639e-01
8.610555000000000847e-01 -1.557949999999999890e-01 4.690812999999999788e-01
8.511830000000000229e-01 -1.538612500000000050e-01 4.677820999999999785e-01
8.409815000000000484e-01 -1.527752500000000013e-01 4.663799750000000022e-01
8.583905000000000562e-01 -1.669809999999999905e-01 4.693999749999999693e-01
8.486817500000001235e-01 -1.649497500000000061e-01 4.675585749999999763e-01
8.387927500000000869e-01 -1.632582499999999937e-01 4.656673499999999799e-01
8.554497500000000088e-01 -1.778345000000000065e-01 4.690905499999999950e-01
8.457032500000001285e-01 -1.760074999999999834e-01 4.672293499999999877e-01
8.358697500000000780e-01 -1.743659999999999932e-01 4.653421499999999544e-01
8.524640000000001105e-01 -1.886369999999999991e-01 4.686955250000000017e-01
8.429375000000001172e-01 -1.869319999999999871e-01 4.668599749999999826e-01
8.331922500000000786e-01 -1.854020000000000112e-01 4.649962999999999735e-01
8.507177500000000503e-01 -1.990469999999999740e-01 4.685307249999999812e-01
8.405250000000000776e-01 -1.984044999999999837e-01 4.665588499999999694e-01
8.308127500000000998e-01 -1.983094999999999719e-01 4.647337749999999601e-01
8.500777500000000764e-01 -2.094944999999999724e-01 4.680195749999999655e-01
8.402930000000000677e-01 -2.085770000000000124e-01 4.666787999999999492e-01
8.309647500000000298e-01 -2.079619999999999802e-01 4.654508749999999861e-01
8.490605000000001068e-01 -2.201945000000000152e-01 4.684408999999999934e-01
8.397730000000001027e-01 -2.181244999999999989e-01 4.667685499999999488e-01
8.306427500000000963e-01 -2.161445000000000172e-01 4.651342499999999713e-01
8.460127500000000911e-01 -2.307994999999999908e-01 4.679850499999999580e-01
8.373065000000000646e-01 -2.271369999999999778e-01 4.667379749999999716e-01
8.286627500000001145e-01 -2.235145000000000048e-01 4.654594999999999705e-01
8.405930000000000346e-01 -2.401619999999999866e-01 4.666708749999999850e-01
8.328995000000000148e-01 -2.348669999999999924e-01 4.655118999999999785e-01
8.252600000000001046e-01 -2.296845000000000137e-01 4.642737249999999705e-01
8.329842500000000927e-01 -2.473469999999999835e-01 4.661625499999999533e-01
8.263314999999999966e-01 -2.409045000000000214e-01 4.648159000000000041e-01
8.197670000000000234e-01 -2.345119999999999982e-01 4.634321999999999608e-01
8.247222500000001011e-01 -2.519644999999999802e-01 4.674856499999999748e-01
8.185577500000000839e-01 -2.450970000000000093e-01 4.656541499999999889e-01
8.129027500000000073e-01 -2.381745000000000112e-01 4.639722000000000013e-01
8.171647500000001063e-01 -2.560069999999999846e-01 4.713674749999999802e-01
8.110132500000000189e-01 -2.487595000000000223e-01 4.688900749999999618e-01
8.056420000000000803e-01 -2.412969999999999837e-01 4.663520250000000034e-01
8.058310000000000750e-01 -2.600120000000000209e-01 4.774837249999999700e-01
8.012322500000000902e-01 -2.519219999999999793e-01 4.736922650000000012e-01
7.970180000000000042e-01 -2.438095000000000123e-01 4.700269125000000048e-01
7.939825000000000355e-01 -2.617694999999999883e-01 4.842174499999999937e-01
7.908479999999999954e-01 -2.528619999999999757e-01 4.791411250000000011e-01
7.880220000000000002e-01 -2.441070000000000184e-01 4.743019124999999780e-01
7.791655000000000664e-01 -2.611120000000000108e-01 4.881460999999999717e-01
7.790852500000000624e-01 -2.523469999999999880e-01 4.821181999999999968e-01
7.793340000000000822e-01 -2.435344999999999871e-01 4.760461249999999866e-01
7.664600000000000302e-01 -2.586494999999999767e-01 4.886229249999999857e-01
7.681447500000000428e-01 -2.505295000000000161e-01 4.825462499999999544e-01
7.699330000000000895e-01 -2.423569999999999891e-01 4.762217249999999846e-01
7.550125000000000863e-01 -2.547094999999999776e-01 4.854046750000000077e-01
7.576690000000000369e-01 -2.473920000000000008e-01 4.796292249999999924e-01
7.603710000000000191e-01 -2.401619999999999866e-01 4.737344474999999888e-01
7.445827500000000709e-01 -2.490220000000000211e-01 4.833879499999999552e-01
7.481117500000000753e-01 -2.426269999999999816e-01 4.778138999999999581e-01
7.516660000000000563e-01 -2.362219999999999875e-01 4.722039849999999928e-01
7.359255000000000102e-01 -2.410069999999999713e-01 4.829565749999999991e-01
7.399625000000000785e-01 -2.355295000000000027e-01 4.774384999999999879e-01
7.440440000000000387e-01 -2.299370000000000025e-01 4.719231814999999552e-01
7.249132750000000236e-01 -2.296944999999999681e-01 4.825816499999999731e-01
7.300502250000000526e-01 -2.254194999999999949e-01 4.771551749999999870e-01
7.352522500000000516e-01 -2.210794999999999844e-01 4.716994250000000055e-01
7.163156025000000371e-01 -2.162569999999999770e-01 4.813678750000000006e-01
7.223761250000000356e-01 -2.133669999999999733e-01 4.761766249999999645e-01
7.284278250000000288e-01 -2.103570000000000162e-01 4.709612699999999874e-01
7.104330750000000805e-01 -2.018969999999999931e-01 4.791596499999999925e-01
7.170993750000000944e-01 -2.002220000000000111e-01 4.744523975000000116e-01
7.236870250000000393e-01 -1.982844999999999747e-01 4.697023850000000000e-01
7.074976000000000598e-01 -1.879569999999999852e-01 4.765702249999999585e-01
7.145844610000000596e-01 -1.872769999999999713e-01 4.723734450000000029e-01
7.216879750000000371e-01 -1.865944999999999965e-01 4.681464999999999654e-01
7.066865250000000653e-01 -1.736037500000000011e-01 4.738889974999999644e-01
7.140082275000000367e-01 -1.739205000000000056e-01 4.703869774999999698e-01
7.214248000000000882e-01 -1.741267499999999968e-01 4.668138499999999746e-01
7.075395250000000580e-01 -1.596360000000000001e-01 4.716203374999999864e-01
7.149597425000000506e-01 -1.604474999999999929e-01 4.688690999999999831e-01
7.225010250000000189e-01 -1.611515000000000031e-01 4.660509499999999639e-01
7.089299000000000017e-01 -1.462552500000000033e-01 4.705661549999999860e-01
7.165182575000000886e-01 -1.469979999999999898e-01 4.683900249999999876e-01
7.241638000000000241e-01 -1.477002500000000051e-01 4.662465249999999672e-01
7.104174250000000468e-01 -1.330857500000000027e-01 4.703209724999999897e-01
7.179799000000000042e-01 -1.335822499999999857e-01 4.686722249999999979e-01
7.255897750000001034e-01 -1.339117499999999961e-01 4.670781749999999843e-01
7.113567000000000640e-01 -1.199119999999999908e-01 4.703714724999999985e-01
7.186830250000000309e-01 -1.204412499999999997e-01 4.689677999999999902e-01
7.261403000000000718e-01 -1.204739999999999978e-01 4.675904750000000054e-01
7.103668250000000350e-01 -1.102617499999999917e-01 4.702231374999999991e-01
7.177766750000000862e-01 -1.100595000000000045e-01 4.687713749999999902e-01
7.250994250000000196e-01 -1.098067500000000085e-01 4.673068249999999813e-01
7.086537000000000530e-01 -1.006569999999999965e-01 4.692397999999999847e-01
7.161401824999999999e-01 -1.001247499999999846e-01 4.681887499999999869e-01
7.235138750000000840e-01 -9.967899999999998983e-02 4.671265749999999883e-01
7.071579750000001052e-01 -9.034174999999999844e-02 4.688911749999999934e-01
7.145442120000000674e-01 -9.014649999999999053e-02 4.678354999999999597e-01
7.218796500000000949e-01 -9.019499999999999740e-02 4.667733499999999758e-01
7.065470250000001062e-01 -7.961574999999998514e-02 4.683535749999999664e-01
7.137917200000000184e-01 -7.978425000000000100e-02 4.673297999999999619e-01
7.210002250000000501e-01 -8.031425000000000369e-02 4.663106249999999786e-01
7.070586000000000926e-01 -6.638874999999999638e-02 4.677808749999999849e-01
7.142722322500000276e-01 -6.667724999999999347e-02 4.666723249999999990e-01
7.215054500000001036e-01 -6.690099999999998825e-02 4.655585499999999599e-01
7.082627000000000228e-01 -5.225949999999998652e-02 4.675023500000000110e-01
7.153331300000000947e-01 -5.270174999999999166e-02 4.662057749999999889e-01
7.224351250000000668e-01 -5.312999999999998280e-02 4.649117999999999862e-01
7.095479250000000793e-01 -3.861850000000000005e-02 4.671623249999999894e-01
7.165928550000000286e-01 -3.880799999999999528e-02 4.660728249999999684e-01
7.236381750000000501e-01 -3.896424999999999195e-02 4.649950499999999654e-01
7.104179999999999939e-01 -2.507249999999999757e-02 4.671104749999999695e-01
7.173921250000000471e-01 -2.528649999999998954e-02 4.659977249999999738e-01
7.243914500000000478e-01 -2.549350000000000227e-02 4.648867749999999743e-01
7.110122750000000824e-01 -1.178724999999999912e-02 4.671572999999999976e-01
7.179286750000000161e-01 -1.178599999999999093e-02 4.659586749999999888e-01
7.248593750000000835e-01 -1.180074999999999874e-02 4.647584750000000042e-01
7.111498500000000833e-01 1.536500000000010080e-03 4.672801999999999789e-01
7.180486249999999959e-01 1.742500000000007931e-03 4.660490499999999647e-01
7.249482500000000718e-01 1.923000000000008036e-03 4.648184499999999941e-01
7.100370500000000584e-01 1.479675000000000434e-02 4.680412999999999935e-01
7.168676175000000539e-01 1.601050000000000390e-02 4.667124999999999746e-01
7.236620750000000157e-01 1.725325000000000469e-02 4.653939749999999598e-01
7.080297000000000951e-01 2.907750000000000612e-02 4.691792999999999658e-01
7.149053175000000815e-01 3.016050000000000675e-02 4.678047999999999651e-01
7.217629750000000843e-01 3.127525000000000444e-02 4.664375499999999786e-01
7.056753500000000345e-01 4.276350000000000290e-02 4.704009324999999797e-01
7.129264825000000139e-01 4.393825000000000508e-02 4.689209999999999767e-01
7.201637750000000615e-01 4.515900000000000469e-02 4.674480749999999629e-01
7.030321250000000077e-01 5.601580000000000448e-02 4.716576024999999950e-01
7.111444749999999981e-01 5.722217500000000012e-02 4.699629750000000050e-01
7.193013500000000615e-01 5.852907500000000679e-02 4.682627999999999791e-01
6.998141750000000938e-01 6.847860000000000058e-02 4.730205100000000051e-01
7.093515000000000237e-01 6.993762500000000326e-02 4.709797249999999602e-01
7.188416750000000688e-01 7.166051250000000927e-02 4.689678999999999931e-01
6.980539749999999932e-01 8.039464999999999806e-02 4.741313924999999707e-01
7.076075000000000559e-01 8.179274999999999740e-02 4.720343912499999628e-01
7.171303749999999866e-01 8.382535000000000680e-02 4.699832499999999635e-01
6.986556250000000023e-01 9.122432500000000888e-02 4.746155499999999972e-01
7.067095500000000197e-01 9.194800000000000195e-02 4.727963474999999915e-01
7.147266800000000586e-01 9.292084999999999928e-02 4.710079349999999887e-01
7.003683750000000430e-01 1.020430000000000087e-01 4.749373749999999950e-01
7.075129250000000702e-01 1.020432500000000020e-01 4.732560249999999691e-01
7.146278255000000357e-01 1.019622500000000043e-01 4.715753699999999937e-01
7.028632250000000914e-01 1.132105000000000056e-01 4.750707249999999715e-01
7.094381750000000597e-01 1.124364999999999948e-01 4.734504549999999923e-01
7.160363100000000092e-01 1.113352499999999967e-01 4.717943019999999987e-01
7.054023750000000259e-01 1.260047499999999987e-01 4.752701500000000023e-01
7.117118749999999938e-01 1.252040000000000097e-01 4.736605249999999989e-01
7.180232750000000719e-01 1.243315000000000115e-01 4.720316379999999756e-01
7.074719000000000424e-01 1.403847500000000026e-01 4.758289249999999582e-01
7.136383299999999874e-01 1.402245000000000019e-01 4.740396924999999984e-01
7.197758250000000357e-01 1.401237499999999914e-01 4.722859674999999591e-01
7.087797250000000826e-01 1.557022499999999865e-01 4.769830999999999932e-01
7.147085425000000436e-01 1.558492499999999947e-01 4.748328249999999584e-01
7.206056000000000683e-01 1.560462499999999975e-01 4.726911549999999740e-01
7.096044500000000532e-01 1.713899999999999868e-01 4.783660249999999725e-01
7.152669550000000376e-01 1.716260000000000008e-01 4.757886499999999796e-01
7.209029000000000131e-01 1.718855000000000244e-01 4.731988050000000001e-01
7.102799499999999933e-01 1.871887500000000149e-01 4.797950500000000007e-01
7.156524600000000458e-01 1.874117499999999881e-01 4.767692000000000041e-01
7.210049500000000888e-01 1.876472499999999877e-01 4.737228249999999585e-01
7.109744749999999947e-01 2.029612500000000097e-01 4.811609249999999616e-01
7.160161675000000780e-01 2.031577499999999981e-01 4.777037000000000089e-01
7.210429000000000421e-01 2.033745000000000136e-01 4.742226174999999988e-01
7.115470500000000698e-01 2.184470000000000023e-01 4.826316250000000085e-01
7.162114900000000617e-01 2.186820000000000153e-01 4.787936749999999742e-01
7.208725249999999862e-01 2.189885000000000026e-01 4.749379499999999976e-01
7.117295250000000850e-01 2.331705000000000028e-01 4.846907999999999772e-01
7.161150200000000465e-01 2.337632500000000058e-01 4.805036999999999781e-01
7.204615000000000880e-01 2.345069999999999932e-01 4.763694499999999721e-01
7.128718525000000694e-01 2.462417500000000092e-01 4.858762249999999949e-01
7.171018500000000406e-01 2.461705000000000143e-01 4.816718499999999570e-01
7.213231749999999831e-01 2.461772500000000141e-01 4.774601249999999575e-01
7.142543517500000716e-01 2.589727499999999738e-01 4.872915250000000031e-01
7.183983250000000043e-01 2.581672500000000148e-01 4.829261749999999576e-01
7.225463250000000448e-01 2.573444999999999760e-01 4.785490249999999612e-01
7.173874500000000376e-01 2.693590000000000151e-01 4.872148499999999771e-01
7.212283500000000735e-01 2.680335000000000356e-01 4.828232000000000079e-01
7.251504000000000838e-01 2.667174999999999963e-01 4.783828749999999852e-01
7.206409750000000169e-01 2.788490000000000135e-01 4.881220249999999594e-01
7.242720249999999860e-01 2.774552500000000421e-01 4.835097499999999604e-01
7.279824999999999768e-01 2.761080000000000201e-01 4.788646500000000028e-01
7.220755250000000514e-01 2.877739999999999743e-01 4.871448499999999626e-01
7.254802249999999786e-01 2.866339999999999999e-01 4.823206749999999765e-01
7.289082250000000762e-01 2.855115000000000292e-01 4.774467249999999607e-01
7.207858249999999911e-01 2.956345000000000223e-01 4.851076749999999604e-01
7.241027500000000172e-01 2.952067500000000178e-01 4.800908499999999579e-01
7.273905750000000392e-01 2.947077500000000461e-01 4.749869999999999925e-01
7.178664500000000448e-01 3.026952499999999713e-01 4.836113999999999691e-01
7.209891500000000786e-01 3.028702500000000075e-01 4.783386249999999618e-01
7.240398500000000404e-01 3.030039999999999956e-01 4.729769624999999866e-01
7.141906175000000134e-01 3.091932499999999751e-01 4.817376749999999763e-01
7.170214750000000192e-01 3.098905000000000132e-01 4.761770999999999643e-01
7.197873000000000188e-01 3.106050000000000200e-01 4.705809199999999581e-01
7.122525575000000497e-01 3.165107500000000074e-01 4.822049749999999801e-01
7.148444050000000161e-01 3.177737499999999660e-01 4.765236250000000062e-01
7.174582250000000050e-01 3.191114999999999924e-01 4.708438574999999626e-01
7.119311500000000681e-01 3.239305000000000101e-01 4.847084499999999574e-01
7.143644415000000025e-01 3.255704999999999849e-01 4.789539749999999763e-01
7.168920149999999936e-01 3.273130000000000206e-01 4.732569225000000102e-01
7.125977749999999888e-01 3.325680000000000303e-01 4.872770249999999748e-01
7.149118125000000212e-01 3.344730000000000203e-01 4.814069749999999592e-01
7.173336249999999747e-01 3.364929999999999866e-01 4.755806499999999937e-01
7.121692200000000472e-01 3.424130000000000229e-01 4.905660749999999903e-01
7.143299632499999774e-01 3.446604999999999808e-01 4.845575500000000035e-01
7.165855600000000658e-01 3.469430000000000014e-01 4.785654749999999624e-01
7.098735999999999935e-01 3.517255000000000242e-01 4.937369999999999814e-01
7.117329000000000017e-01 3.545854999999999979e-01 4.876251749999999663e-01
7.136555500000000274e-01 3.574755000000000016e-01 4.815008499999999803e-01
7.052716749999999868e-01 3.597255000000000313e-01 4.969912499999999955e-01
7.066651000000000460e-01 3.634304999999999897e-01 4.908199249999999902e-01
7.080916250000000023e-01 3.671179999999999999e-01 4.845694749999999718e-01
6.982940499999999995e-01 3.656079999999999885e-01 5.005864999999999343e-01
6.989645500000000178e-01 3.701855000000000007e-01 4.942778749999999777e-01
6.995112749999999879e-01 3.747030000000000083e-01 4.878551999999999889e-01
6.897408250000000018e-01 3.687604999999999911e-01 5.043817499999999621e-01
6.893572500000000325e-01 3.741605000000000070e-01 4.977237499999999648e-01
6.887725000000000097e-01 3.793805000000000094e-01 4.909970249999999758e-01
6.801747500000000501e-01 3.695605000000000140e-01 5.078532500000000338e-01
6.789715000000000611e-01 3.754529999999999812e-01 5.008322499999999788e-01
6.775777499999999787e-01 3.810479999999999978e-01 4.938222999999999918e-01
6.680732500000000629e-01 3.690054999999999863e-01 5.094514999999999461e-01
6.666885000000000172e-01 3.747280000000000055e-01 5.026397499999999408e-01
6.649464999999999959e-01 3.801705000000000223e-01 4.960354499999999889e-01
6.572139999999999649e-01 3.686880000000000157e-01 5.087887500000000118e-01
6.556555000000000577e-01 3.736805000000000265e-01 5.028589999999999449e-01
6.538132500000000125e-01 3.785355000000000247e-01 4.970729999999999871e-01
6.479995000000000616e-01 3.661555000000000226e-01 5.076892499999999808e-01
6.462177500000000352e-01 3.706130000000000257e-01 5.023259999999999392e-01
6.442650000000000876e-01 3.749629999999999908e-01 4.969972500000000015e-01
6.405345000000000066e-01 3.613029999999999853e-01 5.052145000000000108e-01
6.383864999999999679e-01 3.652330000000000298e-01 5.001120000000000010e-01
6.361935000000000784e-01 3.691305000000000280e-01 4.950073500000000126e-01
6.355007500000000586e-01 3.544955000000000189e-01 5.015857499999999414e-01
6.328424999999999745e-01 3.579205000000000303e-01 4.965332499999999816e-01
6.302217500000000250e-01 3.614930000000000088e-01 4.914718750000000025e-01
6.316777500000000378e-01 3.450805000000000122e-01 4.985694999999999988e-01
6.286322500000000035e-01 3.477905000000000024e-01 4.935223249999999839e-01
6.256365000000000398e-01 3.506004999999999816e-01 4.884607999999999728e-01
6.281737499999999752e-01 3.335405000000000175e-01 4.964570249999999962e-01
6.246080000000000521e-01 3.350679999999999770e-01 4.913908999999999638e-01
6.210592500000000626e-01 3.365454999999999974e-01 4.863539499999999793e-01
6.255912500000000431e-01 3.210389999999999633e-01 4.959067749999999664e-01
6.216357500000000424e-01 3.216517500000000140e-01 4.909493999999999803e-01
6.176930000000000476e-01 3.222245000000000248e-01 4.860056749999999703e-01
6.235100000000000087e-01 3.079187500000000188e-01 4.959516999999999953e-01
6.194454999999999822e-01 3.080267500000000158e-01 4.913983249999999692e-01
6.153897500000000687e-01 3.080872500000000347e-01 4.868452249999999926e-01
6.219522499999999843e-01 2.941635000000000222e-01 4.965302749999999654e-01
6.175375000000000725e-01 2.941485000000000349e-01 4.920391000000000070e-01
6.131055000000000810e-01 2.940932499999999727e-01 4.875211249999999996e-01
6.206017500000000631e-01 2.804392500000000288e-01 4.976362500000000022e-01
6.161775000000000446e-01 2.800670000000000104e-01 4.934139249999999755e-01
6.117467500000000058e-01 2.796442500000000386e-01 4.891642749999999817e-01
6.192484999999999795e-01 2.666102499999999931e-01 4.990664999999999685e-01
6.145362500000000061e-01 2.663502500000000106e-01 4.951117250000000025e-01
6.098372499999999974e-01 2.659412500000000179e-01 4.911733249999999940e-01
6.189567500000000555e-01 2.535399999999999876e-01 5.009252499999999886e-01
6.141012500000000429e-01 2.531559999999999921e-01 4.971607499999999846e-01
6.092272499999999980e-01 2.524830000000000130e-01 4.934684750000000175e-01
6.192885000000000195e-01 2.447917500000000024e-01 5.030247500000000205e-01
6.144472500000000004e-01 2.443950000000000011e-01 4.992497499999999921e-01
6.096175000000000344e-01 2.440005000000000090e-01 4.955147500000000038e-01
6.202347500000000569e-01 2.365909999999999958e-01 5.035162499999999985e-01
6.153140000000000276e-01 2.363330000000000153e-01 4.997932499999999667e-01
6.103520000000000056e-01 2.362257500000000121e-01 4.960088249999999865e-01
6.211542500000000189e-01 2.289645000000000152e-01 5.024457500000000243e-01
6.160090000000000288e-01 2.286360000000000059e-01 4.988724999999999965e-01
6.108577500000000882e-01 2.285752500000000076e-01 4.952302000000000093e-01
6.218485000000000262e-01 2.191022499999999984e-01 5.011557500000000109e-01
6.165275000000000061e-01 2.189405000000000101e-01 4.978019999999999667e-01
6.112130000000000063e-01 2.187014999999999931e-01 4.944422250000000130e-01
6.225915000000000754e-01 2.091415000000000080e-01 5.003049999999999997e-01
6.171412499999999746e-01 2.088949999999999974e-01 4.973579999999999668e-01
6.117032500000000317e-01 2.085619999999999974e-01 4.943969750000000163e-01
6.233265000000000056e-01 2.001462499999999978e-01 5.000752499999999712e-01
6.178004999999999747e-01 1.999427500000000024e-01 4.975657499999999733e-01
6.121520000000000294e-01 1.996767500000000140e-01 4.948933500000000096e-01
6.241100000000000536e-01 1.939095000000000124e-01 5.001944999999999864e-01
6.184074999999999989e-01 1.930169999999999941e-01 4.979810000000000070e-01
6.126329999999999831e-01 1.921402500000000124e-01 4.956732999999999834e-01
6.254870000000000152e-01 1.883024999999999838e-01 5.025307500000000260e-01
6.196872500000000228e-01 1.865462500000000245e-01 5.006887500000000157e-01
6.138257500000000588e-01 1.848572500000000007e-01 4.988802499999999696e-01
6.277787500000000520e-01 1.824962499999999987e-01 5.075060000000000127e-01
6.217595000000000205e-01 1.805209999999999870e-01 5.057852499999999640e-01
6.159462500000000285e-01 1.784262500000000085e-01 5.042750000000000288e-01
6.313520000000000243e-01 1.736364999999999992e-01 5.155172500000000380e-01
6.252202500000000329e-01 1.714490000000000181e-01 5.138922499999999394e-01
6.191320000000000157e-01 1.692595000000000072e-01 5.123029999999999529e-01
6.356422500000000753e-01 1.637287500000000062e-01 5.248174999999999368e-01
6.294285000000000574e-01 1.609322499999999989e-01 5.235840000000000494e-01
6.232522500000000631e-01 1.581270000000000175e-01 5.223835000000000006e-01
6.406840000000000312e-01 1.538245000000000029e-01 5.346252499999999408e-01
6.342685000000000128e-01 1.506290000000000129e-01 5.335722499999999702e-01
6.278985000000000261e-01 1.474077500000000041e-01 5.325664999999999427e-01
6.461390000000000189e-01 1.442464999999999997e-01 5.444780000000000175e-01
6.392827500000000107e-01 1.407745000000000246e-01 5.433915000000000273e-01
6.325040000000000662e-01 1.372302499999999981e-01 5.424014999999999809e-01
6.514720000000000510e-01 1.352619999999999933e-01 5.539127499999999538e-01
6.438800000000000079e-01 1.315487499999999921e-01 5.526012499999999328e-01
6.363372500000000764e-01 1.278642500000000126e-01 5.512957499999999733e-01
6.556657500000000471e-01 1.263205000000000022e-01 5.629784999999999373e-01
6.476207500000000783e-01 1.224610000000000004e-01 5.615317499999999962e-01
6.395835000000000825e-01 1.185950000000000060e-01 5.600952500000000445e-01
6.595420000000000726e-01 1.173707499999999959e-01 5.715645000000000309e-01
6.507757499999999862e-01 1.134010000000000018e-01 5.698052499999999299e-01
6.420900000000000496e-01 1.094172499999999937e-01 5.681057499999999649e-01
6.623815000000000675e-01 1.078420000000000073e-01 5.800429999999999753e-01
6.536669999999999980e-01 1.041562500000000058e-01 5.780982500000000357e-01
6.450377500000000763e-01 1.003684999999999994e-01 5.762802499999999384e-01
6.635712500000000569e-01 9.885367500000000196e-02 5.871877500000000083e-01
6.557922500000000765e-01 9.556590000000000917e-02 5.854522500000000074e-01
6.480515000000000025e-01 9.220992499999999814e-02 5.837885000000000435e-01
6.653757500000000435e-01 8.998097500000000470e-02 5.945620000000000349e-01
6.580552500000000915e-01 8.687374999999999958e-02 5.929392500000000288e-01
6.507455000000000878e-01 8.372599999999999487e-02 5.913517499999999538e-01
6.624425000000000452e-01 7.019472499999999948e-02 6.073155000000000081e-01
