8.525442500000000035e-01 8.049327500000001689e-02 4.672710999999999948e-01
8.652377500000000277e-01 3.567675000000001401e-02 4.678615499999999594e-01
8.528320000000000345e-01 3.564100000000001295e-02 4.678904499999999578e-01
8.404305000000000803e-01 3.557200000000001333e-02 4.678897249999999786e-01
8.653622499999999995e-01 2.413500000000001061e-02 4.679571249999999738e-01
8.529160000000000075e-01 2.409200000000000924e-02 4.680223000000000022e-01
8.404962500000000558e-01 2.403025000000000994e-02 4.679856999999999490e-01
8.653505000000000225e-01 1.269000000000001377e-02 4.677854749999999506e-01
8.530210000000000292e-01 1.275250000000001382e-02 4.680952249999999482e-01
8.408300000000000773e-01 1.277425000000001476e-02 4.680526499999999590e-01
8.650975000000000747e-01 1.838000000000020173e-03 4.680329999999999768e-01
8.532425000000000148e-01 1.965000000000022284e-03 4.682914249999999834e-01
8.413875000000000659e-01 1.992750000000015342e-03 4.683157749999999897e-01
8.648115000000000663e-01 -8.872749999999984816e-03 4.683393249999999730e-01
8.532457500000000250e-01 -8.525499999999977541e-03 4.684327499999999533e-01
8.417177500000000423e-01 -8.275249999999984007e-03 4.683576749999999733e-01
8.645687500000001080e-01 -2.008474999999998456e-02 4.685593249999999710e-01
8.532947500000001018e-01 -1.913074999999998804e-02 4.682927999999999535e-01
8.419807500000000555e-01 -1.827524999999997901e-02 4.679735749999999750e-01
8.645455000000000778e-01 -3.075474999999998349e-02 4.686673499999999826e-01
8.533115000000000006e-01 -2.984899999999998665e-02 4.679778249999999584e-01
8.420720000000000427e-01 -2.914099999999998636e-02 4.672676249999999643e-01
8.642627500000000795e-01 -4.245599999999997987e-02 4.687526999999999666e-01
8.531572499999999781e-01 -4.134474999999998568e-02 4.675109499999999807e-01
8.420612499999999834e-01 -4.037674999999997516e-02 4.662711999999999968e-01
8.638947500000000446e-01 -5.402850000000000708e-02 4.686221749999999742e-01
8.529582500000000289e-01 -5.288624999999999576e-02 4.668281499999999973e-01
8.420330000000000314e-01 -5.187700000000000644e-02 4.650635999999999659e-01
8.634735000000000049e-01 -6.578224999999998657e-02 4.683943499999999593e-01
8.527372500000000022e-01 -6.464200000000000501e-02 4.660382750000000018e-01
8.420095000000000773e-01 -6.359375000000000444e-02 4.637408499999999822e-01
8.630257500000000359e-01 -7.755999999999999006e-02 4.681245249999999580e-01
8.525230000000000308e-01 -7.648349999999998206e-02 4.652176499999999826e-01
8.420250000000000234e-01 -7.546824999999998673e-02 4.623909499999999673e-01
8.625805000000000833e-01 -8.936449999999998561e-02 4.679024499999999698e-01
8.523397500000000626e-01 -8.840049999999999297e-02 4.644567749999999884e-01
8.421000000000000707e-01 -8.747274999999998801e-02 4.611044999999999727e-01
8.621510000000000007e-01 -1.011782499999999974e-01 4.678067499999999934e-01
8.521997500000000336e-01 -1.003695000000000004e-01 4.638351749999999885e-01
8.422467500000000440e-01 -9.957649999999998447e-02 4.599646000000000012e-01
8.617342500000000349e-01 -1.129882499999999845e-01 4.679099499999999634e-01
8.520990000000000508e-01 -1.123667499999999875e-01 4.634266749999999546e-01
8.424590000000000689e-01 -1.117459999999999842e-01 4.590470749999999711e-01
8.613042500000001045e-01 -1.247797499999999948e-01 4.682765749999999727e-01
8.520117500000000677e-01 -1.243642499999999818e-01 4.632969749999999998e-01
8.427142499999999981e-01 -1.239395000000000080e-01 4.584217250000000021e-01
8.608117500000000977e-01 -1.365369999999999917e-01 4.689612999999999698e-01
8.518885000000000485e-01 -1.363284999999999914e-01 4.635020499999999988e-01
8.429622500000000240e-01 -1.361080000000000068e-01 4.581461000000000006e-01
8.601772500000000043e-01 -1.482394999999999963e-01 4.700035774999999916e-01
8.516487500000000654e-01 -1.482179999999999886e-01 4.640800749999999808e-01
8.431242500000000195e-01 -1.481932499999999986e-01 4.582610249999999885e-01
8.592877500000000168e-01 -1.598507499999999859e-01 4.714159974999999614e-01
8.511822500000000291e-01 -1.599780000000000091e-01 4.650408499999999501e-01
8.430890000000000883e-01 -1.601289999999999936e-01 4.587757999999999559e-01
8.579912500000000941e-01 -1.712575000000000069e-01 4.731456099999999942e-01
8.503515000000000379e-01 -1.715257500000000046e-01 4.663463749999999797e-01
8.427337500000000592e-01 -1.718504999999999894e-01 4.596641499999999936e-01
8.562667500000000764e-01 -1.824344999999999994e-01 4.751740999999999882e-01
8.491347500000000492e-01 -1.828595000000000081e-01 4.679924749999999634e-01
8.420317500000000788e-01 -1.833619999999999695e-01 4.609304499999999916e-01
8.541772500000001100e-01 -1.933894999999999920e-01 4.775165999999999578e-01
8.475632500000001013e-01 -1.939744999999999941e-01 4.700048349999999542e-01
8.409780000000000033e-01 -1.946295000000000108e-01 4.626029249999999982e-01
8.516072500000000378e-01 -2.041169999999999929e-01 4.802182249999999986e-01
8.455095000000001360e-01 -2.047869999999999968e-01 4.723992499999999928e-01
8.394240000000000590e-01 -2.055294999999999761e-01 4.646812749999999492e-01
8.482380000000000475e-01 -2.144670000000000187e-01 4.830847999999999809e-01
8.426620000000000221e-01 -2.151270000000000127e-01 4.749888999999999917e-01
8.370772500000001060e-01 -2.158744999999999692e-01 4.669814749999999792e-01
8.439037500000000636e-01 -2.242669999999999941e-01 4.861221499999999751e-01
8.388560000000000461e-01 -2.248569999999999736e-01 4.777678749999999530e-01
8.337825000000000930e-01 -2.255245000000000166e-01 4.694910149999999560e-01
8.384740000000000526e-01 -2.333370000000000166e-01 4.892430499999999571e-01
8.339635000000000797e-01 -2.337945000000000162e-01 4.806418749999999962e-01
8.294140000000000956e-01 -2.343270000000000075e-01 4.721100217499999974e-01
8.318787500000000001e-01 -2.414419999999999900e-01 4.923518499999999798e-01
8.279172500000000490e-01 -2.417369999999999797e-01 4.835058499999999593e-01
8.239002500000001117e-01 -2.420869999999999966e-01 4.747226499999999683e-01
8.241397500000000598e-01 -2.483394999999999908e-01 4.953694749999999480e-01
8.207207499999999989e-01 -2.484419999999999962e-01 4.862550999999999957e-01
8.172427500000000178e-01 -2.485844999999999860e-01 4.771957249999999595e-01
8.153655000000000763e-01 -2.537920000000000176e-01 4.982297499999999713e-01
8.124680000000000790e-01 -2.536895000000000122e-01 4.887845499999999843e-01
8.095227500000000687e-01 -2.535994999999999777e-01 4.793968249999999709e-01
8.057182500000000802e-01 -2.575520000000000032e-01 5.008147499999999752e-01
8.033437500000000231e-01 -2.572669999999999679e-01 4.910148249999999881e-01
8.009290000000000020e-01 -2.569845000000000046e-01 4.812976749999999804e-01
7.954882500000000078e-01 -2.594144999999999923e-01 5.031037499999999607e-01
7.935830000000000384e-01 -2.590494999999999881e-01 4.928769749999999950e-01
7.916620000000000879e-01 -2.586694999999999967e-01 4.827737999999999752e-01
7.848710000000000964e-01 -2.593019999999999770e-01 5.053392500000000176e-01
7.834330000000000460e-01 -2.589894999999999836e-01 4.943189749999999938e-01
7.820227500000000997e-01 -2.586470000000000158e-01 4.835205249999999788e-01
7.727187500000001208e-01 -2.569744999999999946e-01 5.053212499999999441e-01
7.727657500000000290e-01 -2.572995000000000143e-01 4.942354999999999943e-01
7.728115000000000956e-01 -2.574744999999999950e-01 4.832649749999999855e-01
7.603662500000000213e-01 -2.541220000000000145e-01 5.033484999999999765e-01
7.611067500000000541e-01 -2.545945000000000014e-01 4.927367249999999865e-01
7.619520000000000737e-01 -2.549345000000000083e-01 4.821593499999999866e-01
7.494285000000000529e-01 -2.487369999999999859e-01 5.000187499999999563e-01
7.505792500000000311e-01 -2.493170000000000108e-01 4.901998749999999516e-01
7.517525000000000457e-01 -2.497369999999999868e-01 4.804412499999999864e-01
7.397065000000000445e-01 -2.414219999999999700e-01 4.970422499999999633e-01
7.412380000000000635e-01 -2.420594999999999830e-01 4.878319999999999879e-01
7.427815000000000945e-01 -2.425220000000000153e-01 4.786380499999999816e-01
7.312938500000000230e-01 -2.324970000000000092e-01 4.942300000000000026e-01
7.332184000000000479e-01 -2.331294999999999895e-01 4.854489249999999756e-01
7.351675500000001140e-01 -2.336145000000000027e-01 4.766582999999999792e-01
7.242627750000000253e-01 -2.222994999999999832e-01 4.914982499999999699e-01
7.265989750000000358e-01 -2.229119999999999990e-01 4.830466499999999663e-01
7.289729250000001048e-01 -2.234220000000000095e-01 4.745819749999999893e-01
7.185904750000000618e-01 -2.111545000000000227e-01 4.888341999999999965e-01
7.213473250000000947e-01 -2.117569999999999730e-01 4.806860499999999758e-01
7.241482750000000079e-01 -2.122919999999999807e-01 4.725281774999999795e-01
7.141742975000000548e-01 -1.993344999999999700e-01 4.862712750000000028e-01
7.173513750000000133e-01 -1.999420000000000086e-01 4.784318999999999655e-01
7.205731000000000774e-01 -2.004994999999999972e-01 4.705864949999999935e-01
7.108674250000001082e-01 -1.870594999999999897e-01 4.838469749999999570e-01
7.144560265250000652e-01 -1.876769999999999827e-01 4.763342749999999737e-01
7.180870250000001009e-01 -1.882619999999999849e-01 4.688188999999999829e-01
7.085061750000000158e-01 -1.744777499999999870e-01 4.815881249999999780e-01
7.124939850000000519e-01 -1.751135000000000053e-01 4.744241124999999948e-01
7.165185825000001119e-01 -1.757259999999999933e-01 4.672595499999999680e-01
7.069344750000000621e-01 -1.616960000000000064e-01 4.795056749999999646e-01
7.113028000000000128e-01 -1.623529999999999973e-01 4.727140099999999623e-01
7.157019975000000755e-01 -1.629960000000000020e-01 4.659229749999999615e-01
7.060148000000000534e-01 -1.487814999999999832e-01 4.775989749999999812e-01
7.107405500000000265e-01 -1.494619999999999838e-01 4.712025249999999832e-01
7.154913725000000557e-01 -1.501355000000000051e-01 4.648077499999999640e-01
7.056343000000000476e-01 -1.357887499999999859e-01 4.758733249999999582e-01
7.106935500000000072e-01 -1.364787499999999820e-01 4.698839724999999690e-01
7.157717400000001007e-01 -1.371672499999999906e-01 4.638971249999999658e-01
7.056796000000000735e-01 -1.227590000000000070e-01 4.743598824999999963e-01
7.110455750000000963e-01 -1.234375000000000056e-01 4.687904499999999697e-01
7.164262200000000025e-01 -1.241172499999999845e-01 4.632241749999999603e-01
7.060303500000000287e-01 -1.097082500000000072e-01 4.730747249999999737e-01
7.116760000000000863e-01 -1.103534999999999933e-01 4.679374499999999770e-01
7.173328750000000920e-01 -1.110012499999999958e-01 4.628029249999999761e-01
7.065801250000000033e-01 -9.664200000000000568e-02 4.720212864999999702e-01
7.124774650000000875e-01 -9.723399999999998711e-02 4.673269749999999778e-01
7.183830500000000230e-01 -9.782874999999999210e-02 4.626350999999999658e-01
7.072366000000001041e-01 -8.356074999999998920e-02 4.711951724999999813e-01
7.133575000000000887e-01 -8.408250000000000446e-02 4.669528749999999895e-01
7.194842750000000065e-01 -8.460624999999999396e-02 4.627122999999999653e-01
7.079215750000000806e-01 -7.046499999999999986e-02 4.705856049999999624e-01
7.142365355000001026e-01 -7.089974999999998362e-02 4.668020749999999830e-01
7.205562750000000793e-01 -7.133749999999999813e-02 4.630201250000000046e-01
7.085658250000000935e-01 -5.735474999999998214e-02 4.701768725000000093e-01
7.150465049999999989e-01 -5.768974999999998410e-02 4.668568750000000045e-01
7.215308000000000277e-01 -5.802699999999999525e-02 4.635377250000000116e-01
7.091108000000000411e-01 -4.423349999999999504e-02 4.699477974999999863e-01
7.157279800000000414e-01 -4.445599999999999552e-02 4.670934999999999948e-01
7.223477750000000253e-01 -4.467999999999999750e-02 4.642399249999999977e-01
7.095041000000000819e-01 -3.110699999999999577e-02 4.698732449999999949e-01
7.162299500000000041e-01 -3.120449999999999613e-02 4.674836499999999728e-01
7.229578500000000130e-01 -3.130349999999999799e-02 4.650948249999999895e-01
7.097002500000000325e-01 -1.798374999999999280e-02 4.699214250000000037e-01
7.165088325000000813e-01 -1.794549999999998924e-02 4.679932499999999718e-01
7.233187250000000512e-01 -1.790749999999999287e-02 4.660657999999999745e-01
7.096616500000000327e-01 -4.879250000000001641e-03 4.700545574999999698e-01
7.165297775000000202e-01 -4.693249999999996036e-03 4.685814500000000105e-01
7.233983000000000496e-01 -4.506749999999989931e-03 4.671086249999999995e-01
7.093649250000000350e-01 8.178000000000004710e-03 4.702293949999999945e-01
7.162688875000000621e-01 8.530500000000010297e-03 4.692012249999999995e-01
7.231714750000000080e-01 8.883000000000002006e-03 4.681732999999999589e-01
7.087251500000000259e-01 2.109925000000000689e-02 4.704182599999999770e-01
7.157182175000000868e-01 2.169700000000000795e-02 4.697969475000000061e-01
7.227094500000000865e-01 2.228975000000000400e-02 4.691801250000000034e-01
7.079943250000000354e-01 3.449150000000000132e-02 4.707580399999999887e-01
7.150914500000000729e-01 3.483575000000000560e-02 4.702682400000000040e-01
7.221969000000000305e-01 3.517875000000000169e-02 4.697790774999999752e-01
7.068259250000000771e-01 4.724000000000000421e-02 4.707403099999999951e-01
7.144100705000000495e-01 4.771025000000000960e-02 4.705293924999999766e-01
7.220128000000000101e-01 4.815750000000000586e-02 4.703134149999999569e-01
7.051928500000000932e-01 5.994285000000000585e-02 4.708973549999999619e-01
7.136002125000000529e-01 6.040555000000000230e-02 4.708238349999999683e-01
7.220310000000000894e-01 6.083102500000000384e-02 4.707237899999999753e-01
7.030035500000000326e-01 7.222537750000000700e-02 4.708182300000000042e-01
7.128249200000000840e-01 7.269791999999999921e-02 4.708927549999999962e-01
7.226214250000000394e-01 7.313106500000000898e-02 4.708776100000000020e-01
7.023675000000000335e-01 8.407242500000000618e-02 4.707764124999999633e-01
7.121640000000000192e-01 8.445207500000000145e-02 4.707397050000000083e-01
7.220342000000000704e-01 8.483875000000000444e-02 4.708345199999999786e-01
7.039711250000000309e-01 9.587850000000000539e-02 4.700890749999999674e-01
7.122578750000000403e-01 9.621737500000000776e-02 4.699005949999999765e-01
7.205584250000000024e-01 9.663952500000000390e-02 4.697884625000000036e-01
7.056657250000000214e-01 1.079092500000000121e-01 4.699769599999999992e-01
7.130362024999999937e-01 1.082482500000000042e-01 4.695194675000000095e-01
7.203674750000000904e-01 1.086622500000000019e-01 4.690979499999999858e-01
7.068353250000000143e-01 1.201847500000000069e-01 4.706138449999999751e-01
7.136375050000000053e-01 1.205365000000000048e-01 4.697567799999999849e-01
7.204067499999999846e-01 1.209365000000000023e-01 4.689130749999999570e-01
7.077062000000000630e-01 1.326182499999999931e-01 4.717629877499999735e-01
7.141457625000000586e-01 1.329707499999999987e-01 4.704503049999999575e-01
7.205621500000000124e-01 1.333547500000000219e-01 4.691388499999999961e-01
7.085380250000000713e-01 1.451327500000000048e-01 4.732408200000000065e-01
7.146890715000000505e-01 1.454682500000000211e-01 4.714608750000000015e-01
7.208219000000000154e-01 1.458242499999999886e-01 4.696706824999999919e-01
7.093359250000000893e-01 1.577149999999999941e-01 4.748910749999999958e-01
7.152136150000000248e-01 1.580110000000000126e-01 4.726433324999999575e-01
7.210762000000000560e-01 1.583202499999999957e-01 4.703782224999999984e-01
7.101323999999999970e-01 1.703342500000000204e-01 4.765492000000000061e-01
7.157296250000000359e-01 1.705689999999999984e-01 4.738408524999999649e-01
7.213128500000000054e-01 1.708112499999999978e-01 4.711125499999999633e-01
7.109427999999999859e-01 1.829514999999999891e-01 4.780588000000000060e-01
7.162441300000000899e-01 1.831122500000000042e-01 4.749015500000000056e-01
7.215302500000000396e-01 1.832767499999999883e-01 4.717254300000000011e-01
7.117594000000000420e-01 1.955430000000000224e-01 4.792907249999999730e-01
7.167330575000000481e-01 1.956229999999999913e-01 4.757079750000000051e-01
7.216913999999999829e-01 1.957062499999999983e-01 4.721056194999999622e-01
7.123922925000000239e-01 2.079507500000000175e-01 4.803031249999999974e-01
7.170046500000000211e-01 2.079702499999999954e-01 4.763401250000000031e-01
7.216043500000000055e-01 2.079920000000000102e-01 4.723545999999999578e-01
7.126127400000000778e-01 2.204200000000000048e-01 4.814052249999999922e-01
7.168674325000000680e-01 2.203437500000000049e-01 4.770400499999999933e-01
7.211154499999999912e-01 2.202800000000000036e-01 4.726648999999999989e-01
7.130818174999999925e-01 2.322525000000000006e-01 4.817242499999999650e-01
7.169346149999999973e-01 2.321600000000000052e-01 4.770856749999999868e-01
7.207759249999999840e-01 2.320792500000000147e-01 4.724307724999999847e-01
7.129043999999999937e-01 2.442622500000000141e-01 4.827528249999999965e-01
7.163696600000000192e-01 2.441125000000000100e-01 4.777808749999999938e-01
7.198397500000000004e-01 2.439882500000000176e-01 4.728105999999999698e-01
7.128959925000000197e-01 2.555494999999999850e-01 4.825634249999999903e-01
7.159684750000000486e-01 2.554522499999999918e-01 4.773798999999999682e-01
7.190339749999999919e-01 2.553710000000000147e-01 4.721850269999999794e-01
7.118838499999999847e-01 2.668927500000000119e-01 4.834178749999999969e-01
7.146368650000000100e-01 2.668317500000000342e-01 4.779996249999999836e-01
7.173855500000000385e-01 2.668065000000000020e-01 4.725686074999999597e-01
7.121662475000000159e-01 2.776319999999999899e-01 4.845944749999999690e-01
7.146283549999999929e-01 2.777107500000000062e-01 4.790086499999999803e-01
7.170892750000000815e-01 2.778317500000000440e-01 4.734136975000000080e-01
7.109916499999999751e-01 2.880807499999999965e-01 4.854988999999999555e-01
7.131411425000000470e-01 2.883799999999999697e-01 4.797490500000000102e-01
7.153022825000000529e-01 2.887170000000000014e-01 4.739960299999999571e-01
7.081686750000000252e-01 2.979944999999999955e-01 4.862128499999999742e-01
7.099999500000000463e-01 2.985499999999999821e-01 4.802988499999999994e-01
7.118387750000000347e-01 2.991479999999999695e-01 4.743857949999999990e-01
7.068328500000000680e-01 3.079790000000000028e-01 4.877808499999999881e-01
7.084597750000000138e-01 3.088437499999999725e-01 4.817529749999999722e-01
7.100818500000000144e-01 3.097607500000000291e-01 4.757279999999999842e-01
7.070672749999999951e-01 3.178489999999999926e-01 4.900627750000000060e-01
7.085932999999999815e-01 3.190414999999999779e-01 4.839587499999999931e-01
7.101099250000000307e-01 3.202875000000000028e-01 4.778594749999999780e-01
7.055388750000000098e-01 3.276979999999999893e-01 4.922016499999999906e-01
7.068611750000000082e-01 3.291605000000000225e-01 4.859805249999999965e-01
7.081779249999999859e-01 3.306804999999999883e-01 4.797688250000000099e-01
7.057379750000000174e-01 3.375779999999999892e-01 4.949881499999999601e-01
7.069233750000000205e-01 3.392605000000000204e-01 4.886549499999999768e-01
7.081138500000000446e-01 3.410004999999999842e-01 4.823330750000000000e-01
7.043490250000000730e-01 3.474805000000000255e-01 4.976657499999999623e-01
7.053356000000000625e-01 3.493505000000000082e-01 4.911833499999999630e-01
7.063479000000000285e-01 3.512804999999999955e-01 4.847180249999999968e-01
7.014091749999999958e-01 3.570329999999999893e-01 5.003265000000000073e-01
7.021297750000000670e-01 3.590880000000000183e-01 4.936349999999999905e-01
7.028955000000000064e-01 3.612179999999999835e-01 4.869670749999999715e-01
6.968961500000000475e-01 3.658604999999999774e-01 5.030669999999999309e-01
6.972835499999999742e-01 3.681030000000000135e-01 4.960702999999999641e-01
6.977281000000000732e-01 3.704479999999999995e-01 4.891063749999999821e-01
6.907940249999999782e-01 3.734454999999999858e-01 5.059629999999999406e-01
6.907893750000000388e-01 3.758929999999999771e-01 4.985014999999999863e-01
6.908488249999999997e-01 3.784755000000000202e-01 4.910944250000000011e-01
6.831972499999999782e-01 3.791129999999999778e-01 5.090402499999999719e-01
6.827407500000000073e-01 3.818380000000000107e-01 5.008470000000000422e-01
6.823687499999999684e-01 3.846930000000000072e-01 4.927682749999999778e-01
6.742012499999999742e-01 3.823805000000000121e-01 5.117517499999999497e-01
6.734005000000000685e-01 3.852904999999999802e-01 5.028869999999999729e-01
6.727137499999999992e-01 3.882555000000000311e-01 4.942274999999999863e-01
6.620537499999999964e-01 3.823455000000000048e-01 5.120182500000000081e-01
6.620007500000000267e-01 3.855830000000000091e-01 5.036110000000000309e-01
6.617355000000000320e-01 3.887329999999999952e-01 4.953689249999999600e-01
6.511662500000000575e-01 3.807805000000000217e-01 5.095837500000000020e-01
6.509032500000000443e-01 3.836554999999999827e-01 5.022082500000000227e-01
6.505480000000000151e-01 3.864480000000000137e-01 4.949020499999999823e-01
6.413712500000000594e-01 3.768580000000000263e-01 5.077169999999999739e-01
6.407994999999999663e-01 3.794330000000000203e-01 5.010042500000000398e-01
6.401835000000000164e-01 3.819354999999999833e-01 4.943113000000000090e-01
6.328035000000000743e-01 3.710205000000000308e-01 5.057804999999999662e-01
6.318335000000000479e-01 3.733604999999999841e-01 4.994834999999999692e-01
6.308432500000000775e-01 3.756404999999999883e-01 4.931909499999999613e-01
6.255095000000000516e-01 3.636579999999999813e-01 5.037359999999999616e-01
6.240965000000000540e-01 3.658104999999999829e-01 4.976979999999999738e-01
6.226780000000000648e-01 3.679230000000000000e-01 4.916559249999999937e-01
6.194635000000000558e-01 3.551004999999999856e-01 5.016502499999999642e-01
6.176200000000000578e-01 3.570955000000000101e-01 4.958125749999999776e-01
6.157827500000000454e-01 3.590605000000000047e-01 4.899764749999999669e-01
6.145112500000000644e-01 3.457655000000000034e-01 4.992217500000000197e-01
6.122450000000000392e-01 3.476204999999999989e-01 4.935563250000000179e-01
6.099802500000000016e-01 3.494555000000000300e-01 4.878905000000000047e-01
6.105507500000000309e-01 3.358130000000000281e-01 4.973967499999999986e-01
6.079090000000000327e-01 3.373329999999999940e-01 4.917687499999999767e-01
6.052660000000000817e-01 3.388355000000000117e-01 4.861429250000000035e-01
6.075519999999999810e-01 3.254230000000000178e-01 4.952229999999999688e-01
6.047002500000000502e-01 3.266979999999999884e-01 4.899329000000000045e-01
6.018477500000000147e-01 3.279529999999999945e-01 4.846475000000000088e-01
6.055960000000000232e-01 3.145387499999999781e-01 4.930637499999999673e-01
6.023399999999999865e-01 3.157492499999999813e-01 4.877574499999999813e-01
5.990752500000000591e-01 3.169524999999999704e-01 4.824549750000000081e-01
6.035932500000000811e-01 3.035729999999999817e-01 4.915565749999999956e-01
6.002389999999999670e-01 3.044360000000000399e-01 4.864397999999999778e-01
5.968797500000000422e-01 3.052867499999999956e-01 4.813283250000000013e-01
6.024680000000000035e-01 2.923430000000000195e-01 4.897534499999999791e-01
5.987547500000000023e-01 2.932285000000000030e-01 4.848654749999999902e-01
5.950330000000000341e-01 2.941137500000000071e-01 4.799819499999999906e-01
6.016795000000000337e-01 2.808227500000000099e-01 4.881357749999999940e-01
5.976289999999999658e-01 2.815150000000000152e-01 4.834361749999999680e-01
5.935677500000000606e-01 2.822075000000000000e-01 4.787413749999999690e-01
6.011807500000000415e-01 2.693192500000000100e-01 4.866229999999999722e-01
5.968387500000000845e-01 2.699982499999999952e-01 4.822425750000000066e-01
5.924892500000000783e-01 2.706657500000000383e-01 4.778670250000000008e-01
6.008990000000000720e-01 2.576877499999999932e-01 4.849959249999999944e-01
5.962435000000000374e-01 2.583272500000000083e-01 4.809054500000000121e-01
5.915817500000000173e-01 2.589555000000000051e-01 4.768210250000000094e-01
6.007974999999999843e-01 2.460045000000000148e-01 4.832472250000000025e-01
5.958915000000000184e-01 2.466327500000000117e-01 4.794977249999999858e-01
5.909815000000000484e-01 2.472515000000000129e-01 4.757534499999999666e-01
6.008552500000000629e-01 2.343030000000000113e-01 4.814984250000000077e-01
5.956112500000000365e-01 2.348850000000000104e-01 4.780035999999999730e-01
5.903667500000000512e-01 2.354710000000000136e-01 4.745198250000000062e-01
6.009655000000000413e-01 2.225924999999999987e-01 4.798131250000000070e-01
5.955325000000000202e-01 2.231617499999999921e-01 4.766829249999999796e-01
5.900967500000000587e-01 2.237190000000000012e-01 4.735572499999999851e-01
6.009435000000000748e-01 2.108099999999999974e-01 4.782032499999999686e-01
5.952884999999999982e-01 2.114459999999999951e-01 4.754134749999999743e-01
5.896297500000000635e-01 2.120724999999999971e-01 4.726266399999999868e-01
6.007942500000000852e-01 1.990089999999999915e-01 4.767526249999999854e-01
5.949134999999999840e-01 1.996547499999999919e-01 4.743076024999999807e-01
5.890295000000000947e-01 2.003070000000000128e-01 4.718654835000000158e-01
6.005915000000000559e-01 1.872409999999999908e-01 4.755010000000000070e-01
5.944807500000000022e-01 1.878757500000000080e-01 4.734037249999999974e-01
5.883672500000000083e-01 1.885167500000000107e-01 4.713094624999999982e-01
6.003715000000000579e-01 1.755182499999999868e-01 4.744530524999999721e-01
5.940347500000000558e-01 1.761309999999999820e-01 4.727093199999999884e-01
5.876942499999999736e-01 1.767479999999999885e-01 4.709674799999999939e-01
6.001595000000000679e-01 1.638417500000000082e-01 4.736125549999999906e-01
5.935875000000000457e-01 1.644295000000000062e-01 4.722214877500000019e-01
5.870117500000000543e-01 1.650214999999999876e-01 4.708314624999999642e-01
6.000010000000000066e-01 1.522082499999999894e-01 4.729971599999999721e-01
5.931550000000000988e-01 1.527727499999999849e-01 4.719497999999999749e-01
5.863045000000000062e-01 1.533450000000000091e-01 4.709020975000000053e-01
5.999667500000001041e-01 1.406087500000000046e-01 4.726423074999999696e-01
5.927582500000000421e-01 1.411560000000000037e-01 4.719188027499999771e-01
5.855410000000000892e-01 1.417199999999999849e-01 4.711932799999999921e-01
6.001747500000000901e-01 1.290280000000000038e-01 4.726114200000000043e-01
5.924375000000000613e-01 1.295677499999999815e-01 4.721788239999999970e-01
5.846835000000000226e-01 1.301464999999999983e-01 4.717427679999999790e-01
6.007727500000000775e-01 1.174072499999999908e-01 4.730444599999999999e-01
5.922100000000000142e-01 1.179737499999999883e-01 4.728128249999999921e-01
5.836202500000000626e-01 1.186105000000000076e-01 4.725805450000000185e-01
6.009412499999999824e-01 1.059134999999999938e-01 4.739032599999999928e-01
5.918852500000000294e-01 1.062794999999999990e-01 4.737625775000000039e-01
5.828212500000000684e-01 1.067047500000000010e-01 4.736276099999999767e-01
6.015600000000000946e-01 9.461952499999999600e-02 4.741653874999999796e-01
5.917937500000000073e-01 9.492599999999999649e-02 4.740943049999999936e-01
5.820925000000000127e-01 9.526737500000000136e-02 4.740400124999999965e-01
6.012780000000000902e-01 8.316969999999999918e-02 4.743483099999999952e-01
5.916787500000000311e-01 8.342489999999999628e-02 4.743356499999999976e-01
5.821187500000000181e-01 8.366419999999999413e-02 4.743499724999999945e-01
6.001452500000000745e-01 7.202107500000000384e-02 4.739157474999999842e-01
5.915635000000000199e-01 7.230365249999999577e-02 4.739144624999999666e-01
5.829785000000000661e-01 7.247852250000000329e-02 4.739184399999999964e-01
5.995622500000000743e-01 6.044652500000000095e-02 4.734551349999999714e-01
5.914682500000000287e-01 6.069347499999999673e-02 4.734562975000000118e-01
5.833635000000000348e-01 6.087484999999999424e-02 4.734577549999999801e-01
5.912775000000000114e-01 3.828274999999999734e-02 4.725579899999999833e-01
