8.249387500000000539e-01 7.525690500000001282e-02 4.647558999999999996e-01
8.500389999999999890e-01 3.601050000000001472e-02 4.654644249999999595e-01
8.381960000000000521e-01 3.243800000000000849e-02 4.664516499999999954e-01
8.263927500000000093e-01 2.881975000000001202e-02 4.674707749999999495e-01
8.534687499999999982e-01 2.501450000000000895e-02 4.658440749999999686e-01
8.415725000000000566e-01 2.142075000000000923e-02 4.668097499999999678e-01
8.298060000000000436e-01 1.780400000000001426e-02 4.678492249999999797e-01
8.565575000000000827e-01 1.418300000000000810e-02 4.660965749999999574e-01
8.448744999999999727e-01 1.063675000000001425e-02 4.671562749999999542e-01
8.333577500000000082e-01 7.159000000000012576e-03 4.681778999999999802e-01
8.592400000000000038e-01 3.861250000000024385e-03 4.663675749999999787e-01
8.480165000000000619e-01 5.677500000000196279e-04 4.673745999999999734e-01
8.367379999999999818e-01 -2.535999999999982712e-03 4.683790499999999635e-01
8.619322500000000664e-01 -6.846249999999984293e-03 4.665753499999999998e-01
8.507270000000000110e-01 -9.456499999999978812e-03 4.675530249999999555e-01
8.396140000000000825e-01 -1.193799999999997641e-02 4.685253999999999808e-01
8.642505000000000326e-01 -1.832724999999997550e-02 4.666862749999999838e-01
8.530410000000000492e-01 -1.973374999999998047e-02 4.676332999999999740e-01
8.418880000000000807e-01 -2.112999999999998213e-02 4.685790249999999824e-01
8.659210000000000518e-01 -2.900049999999998462e-02 4.666943999999999537e-01
8.548432500000000545e-01 -3.005374999999997632e-02 4.676275999999999766e-01
8.436110000000001108e-01 -3.096999999999998365e-02 4.685693749999999547e-01
8.667810000000000237e-01 -4.032424999999997817e-02 4.666194499999999912e-01
8.556220000000001047e-01 -4.038799999999997947e-02 4.675676749999999604e-01
8.445025000000000448e-01 -4.069774999999997700e-02 4.684946499999999570e-01
8.669842500000000118e-01 -5.179749999999999632e-02 4.663652749999999680e-01
8.559270000000001044e-01 -5.120474999999999333e-02 4.674283499999999925e-01
8.448732500000000201e-01 -5.088749999999998830e-02 4.683655999999999930e-01
8.666660000000000474e-01 -6.338649999999998452e-02 4.664631249999999785e-01
8.556637500000000562e-01 -6.235899999999999777e-02 4.670866249999999775e-01
8.445742500000000819e-01 -6.132624999999999882e-02 4.677531249999999918e-01
8.656662500000000815e-01 -7.514299999999998758e-02 4.659266499999999978e-01
8.548947500000000366e-01 -7.343500000000000028e-02 4.666184499999999624e-01
8.441532500000000772e-01 -7.297399999999998332e-02 4.672269999999999479e-01
8.649922500000000181e-01 -8.792424999999998159e-02 4.654381499999999949e-01
8.542625000000000357e-01 -8.658974999999999311e-02 4.659562499999999607e-01
8.435315000000001007e-01 -8.553125000000000311e-02 4.664307999999999788e-01
8.640864999999999796e-01 -1.010952499999999976e-01 4.653995499999999952e-01
8.535255000000000480e-01 -9.977949999999999320e-02 4.654052499999999926e-01
8.429717500000000197e-01 -9.867175000000000251e-02 4.653896999999999617e-01
8.634187500000000126e-01 -1.133949999999999958e-01 4.653428499999999746e-01
8.526990000000000958e-01 -1.130245000000000000e-01 4.651089999999999947e-01
8.421290000000000164e-01 -1.113959999999999950e-01 4.648880249999999825e-01
8.627587500000000187e-01 -1.244169999999999998e-01 4.658821999999999686e-01
8.522067500000000129e-01 -1.237657500000000077e-01 4.651149499999999715e-01
8.417462500000000292e-01 -1.227705000000000046e-01 4.644365499999999480e-01
8.621229999999999727e-01 -1.350537500000000002e-01 4.670244499999999799e-01
8.517297500000000632e-01 -1.343639999999999834e-01 4.656235499999999972e-01
8.413967500000000266e-01 -1.335969999999999935e-01 4.644148999999999639e-01
8.613692500000000862e-01 -1.455982499999999846e-01 4.685533749999999942e-01
8.511135000000000783e-01 -1.448909999999999920e-01 4.664979749999999536e-01
8.409407500000000146e-01 -1.441995000000000082e-01 4.647504249999999670e-01
8.600680000000000547e-01 -1.566325000000000078e-01 4.696267374999999467e-01
8.501750000000001251e-01 -1.552392499999999953e-01 4.675709499999999852e-01
8.401942500000000313e-01 -1.545272500000000049e-01 4.654156249999999995e-01
8.583592500000001291e-01 -1.679029999999999967e-01 4.703552299999999575e-01
8.486517500000000380e-01 -1.666232500000000005e-01 4.676755749999999545e-01
8.389360000000000150e-01 -1.655542499999999861e-01 4.650178249999999958e-01
8.563182500000000585e-01 -1.789970000000000172e-01 4.711243949999999736e-01
8.468707500000001165e-01 -1.778420000000000001e-01 4.678400749999999664e-01
8.374287500000000550e-01 -1.767320000000000002e-01 4.646068999999999893e-01
8.541402500000000453e-01 -1.898920000000000052e-01 4.720088124249999795e-01
8.450927500000000592e-01 -1.888819999999999943e-01 4.681926499999999880e-01
8.360167500000000862e-01 -1.879620000000000180e-01 4.644950999999999941e-01
8.523485000000000644e-01 -2.004719999999999835e-01 4.731955199999999806e-01
8.432777500000000481e-01 -1.998119999999999896e-01 4.688155249999999552e-01
8.346877500000000616e-01 -1.992545000000000011e-01 4.649661999999999962e-01
8.505385000000000861e-01 -2.113320000000000198e-01 4.746765749999999895e-01
8.421392500000000059e-01 -2.103070000000000217e-01 4.698686149999999895e-01
8.339770000000000794e-01 -2.095695000000000197e-01 4.651484249999999765e-01
8.482015000000000526e-01 -2.223594999999999877e-01 4.757895999999999792e-01
8.403782500000001043e-01 -2.206870000000000220e-01 4.703479624999999942e-01
8.326827500000000271e-01 -2.191345000000000098e-01 4.648882249999999883e-01
8.442750000000001087e-01 -2.330470000000000041e-01 4.764957999999999694e-01
8.371960000000000512e-01 -2.304645000000000166e-01 4.705742624999999513e-01
8.301857500000000556e-01 -2.279069999999999707e-01 4.646531250000000002e-01
8.385157500000000041e-01 -2.425244999999999762e-01 4.770421749999999572e-01
8.323230000000000350e-01 -2.390045000000000086e-01 4.707179699999999856e-01
8.261557500000000775e-01 -2.355745000000000200e-01 4.644363499999999978e-01
8.310910000000000242e-01 -2.502495000000000136e-01 4.777478000000000002e-01
8.257790000000000408e-01 -2.461369999999999947e-01 4.710049275000000035e-01
8.204275000000000873e-01 -2.420494999999999730e-01 4.642625499999999961e-01
8.225562500000000998e-01 -2.559595000000000065e-01 4.789372999999999547e-01
8.179620000000000779e-01 -2.515569999999999751e-01 4.718681432499999828e-01
8.133047500000000207e-01 -2.472145000000000037e-01 4.647948999999999553e-01
8.136150000000000881e-01 -2.608369999999999855e-01 4.817575499999999789e-01
8.095187500000000647e-01 -2.560520000000000018e-01 4.741090324999999717e-01
8.054032500000000150e-01 -2.512969999999999926e-01 4.665386249999999846e-01
8.039065000000000794e-01 -2.635345000000000049e-01 4.852499249999999709e-01
8.004012500000000641e-01 -2.584919999999999995e-01 4.769748999999999794e-01
7.969007500000000466e-01 -2.534595000000000042e-01 4.688575249999999972e-01
7.937852499999999978e-01 -2.640894999999999770e-01 4.895088249999999808e-01
7.909202500000001024e-01 -2.587820000000000120e-01 4.802655499999999855e-01
7.880972500000000824e-01 -2.534770000000000079e-01 4.712975424999999996e-01
7.815065000000001039e-01 -2.613969999999999905e-01 4.924906499999999743e-01
7.808670000000000888e-01 -2.566220000000000168e-01 4.826488749999999772e-01
7.799832500000000168e-01 -2.516795000000000004e-01 4.729336874999999774e-01
7.690067500000000722e-01 -2.584845000000000059e-01 4.931340999999999641e-01
7.694087500000000857e-01 -2.541145000000000209e-01 4.835084499999999785e-01
7.696157500000000429e-01 -2.496694999999999887e-01 4.738852774999999795e-01
7.560465000000000657e-01 -2.532544999999999935e-01 4.914446999999999566e-01
7.572785000000000766e-01 -2.494644999999999779e-01 4.824228249999999996e-01
7.583625000000000504e-01 -2.457595000000000196e-01 4.734518600000000021e-01
7.439970000000000194e-01 -2.463294999999999790e-01 4.904443249999999588e-01
7.461187500000000528e-01 -2.432394999999999974e-01 4.819128500000000037e-01
7.480242500000000572e-01 -2.402294999999999847e-01 4.733218549999999580e-01
7.333044500000001076e-01 -2.372920000000000029e-01 4.894343250000000034e-01
7.361659250000001098e-01 -2.351320000000000077e-01 4.812214750000000096e-01
7.388573000000000501e-01 -2.326719999999999899e-01 4.729750024999999636e-01
7.236947000000000241e-01 -2.260294999999999943e-01 4.878493749999999740e-01
7.272360250000000637e-01 -2.243970000000000131e-01 4.800136499999999584e-01
7.307548000000000377e-01 -2.225495000000000112e-01 4.721660502499999690e-01
7.159032075000000273e-01 -2.133995000000000197e-01 4.860457249999999840e-01
7.200931000000000415e-01 -2.121620000000000172e-01 4.786641999999999841e-01
7.242544750000000642e-01 -2.107370000000000076e-01 4.712860999999999856e-01
7.100712750000001128e-01 -1.999670000000000059e-01 4.841404500000000000e-01
7.148090525000000417e-01 -1.990644999999999776e-01 4.772859749999999734e-01
7.194646750000001090e-01 -1.978845000000000187e-01 4.704446224999999648e-01
7.065322250000000137e-01 -1.866769999999999818e-01 4.822241749999999771e-01
7.117299500000000556e-01 -1.862694999999999768e-01 4.757703249999999939e-01
7.169476975000000918e-01 -1.858369999999999744e-01 4.693473750000000111e-01
7.046154250000000729e-01 -1.727019999999999944e-01 4.800548000000000037e-01
7.102131750000000299e-01 -1.730279999999999874e-01 4.741328899999999735e-01
7.158898450000000802e-01 -1.732722499999999888e-01 4.681987999999999706e-01
7.040913750000000748e-01 -1.588489999999999902e-01 4.775991749999999869e-01
7.100680000000000325e-01 -1.596357499999999929e-01 4.722643374999999644e-01
7.161181575000000743e-01 -1.603715000000000002e-01 4.669214250000000010e-01
7.045248250000000212e-01 -1.451709999999999945e-01 4.750744749999999961e-01
7.108256000000000574e-01 -1.462027499999999924e-01 4.703776550000000056e-01
7.171934500000000101e-01 -1.471752500000000075e-01 4.656760500000000080e-01
7.055609500000000756e-01 -1.316859999999999975e-01 4.727074849999999828e-01
7.121001050000000943e-01 -1.327767499999999989e-01 4.686858499999999594e-01
7.187028500000000042e-01 -1.337212499999999860e-01 4.646506999999999721e-01
7.069473250000000153e-01 -1.184774999999999856e-01 4.707592774999999619e-01
7.134735200000000832e-01 -1.196194999999999897e-01 4.674590750000000017e-01
7.200960000000000694e-01 -1.203690000000000038e-01 4.641054000000000013e-01
7.073565000000000547e-01 -1.078754999999999853e-01 4.703277824999999579e-01
7.141038950000000440e-01 -1.085079999999999933e-01 4.670768249999999733e-01
7.208559000000001049e-01 -1.091262500000000080e-01 4.638554500000000025e-01
7.073603250000000120e-01 -9.754150000000000320e-02 4.698600674999999782e-01
7.143183100000000119e-01 -9.775824999999999099e-02 4.670342000000000104e-01
7.212486250000000876e-01 -9.800349999999999340e-02 4.642423499999999703e-01
7.073480000000000878e-01 -8.689574999999999383e-02 4.700152624999999751e-01
7.142937934999999960e-01 -8.695900000000000851e-02 4.675625999999999949e-01
7.212320500000000134e-01 -8.719825000000000492e-02 4.651451999999999809e-01
7.076883750000000362e-01 -7.559450000000000891e-02 4.705715225000000057e-01
7.144539219500000149e-01 -7.582900000000000751e-02 4.682042499999999885e-01
7.212418750000000323e-01 -7.637150000000000882e-02 4.658378999999999714e-01
7.076320249999999978e-01 -6.248100000000000875e-02 4.705410399999999660e-01
7.146397030000000150e-01 -6.254724999999999868e-02 4.685179250000000017e-01
7.216270500000000476e-01 -6.257150000000000212e-02 4.664929749999999764e-01
7.074011250000000750e-01 -4.859999999999999043e-02 4.700585724999999937e-01
7.144501519275000545e-01 -4.856049999999999256e-02 4.684824999999999684e-01
7.214758250000000706e-01 -4.851300000000000057e-02 4.669054249999999850e-01
7.074114500000000527e-01 -3.468599999999999461e-02 4.694934249999999643e-01
7.143687065000000613e-01 -3.467175000000000118e-02 4.682666749999999656e-01
7.212854000000000765e-01 -3.461525000000000019e-02 4.670336499999999669e-01
7.078718500000000802e-01 -2.104024999999999646e-02 4.690246499999999874e-01
7.148172925000000344e-01 -2.121824999999999406e-02 4.678924250000000007e-01
7.217794250000000300e-01 -2.139474999999999016e-02 4.667527750000000086e-01
7.086567250000000984e-01 -7.629999999999997895e-03 4.689455750000000034e-01
7.155381375000000599e-01 -7.848750000000001559e-03 4.676221749999999733e-01
7.224447500000000799e-01 -8.084750000000001657e-03 4.662984499999999755e-01
7.092974750000000661e-01 5.676500000000000989e-03 4.686635999999999580e-01
7.161752725000000153e-01 5.554250000000010568e-03 4.673965499999999662e-01
7.230642750000000341e-01 5.421750000000002956e-03 4.661117750000000060e-01
7.090058000000000193e-01 1.893825000000000369e-02 4.692316749999999592e-01
7.158728524999999898e-01 1.967075000000000767e-02 4.677687749999999700e-01
7.227168999999999954e-01 2.043075000000000446e-02 4.663177249999999607e-01
7.080309500000000478e-01 3.322075000000000722e-02 4.700383999999999673e-01
7.149419075000000845e-01 3.377175000000000316e-02 4.685646749999999860e-01
7.218501750000000383e-01 3.434900000000000453e-02 4.670931749999999716e-01
7.066442250000000147e-01 4.698425000000000518e-02 4.710428425000000030e-01
7.139401650000000155e-01 4.753875000000000461e-02 4.694879949999999913e-01
7.212479000000000529e-01 4.812625000000000930e-02 4.679331749999999790e-01
7.045908250000000317e-01 6.027050000000000463e-02 4.723144899999999757e-01
7.127527875000000401e-01 6.093925000000000036e-02 4.705658724999999820e-01
7.209553499999999948e-01 6.169320000000000359e-02 4.688212749999999818e-01
7.017915500000000417e-01 7.280703750000000474e-02 4.737452824999999756e-01
7.113709249999999873e-01 7.377401975000000278e-02 4.716677149999999874e-01
7.208811999999999998e-01 7.496286750000000221e-02 4.696436574999999780e-01
7.003851500000000119e-01 8.486012500000000847e-02 4.746991499999999586e-01
7.099596500000000532e-01 8.579490000000000727e-02 4.726139524999999897e-01
7.194695250000000541e-01 8.728962500000000957e-02 4.705766399999999905e-01
7.015198000000000267e-01 9.591765000000000707e-02 4.747654749999999924e-01
7.095903250000000773e-01 9.629497500000000487e-02 4.729887349999999935e-01
7.176280500000000728e-01 9.690280000000001115e-02 4.712182924999999689e-01
7.037077750000000353e-01 1.069720000000000115e-01 4.744426174999999968e-01
7.108570499999999903e-01 1.067234999999999989e-01 4.728424474999999849e-01
7.179835500000000259e-01 1.064260000000000067e-01 4.712277799999999850e-01
7.065181750000000260e-01 1.184137500000000121e-01 4.738597049999999644e-01
7.130923100000000625e-01 1.174739999999999951e-01 4.723636874999999624e-01
7.196983000000000130e-01 1.163027500000000103e-01 4.708242449999999746e-01
7.091602000000000183e-01 1.311952500000000132e-01 4.736654375000000083e-01
7.154758675000000290e-01 1.306477500000000069e-01 4.718834060000000052e-01
7.217902750000000367e-01 1.301497500000000085e-01 4.701595724999999559e-01
7.111990500000000548e-01 1.447247500000000131e-01 4.740006499999999678e-01
7.172645000000000826e-01 1.445710000000000051e-01 4.719012077499999958e-01
7.233095750000000379e-01 1.444650000000000101e-01 4.698240624999999726e-01
7.125407500000000560e-01 1.586390000000000022e-01 4.747579249999999695e-01
7.183372000000000090e-01 1.587365000000000026e-01 4.722740324999999961e-01
7.241085750000000321e-01 1.588747500000000090e-01 4.697922649999999867e-01
7.133283700000000449e-01 1.727219999999999867e-01 4.757945499999999828e-01
7.188351250000000192e-01 1.729852500000000071e-01 4.729008724999999580e-01
7.243181250000000349e-01 1.732735000000000247e-01 4.699928074999999983e-01
7.137236500000000428e-01 1.868345000000000145e-01 4.770322999999999647e-01
7.189184750000000568e-01 1.872207499999999913e-01 4.737197074999999757e-01
7.240911750000000868e-01 1.876232500000000192e-01 4.703875100000000087e-01
7.138586949999999876e-01 2.008847500000000008e-01 4.784458500000000059e-01
7.187033000000000449e-01 2.013917500000000083e-01 4.747356999999999827e-01
7.235263000000000666e-01 2.019207500000000099e-01 4.710054099999999577e-01
7.136929900000000826e-01 2.146575000000000011e-01 4.802480000000000082e-01
7.181474500000000205e-01 2.153092500000000076e-01 4.761946499999999971e-01
7.225840000000000041e-01 2.160257500000000164e-01 4.721345519999999851e-01
7.132197399999999909e-01 2.277457499999999968e-01 4.828183500000000072e-01
7.173652249999999952e-01 2.287365000000000093e-01 4.784632500000000066e-01
7.214670750000000687e-01 2.298507499999999926e-01 4.741732074999999713e-01
7.137893575000000546e-01 2.395009999999999917e-01 4.845184750000000040e-01
7.178185000000000260e-01 2.398702500000000071e-01 4.801279250000000109e-01
7.218378750000000732e-01 2.402882500000000088e-01 4.757316999999999796e-01
7.146657615000000519e-01 2.511762499999999898e-01 4.863984249999999676e-01
7.186181750000000257e-01 2.508210000000000162e-01 4.818070499999999590e-01
7.225730500000000500e-01 2.505595000000000461e-01 4.772093749999999912e-01
7.173073250000000511e-01 2.617230000000000389e-01 4.867826499999999834e-01
7.209968500000000224e-01 2.609257500000000118e-01 4.821172249999999826e-01
7.247489750000000175e-01 2.600792499999999841e-01 4.774400749999999638e-01
7.201683500000000127e-01 2.712120000000000086e-01 4.883942749999999888e-01
7.236617250000000334e-01 2.703487500000000265e-01 4.835094249999999927e-01
7.271975750000000405e-01 2.695155000000000189e-01 4.786035249999999741e-01
7.214213500000000723e-01 2.803932500000000383e-01 4.882666999999999979e-01
7.246755999999999753e-01 2.796445000000000181e-01 4.831739499999999632e-01
7.279446750000000410e-01 2.789420000000000233e-01 4.780335749999999884e-01
7.203009500000000509e-01 2.889795000000000003e-01 4.873069499999999610e-01
7.234265500000000015e-01 2.887545000000000250e-01 4.820350999999999941e-01
7.265400250000000337e-01 2.886147500000000310e-01 4.767383749999999920e-01
7.169915500000000330e-01 2.977042500000000036e-01 4.872520249999999775e-01
7.199326999999999810e-01 2.980922500000000031e-01 4.818161499999999986e-01
7.228435500000000014e-01 2.985575000000000312e-01 4.763568499999999983e-01
7.146079582500000082e-01 3.069785000000000430e-01 4.875376499999999891e-01
7.174327500000000635e-01 3.078969999999999763e-01 4.819601499999999761e-01
7.202233500000000399e-01 3.088910000000000267e-01 4.763933249999999786e-01
7.134785825000000692e-01 3.163774999999999782e-01 4.894985749999999913e-01
7.162155550000000037e-01 3.177510000000000057e-01 4.838682999999999734e-01
7.189201750000000501e-01 3.191912500000000374e-01 4.782404999999999573e-01
7.108004250000000690e-01 3.256479999999999930e-01 4.912885249999999759e-01
7.133325400000000149e-01 3.273429999999999951e-01 4.855156250000000062e-01
7.158332499999999765e-01 3.291280000000000316e-01 4.797683500000000101e-01
7.098945250000000540e-01 3.352080000000000060e-01 4.942016750000000069e-01
7.123545600000000810e-01 3.369829999999999770e-01 4.883019499999999846e-01
7.148332925000000504e-01 3.389254999999999907e-01 4.824120249999999666e-01
7.080467500000000580e-01 3.456429999999999780e-01 4.966759000000000035e-01
7.103845750000000736e-01 3.476580000000000226e-01 4.906138499999999625e-01
7.127651074999999947e-01 3.497129999999999961e-01 4.845513999999999655e-01
7.049432500000000212e-01 3.555030000000000134e-01 4.989969999999999684e-01
7.070214750000000103e-01 3.579479999999999884e-01 4.927514249999999651e-01
7.091438749999999791e-01 3.604105000000000225e-01 4.864805999999999853e-01
7.002117749999999807e-01 3.642779999999999907e-01 5.014272499999999910e-01
7.019429249999999954e-01 3.674255000000000160e-01 4.950102749999999996e-01
7.037273250000000147e-01 3.705229999999999912e-01 4.885165249999999793e-01
6.935436999999999852e-01 3.714855000000000240e-01 5.043192499999999967e-01
6.947569500000000398e-01 3.754379999999999939e-01 4.976392499999999774e-01
6.959362749999999931e-01 3.792754999999999876e-01 4.908413999999999833e-01
6.853187499999999766e-01 3.766079999999999983e-01 5.075975000000000348e-01
6.857705000000000606e-01 3.813655000000000239e-01 5.004214999999999636e-01
6.861180000000000057e-01 3.859655000000000169e-01 4.931872999999999951e-01
6.759399999999999853e-01 3.797605000000000008e-01 5.106022500000000353e-01
6.757340000000000568e-01 3.850905000000000022e-01 5.029642500000000016e-01
6.754087500000000022e-01 3.902380000000000293e-01 4.953576249999999681e-01
6.637882500000000796e-01 3.814580000000000193e-01 5.122182499999999861e-01
6.634417500000000523e-01 3.864779999999999882e-01 5.047349999999999337e-01
6.627072499999999700e-01 3.914305000000000145e-01 4.975182499999999952e-01
6.528852499999999726e-01 3.828529999999999989e-01 5.113550000000000040e-01
6.523065000000000113e-01 3.873105000000000020e-01 5.048424999999999718e-01
6.514550000000000063e-01 3.917680000000000051e-01 4.985140000000000127e-01
6.431457500000000715e-01 3.818130000000000135e-01 5.102229999999999821e-01
6.423845000000000249e-01 3.859480000000000133e-01 5.043695000000000261e-01
6.414349999999999774e-01 3.900505000000000222e-01 4.985877499999999962e-01
6.346505000000000063e-01 3.781680000000000041e-01 5.077855000000000008e-01
6.335755000000000692e-01 3.820780000000000287e-01 5.023535000000000084e-01
6.324402500000000371e-01 3.859080000000000288e-01 4.969011500000000137e-01
6.281265000000000320e-01 3.723629999999999995e-01 5.040792499999999787e-01
6.266152500000000680e-01 3.760330000000000061e-01 4.988847499999999879e-01
6.251349999999999962e-01 3.796630000000000282e-01 4.936540999999999846e-01
6.235224999999999795e-01 3.649930000000000119e-01 4.996742499999999865e-01
6.215880000000000294e-01 3.684279999999999777e-01 4.945965749999999828e-01
6.197705000000000020e-01 3.719605000000000272e-01 4.894927000000000028e-01
6.187205000000000066e-01 3.560480000000000311e-01 4.958347750000000054e-01
6.162027500000000213e-01 3.586305000000000187e-01 4.905892250000000177e-01
6.137240000000000473e-01 3.611955000000000027e-01 4.853416249999999987e-01
6.145880000000000232e-01 3.460354999999999959e-01 4.935836249999999703e-01
6.115327500000000693e-01 3.477680000000000216e-01 4.882654000000000161e-01
6.084862500000000063e-01 3.494654999999999845e-01 4.829459500000000127e-01
6.112319999999999975e-01 3.353054999999999786e-01 4.920561250000000109e-01
6.078440000000000509e-01 3.363430000000000031e-01 4.870692999999999828e-01
6.044479999999999853e-01 3.373479999999999812e-01 4.820893499999999721e-01
6.089182499999999942e-01 3.238202500000000317e-01 4.912246000000000112e-01
6.050197500000000783e-01 3.245029999999999859e-01 4.863037249999999645e-01
6.010952499999999699e-01 3.251629999999999798e-01 4.814004499999999798e-01
6.068445000000000089e-01 3.120962499999999640e-01 4.912152750000000068e-01
6.027897500000000131e-01 3.122887500000000038e-01 4.865895749999999964e-01
5.987137500000000445e-01 3.124685000000000379e-01 4.819804500000000047e-01
6.060227500000000544e-01 3.000797499999999784e-01 4.910000749999999803e-01
6.015557500000000557e-01 3.001367500000000077e-01 4.866974749999999905e-01
5.971155000000000213e-01 3.001717500000000149e-01 4.824253749999999896e-01
6.064257499999999856e-01 2.875412499999999705e-01 4.907965249999999835e-01
6.016090000000000604e-01 2.873982499999999662e-01 4.868082750000000125e-01
5.968037500000000772e-01 2.872470000000000301e-01 4.828463000000000060e-01
6.072757500000000030e-01 2.749354999999999993e-01 4.901337499999999792e-01
6.022015000000000562e-01 2.749902499999999916e-01 4.865934499999999829e-01
5.971467500000000594e-01 2.750157500000000033e-01 4.830711500000000047e-01
6.076600000000000890e-01 2.624490000000000434e-01 4.891745750000000004e-01
6.023672500000000207e-01 2.626930000000000098e-01 4.860127750000000080e-01
5.970602500000000701e-01 2.630409999999999693e-01 4.828009249999999919e-01
6.072982500000000394e-01 2.510535000000000405e-01 4.876259000000000010e-01
6.018284999999999885e-01 2.516312499999999730e-01 4.848736499999999894e-01
5.963405000000000511e-01 2.522465000000000401e-01 4.820804750000000083e-01
6.063222500000000625e-01 2.401085000000000025e-01 4.864033749999999712e-01
6.005340000000000122e-01 2.408032499999999965e-01 4.840665749999999989e-01
5.947227500000000777e-01 2.414890000000000092e-01 4.816819749999999845e-01
6.053650000000000420e-01 2.296947500000000031e-01 4.857491499999999629e-01
5.994335000000000635e-01 2.303050000000000097e-01 4.838704749999999666e-01
5.934829999999999828e-01 2.308717500000000145e-01 4.819435750000000129e-01
6.048682499999999962e-01 2.202012500000000150e-01 4.860020749999999778e-01
5.988805000000000378e-01 2.209115000000000106e-01 4.845029000000000141e-01
5.928202500000000486e-01 2.214435000000000153e-01 4.829688249999999905e-01
6.054897500000000488e-01 2.127829999999999999e-01 4.873432749999999647e-01
5.992520000000000069e-01 2.128472500000000156e-01 4.862203250000000088e-01
5.930052500000000393e-01 2.129560000000000064e-01 4.851264499999999869e-01
6.071292500000000647e-01 2.056084999999999996e-01 4.902774249999999889e-01
6.007115000000000649e-01 2.052087499999999953e-01 4.896196499999999618e-01
5.943720000000000114e-01 2.050015000000000032e-01 4.890438249999999876e-01
6.089177500000000354e-01 1.980052500000000215e-01 4.951054999999999762e-01
6.024325000000000374e-01 1.979555000000000065e-01 4.946335000000000037e-01
5.960165000000000601e-01 1.979472499999999913e-01 4.942722999999999978e-01
6.102684999999999915e-01 1.884919999999999929e-01 5.015724999999999767e-01
6.036155000000000825e-01 1.885560000000000014e-01 5.010904999999999943e-01
5.969492499999999868e-01 1.886627499999999902e-01 5.006007500000000388e-01
6.114720000000000155e-01 1.780687499999999979e-01 5.085914999999999742e-01
6.045650000000000190e-01 1.777442499999999925e-01 5.083535000000000137e-01
5.976642500000000080e-01 1.774274999999999880e-01 5.081145000000000245e-01
6.131100000000000438e-01 1.673209999999999975e-01 5.157810000000000450e-01
6.058872500000000993e-01 1.667887499999999856e-01 5.156537500000000218e-01
5.986830000000000762e-01 1.662367499999999887e-01 5.155494999999999939e-01
6.151340000000000696e-01 1.566560000000000175e-01 5.229684999999999473e-01
6.074017500000000735e-01 1.560759999999999925e-01 5.228307500000000108e-01
5.997060000000000723e-01 1.554264999999999952e-01 5.227597499999999675e-01
6.171925000000000328e-01 1.464547500000000224e-01 5.298764999999999725e-01
6.086759999999999948e-01 1.459992500000000248e-01 5.296830000000000149e-01
6.001997500000000318e-01 1.455667499999999948e-01 5.294647500000000395e-01
6.182610000000000605e-01 1.364837500000000148e-01 5.363297499999999385e-01
6.092640000000000278e-01 1.360237499999999988e-01 5.361319999999999419e-01
6.002500000000000613e-01 1.355852499999999905e-01 5.359005000000000019e-01
6.192622500000000141e-01 1.265169999999999906e-01 5.421682500000000182e-01
6.095412500000000344e-01 1.261154999999999915e-01 5.419089999999999741e-01
5.998652500000000165e-01 1.257320000000000104e-01 5.416147500000000337e-01
6.192545000000000410e-01 1.163307499999999967e-01 5.479522500000000296e-01
6.096830000000000860e-01 1.160049999999999970e-01 5.476762499999999756e-01
6.001350000000000851e-01 1.156662499999999982e-01 5.473829999999999529e-01
6.183405000000000706e-01 1.061527499999999902e-01 5.529454999999999787e-01
6.097575000000000633e-01 1.059304999999999969e-01 5.526579999999999826e-01
6.011960000000000637e-01 1.056285000000000002e-01 5.523982499999999796e-01
6.181240000000000068e-01 9.572459999999999303e-02 5.581150000000000277e-01
6.100307500000000660e-01 9.551012500000000127e-02 5.578425000000000189e-01
6.019410000000000593e-01 9.524520000000000208e-02 5.575900000000000301e-01
6.106492500000000323e-01 7.543856499999999909e-02 5.678569999999999451e-01
