8.217402500000000609e-01 6.768825000000000536e-02 4.663137249999999567e-01
8.478855000000000697e-01 2.917700000000000848e-02 4.678049999999999708e-01
8.361682500000000573e-01 2.521575000000000899e-02 4.668008999999999631e-01
8.244352500000000639e-01 2.124450000000001337e-02 4.657982749999999839e-01
8.517012500000000763e-01 1.828950000000001408e-02 4.677670749999999766e-01
8.399597500000000050e-01 1.427850000000001340e-02 4.667613749999999784e-01
8.281777500000000458e-01 1.033050000000002022e-02 4.657528749999999551e-01
8.554132500000000139e-01 7.545250000000017221e-03 4.676896999999999860e-01
8.437650000000000983e-01 3.572750000000013415e-03 4.666987749999999546e-01
8.321385000000000032e-01 -2.047499999999757847e-04 4.657010499999999498e-01
8.589865000000000972e-01 -2.807249999999983370e-03 4.675868999999999720e-01
8.478277499999999911e-01 -6.484499999999976394e-03 4.666360749999999835e-01
8.366090000000000471e-01 -9.870749999999983704e-03 4.656500499999999820e-01
8.627445000000000253e-01 -1.368024999999997715e-02 4.674998499999999946e-01
8.515712500000000018e-01 -1.657374999999998433e-02 4.665652249999999723e-01
8.405217500000000674e-01 -1.920474999999997878e-02 4.656060999999999672e-01
8.660085000000000699e-01 -2.542924999999998659e-02 4.674937999999999594e-01
8.547790000000000665e-01 -2.693874999999998354e-02 4.665622499999999562e-01
8.436095000000000121e-01 -2.823274999999998702e-02 4.656200249999999929e-01
8.680240000000000178e-01 -3.583324999999998317e-02 4.676455749999999800e-01
8.570205000000000739e-01 -3.702349999999998698e-02 4.666994499999999602e-01
8.456417500000000809e-01 -3.733424999999998550e-02 4.657486499999999863e-01
8.683867499999999851e-01 -4.548574999999997759e-02 4.678242249999999824e-01
8.573367499999999808e-01 -4.549649999999998140e-02 4.668339249999999829e-01
8.460942500000000477e-01 -4.517549999999997956e-02 4.658880999999999717e-01
8.676650000000000196e-01 -5.484424999999998329e-02 4.680193500000000006e-01
8.567532500000000217e-01 -5.396950000000000358e-02 4.670054249999999740e-01
8.456302500000000277e-01 -5.305150000000000143e-02 4.660523499999999486e-01
8.661910000000000442e-01 -6.418750000000000844e-02 4.682050249999999969e-01
8.553540000000000587e-01 -6.255849999999998912e-02 4.671669999999999989e-01
8.443300000000000249e-01 -6.112075000000000147e-02 4.661900249999999524e-01
8.642867499999999925e-01 -7.348774999999999058e-02 4.683649500000000021e-01
8.536310000000000286e-01 -7.116000000000000103e-02 4.673187999999999787e-01
8.430017499999999941e-01 -7.032299999999999662e-02 4.663329999999999975e-01
8.632120000000000903e-01 -8.459949999999999415e-02 4.683643999999999585e-01
8.525712500000000027e-01 -8.237800000000000678e-02 4.673389000000000015e-01
8.420214999999999783e-01 -8.151875000000000093e-02 4.662556499999999660e-01
8.625280000000000724e-01 -9.821574999999999056e-02 4.681550749999999761e-01
8.519925000000000415e-01 -9.647824999999998763e-02 4.670023999999999842e-01
8.416017500000000373e-01 -9.539724999999998900e-02 4.657105249999999863e-01
8.620827500000000088e-01 -1.117072500000000079e-01 4.679063249999999563e-01
8.515480000000000826e-01 -1.110847499999999821e-01 4.666280499999999609e-01
8.412885000000001057e-01 -1.090974999999999862e-01 4.652615999999999974e-01
8.611125000000000584e-01 -1.231289999999999885e-01 4.680955499999999714e-01
8.507632500000000819e-01 -1.225532500000000025e-01 4.664520499999999514e-01
8.405365000000000197e-01 -1.205017499999999908e-01 4.648493499999999945e-01
8.593807500000000266e-01 -1.330759999999999998e-01 4.687543499999999863e-01
8.492595000000000560e-01 -1.318537499999999918e-01 4.666290249999999751e-01
8.391787500000000843e-01 -1.299019999999999897e-01 4.646078249999999743e-01
8.573195000000000121e-01 -1.425002499999999950e-01 4.693289499999999670e-01
8.472257499999999997e-01 -1.408969999999999945e-01 4.673754749999999847e-01
8.371295000000000819e-01 -1.389392499999999864e-01 4.656456999999999957e-01
8.543884999999999952e-01 -1.517195000000000071e-01 4.695843949999999878e-01
8.447542500000000398e-01 -1.496974999999999834e-01 4.676798499999999525e-01
8.347282500000000605e-01 -1.478722499999999829e-01 4.657731249999999545e-01
8.513522500000000326e-01 -1.606360000000000010e-01 4.693094499999999614e-01
8.417907500000000320e-01 -1.591204999999999981e-01 4.674680749999999829e-01
8.319117500000000609e-01 -1.580850000000000033e-01 4.655603249999999971e-01
8.485295000000000476e-01 -1.717167500000000013e-01 4.689479749999999614e-01
8.387967500000000909e-01 -1.705345000000000055e-01 4.670868499999999979e-01
8.289007500000000750e-01 -1.698437499999999878e-01 4.651613249999999589e-01
8.460245000000000681e-01 -1.830370000000000053e-01 4.684236999999999984e-01
8.364545000000001007e-01 -1.821145000000000125e-01 4.666044249999999893e-01
8.266087500000001143e-01 -1.818294999999999773e-01 4.646902249999999568e-01
8.449145000000000127e-01 -1.937119999999999953e-01 4.682287249999999568e-01
8.347210000000000463e-01 -1.941244999999999776e-01 4.662800749999999605e-01
8.250492500000000673e-01 -1.958745000000000069e-01 4.643448249999999611e-01
8.447112500000000246e-01 -2.037519999999999887e-01 4.684513999999999623e-01
8.352390000000000647e-01 -2.036769999999999969e-01 4.666098249999999781e-01
8.261255000000000681e-01 -2.040770000000000084e-01 4.649370250000000038e-01
8.442880000000000384e-01 -2.127195000000000058e-01 4.694831749999999748e-01
8.353367500000000723e-01 -2.117720000000000158e-01 4.674774499999999611e-01
8.263747500000000468e-01 -2.109469999999999956e-01 4.655432999999999932e-01
8.417027500000000551e-01 -2.216119999999999757e-01 4.703339225000000012e-01
8.336850000000000094e-01 -2.194444999999999868e-01 4.681885749999999957e-01
8.253457500000001001e-01 -2.172870000000000079e-01 4.660813249999999908e-01
8.367777500000000979e-01 -2.295470000000000010e-01 4.706623974999999960e-01
8.299252500000000587e-01 -2.261595000000000133e-01 4.685110249999999699e-01
8.227110000000000811e-01 -2.226920000000000011e-01 4.663286499999999557e-01
8.319772500000000015e-01 -2.370794999999999986e-01 4.705264099999999505e-01
8.256362500000000715e-01 -2.323469999999999702e-01 4.682888249999999641e-01
8.190087500000000631e-01 -2.277870000000000172e-01 4.659821749999999985e-01
8.294407500000000599e-01 -2.434894999999999698e-01 4.691836749999999667e-01
8.226592500000000641e-01 -2.383044999999999747e-01 4.669672249999999858e-01
8.164992500000000097e-01 -2.331070000000000086e-01 4.645403750000000054e-01
8.248740000000001071e-01 -2.494044999999999734e-01 4.692737249999999749e-01
8.183110000000000106e-01 -2.436119999999999952e-01 4.669071749999999521e-01
8.124927500000000968e-01 -2.371070000000000122e-01 4.642831749999999924e-01
8.159992500000000648e-01 -2.566594999999999849e-01 4.701330374999999617e-01
8.103932500000000649e-01 -2.489195000000000157e-01 4.673767749999999666e-01
8.058940000000001103e-01 -2.407770000000000188e-01 4.644570749999999970e-01
8.011562500000000142e-01 -2.611195000000000044e-01 4.723746849999999609e-01
7.977637500000001047e-01 -2.517794999999999894e-01 4.689628750000000013e-01
7.948937500000000655e-01 -2.423544999999999727e-01 4.656437499999999674e-01
7.839435000000000153e-01 -2.601019999999999999e-01 4.758835999999999622e-01
7.839352500000000834e-01 -2.507495000000000140e-01 4.717505439999999939e-01
7.844622500000000276e-01 -2.411070000000000157e-01 4.676233999999999669e-01
7.700552500000000800e-01 -2.564420000000000033e-01 4.782952500000000051e-01
7.715375000000000982e-01 -2.480094999999999938e-01 4.741525600000000007e-01
7.736997500000000194e-01 -2.391119999999999912e-01 4.697838399999999526e-01
7.588620000000000365e-01 -2.519620000000000193e-01 4.803617499999999763e-01
7.610982500000000872e-01 -2.438794999999999713e-01 4.760940999999999645e-01
7.635942500000000299e-01 -2.357469999999999843e-01 4.718516302499999870e-01
7.480700000000000127e-01 -2.471570000000000156e-01 4.813523999999999581e-01
7.514065000000000882e-01 -2.396420000000000217e-01 4.769613500000000061e-01
7.547702500000000869e-01 -2.322369999999999712e-01 4.726842424999999626e-01
7.388993000000000366e-01 -2.399569999999999759e-01 4.835746249999999802e-01
7.430707500000000021e-01 -2.332294999999999785e-01 4.790246999999999700e-01
7.472085000000000532e-01 -2.265670000000000184e-01 4.745202499999999768e-01
7.272343250000000703e-01 -2.271544999999999814e-01 4.843544750000000065e-01
7.327754750000000650e-01 -2.222270000000000079e-01 4.798343749999999797e-01
7.383343500000000281e-01 -2.172569999999999779e-01 4.752713749999999959e-01
7.176375250000001094e-01 -2.124119999999999897e-01 4.815657749999999737e-01
7.244060500000000236e-01 -2.094595000000000207e-01 4.774287999999999865e-01
7.311251750000000715e-01 -2.063245000000000218e-01 4.732178824999999645e-01
7.121015725000000574e-01 -1.964319999999999955e-01 4.781017499999999920e-01
7.193912250000000785e-01 -1.956069999999999753e-01 4.745506749999999774e-01
7.266078250000000960e-01 -1.941820000000000213e-01 4.707768499999999690e-01
7.094777250000000590e-01 -1.842769999999999686e-01 4.750074999999999714e-01
7.169038775000000641e-01 -1.837019999999999764e-01 4.715309775000000037e-01
7.243501750000000960e-01 -1.829994999999999816e-01 4.679831249999999998e-01
7.081162250000000435e-01 -1.720124999999999849e-01 4.730787399999999976e-01
7.155580450000000869e-01 -1.714330000000000020e-01 4.698648049999999965e-01
7.230874500000000760e-01 -1.707042500000000018e-01 4.666760749999999680e-01
7.067510500000000473e-01 -1.598282500000000050e-01 4.725525999999999893e-01
7.144634986750000305e-01 -1.589684999999999848e-01 4.695059099999999708e-01
7.222201750000000198e-01 -1.580137500000000084e-01 4.665161499999999628e-01
7.061546750000000650e-01 -1.464620000000000088e-01 4.715074899999999736e-01
7.137641200000000019e-01 -1.462154999999999982e-01 4.689349499999999615e-01
7.213674250000000621e-01 -1.459644999999999970e-01 4.663905499999999593e-01
7.064674750000000669e-01 -1.335409999999999930e-01 4.707498924999999890e-01
7.138217425000000782e-01 -1.337122500000000047e-01 4.685429749999999727e-01
7.211687750000000952e-01 -1.338020000000000043e-01 4.663289499999999643e-01
7.074922500000000447e-01 -1.208782499999999926e-01 4.702118149999999774e-01
7.144969907500000605e-01 -1.211855000000000016e-01 4.681678499999999965e-01
7.215504000000000362e-01 -1.212137500000000090e-01 4.661115999999999593e-01
7.074645000000000516e-01 -1.100029999999999897e-01 4.702368849999999934e-01
7.146040865000000686e-01 -1.100119999999999987e-01 4.681791750000000030e-01
7.217039250000000239e-01 -1.100602499999999984e-01 4.661536000000000013e-01
7.077986750000000438e-01 -9.855824999999998615e-02 4.701659249999999846e-01
7.149774800000000541e-01 -9.891649999999999054e-02 4.681398499999999685e-01
7.221841250000000656e-01 -9.931799999999998962e-02 4.661428499999999975e-01
7.083944000000000907e-01 -8.709174999999999556e-02 4.698474324999999951e-01
7.153809425000000610e-01 -8.792274999999999396e-02 4.679276749999999874e-01
7.224565500000000862e-01 -8.893075000000000285e-02 4.660113999999999645e-01
7.088962250000000465e-01 -7.566999999999998727e-02 4.692347749999999929e-01
7.158449775000000903e-01 -7.671600000000000641e-02 4.674230500000000066e-01
7.228281250000000435e-01 -7.814750000000000862e-02 4.656080999999999692e-01
7.091255500000001044e-01 -6.176049999999999596e-02 4.684714749999999706e-01
7.161718400000000040e-01 -6.246224999999999694e-02 4.667080750000000000e-01
7.232144750000000233e-01 -6.306599999999998318e-02 4.649233249999999984e-01
7.089220750000000404e-01 -4.694924999999999793e-02 4.679043749999999835e-01
7.159287525000000985e-01 -4.742099999999999094e-02 4.662367249999999630e-01
7.229168000000000260e-01 -4.778674999999998896e-02 4.645556499999999867e-01
7.086535500000000765e-01 -3.346049999999999025e-02 4.679390749999999821e-01
7.155704274999999948e-01 -3.350324999999999831e-02 4.663206500000000032e-01
7.224860500000001018e-01 -3.339999999999999913e-02 4.647115749999999879e-01
7.083340000000000192e-01 -1.937749999999999195e-02 4.685117500000000046e-01
7.152084475000000108e-01 -1.941450000000000120e-02 4.669510000000000050e-01
7.220976000000000061e-01 -1.938299999999999745e-02 4.654063499999999687e-01
7.081651250000000619e-01 -5.281250000000001221e-03 4.694202249999999688e-01
7.149982275000000831e-01 -5.320749999999999091e-03 4.679146499999999875e-01
7.218343500000000690e-01 -5.337750000000002215e-03 4.664241000000000081e-01
7.083891500000000230e-01 8.470249999999998614e-03 4.700380999999999587e-01
7.152299324999999985e-01 8.572000000000010167e-03 4.685575249999999747e-01
7.220673750000000668e-01 8.654750000000002719e-03 4.670786249999999695e-01
7.077058500000000807e-01 2.232300000000000256e-02 4.704420549999999701e-01
7.145350365000000536e-01 2.325050000000000727e-02 4.689941999999999722e-01
7.213248750000000875e-01 2.422450000000000297e-02 4.675543249999999929e-01
7.064129000000000103e-01 3.706000000000000266e-02 4.712223374999999770e-01
7.132898800000000428e-01 3.779000000000000414e-02 4.697679750000000043e-01
7.201232499999999925e-01 3.856575000000000281e-02 4.683254749999999911e-01
7.051243000000000372e-01 5.074992500000000129e-02 4.721995837499999848e-01
7.124045750000000954e-01 5.148305000000000242e-02 4.706778424999999988e-01
7.196744750000000357e-01 5.228905000000000358e-02 4.691739249999999917e-01
7.035494250000000616e-01 6.393835000000000490e-02 4.729411874999999710e-01
7.117089750000000770e-01 6.460765000000000258e-02 4.712565524999999811e-01
7.199204500000000451e-01 6.546552500000001051e-02 4.695886899999999753e-01
7.013371250000000057e-01 7.618910000000000959e-02 4.734680599999999684e-01
7.109741250000000123e-01 7.702074999999999894e-02 4.715279499999999735e-01
7.205624250000000064e-01 7.836645000000000416e-02 4.696200775000000105e-01
7.005497750000000412e-01 8.718212499999999920e-02 4.734149474999999607e-01
7.102022500000000349e-01 8.780587500000000545e-02 4.714995799999999737e-01
7.198729249999999968e-01 8.907647500000000218e-02 4.695339974999999666e-01
7.021790749999999859e-01 9.676049999999999929e-02 4.728057525000000094e-01
7.102748500000000131e-01 9.680572500000000913e-02 4.712072649999999863e-01
7.183717750000000457e-01 9.705812500000000898e-02 4.695719975000000046e-01
7.050007750000000240e-01 1.060405000000000098e-01 4.720053501500000026e-01
7.121160324999999958e-01 1.055057500000000092e-01 4.706048224999999641e-01
7.192302500000000709e-01 1.047890000000000071e-01 4.691828999999999583e-01
7.085702750000000272e-01 1.156505000000000033e-01 4.712497174999999983e-01
7.150362675000000445e-01 1.145339999999999969e-01 4.699650824999999643e-01
7.215411500000000755e-01 1.129412500000000069e-01 4.686557000000000084e-01
7.114636750000000731e-01 1.286229999999999873e-01 4.711213549999999639e-01
7.177508000000000221e-01 1.276097500000000218e-01 4.697968024999999992e-01
7.240418000000000687e-01 1.265235000000000110e-01 4.684787999999999730e-01
7.131724950000000174e-01 1.438112500000000016e-01 4.717832719999999758e-01
7.194253250000000044e-01 1.438027500000000070e-01 4.703044650000000049e-01
7.256126750000000403e-01 1.438557500000000045e-01 4.688733250000000075e-01
7.136126400000000203e-01 1.603765000000000052e-01 4.729946174999999919e-01
7.196111250000000181e-01 1.607757499999999951e-01 4.711529549999999844e-01
7.255728750000000060e-01 1.612729999999999997e-01 4.693179000000000101e-01
7.135652525000000246e-01 1.780610000000000248e-01 4.742185174999999919e-01
7.193084250000000290e-01 1.785562499999999997e-01 4.719184954999999793e-01
7.250287000000000814e-01 1.790944999999999898e-01 4.696067599999999564e-01
7.134831850000000752e-01 1.959892500000000037e-01 4.755954499999999752e-01
7.189403000000000876e-01 1.964425000000000199e-01 4.727920174999999947e-01
7.243842000000000336e-01 1.969107500000000233e-01 4.699686399999999931e-01
7.134677675000000718e-01 2.139510000000000023e-01 4.763872249999999697e-01
7.187111000000000471e-01 2.142864999999999909e-01 4.738011474999999639e-01
7.238190250000000603e-01 2.147304999999999908e-01 4.704796625000000065e-01
7.135932050000000082e-01 2.314120000000000066e-01 4.783575250000000056e-01
7.184179500000000829e-01 2.318527499999999963e-01 4.752931749999999567e-01
7.231273249999999875e-01 2.324702500000000172e-01 4.715540874999999965e-01
7.134524200000000871e-01 2.477297499999999986e-01 4.819644999999999624e-01
7.178601500000000302e-01 2.488114999999999910e-01 4.779094749999999725e-01
7.222308499999999798e-01 2.500927499999999748e-01 4.739356024999999972e-01
7.146217860000000366e-01 2.619624999999999870e-01 4.845869499999999608e-01
7.188205000000000844e-01 2.623655000000000292e-01 4.804160999999999571e-01
7.230350500000000125e-01 2.629252499999999992e-01 4.762996250000000042e-01
7.164702225000000313e-01 2.738712500000000105e-01 4.874268749999999817e-01
7.205128250000000234e-01 2.735182500000000183e-01 4.829618749999999849e-01
7.245845000000000757e-01 2.731095000000000050e-01 4.785494750000000019e-01
7.201938250000000652e-01 2.820367500000000027e-01 4.884938999999999809e-01
7.238606499999999944e-01 2.811329999999999663e-01 4.839089500000000044e-01
7.276518750000000590e-01 2.802284999999999915e-01 4.793156499999999820e-01
7.218684250000000358e-01 2.894780000000000131e-01 4.886392250000000104e-01
7.254844249999999883e-01 2.883995000000000308e-01 4.839389499999999789e-01
7.291488750000000296e-01 2.873952499999999910e-01 4.791402249999999752e-01
7.205174500000000037e-01 2.954597500000000210e-01 4.863510500000000070e-01
7.240259000000000000e-01 2.947969999999999757e-01 4.814697749999999887e-01
7.274694999999999911e-01 2.942875000000000352e-01 4.765416000000000096e-01
7.201483750000000628e-01 3.029184999999999794e-01 4.862716499999999997e-01
7.235757750000000321e-01 3.030332500000000318e-01 4.812461999999999573e-01
7.269565749999999937e-01 3.031690000000000218e-01 4.762098750000000047e-01
7.178611000000000297e-01 3.097907500000000036e-01 4.871108249999999695e-01
7.210804750000000540e-01 3.104934999999999778e-01 4.819725749999999587e-01
7.243002499999999788e-01 3.112592499999999873e-01 4.767932999999999755e-01
7.161362850000000391e-01 3.170872500000000427e-01 4.879115250000000126e-01
7.192314000000000762e-01 3.184115000000000140e-01 4.826432999999999973e-01
7.223467500000000374e-01 3.197132500000000044e-01 4.773889749999999932e-01
7.164996399999999932e-01 3.242254999999999998e-01 4.908838249999999959e-01
7.196060000000000789e-01 3.259055000000000146e-01 4.856203499999999784e-01
7.227737750000000627e-01 3.275230000000000086e-01 4.803995749999999676e-01
7.146768932500000560e-01 3.310930000000000262e-01 4.933674749999999998e-01
7.177814750000000021e-01 3.327705000000000246e-01 4.881182499999999758e-01
7.209207000000000809e-01 3.346355000000000302e-01 4.828343999999999969e-01
7.126251925000000043e-01 3.392705000000000304e-01 4.945350499999999760e-01
7.156643375000000251e-01 3.407580000000000053e-01 4.890695999999999932e-01
7.187932000000000210e-01 3.424880000000000146e-01 4.835345249999999928e-01
7.113515999999999728e-01 3.478729999999999878e-01 4.967428749999999726e-01
7.144001497499999909e-01 3.492755000000000165e-01 4.910095250000000022e-01
7.175756250000000502e-01 3.508255000000000123e-01 4.852218749999999692e-01
7.092353500000000421e-01 3.553755000000000108e-01 4.968203250000000071e-01
7.123405000000000431e-01 3.569855000000000111e-01 4.908477749999999862e-01
7.154239725000000050e-01 3.587480000000000113e-01 4.847617499999999913e-01
7.040998000000000534e-01 3.603879999999999861e-01 4.963152499999999856e-01
7.068273000000000472e-01 3.625805000000000278e-01 4.899696000000000051e-01
7.094058750000000746e-01 3.648255000000000248e-01 4.834034999999999860e-01
6.963880500000000362e-01 3.646205000000000140e-01 4.965975249999999841e-01
6.983442499999999997e-01 3.674729999999999941e-01 4.896919999999999606e-01
7.003263750000000565e-01 3.701955000000000107e-01 4.825472749999999977e-01
6.882580000000000364e-01 3.678255000000000274e-01 4.969784999999999897e-01
6.893850000000000255e-01 3.713080000000000269e-01 4.892931999999999837e-01
6.904682500000000056e-01 3.746005000000000029e-01 4.815191500000000069e-01
6.805585000000000662e-01 3.722254999999999869e-01 4.986909999999999954e-01
6.807827499999999921e-01 3.763730000000000131e-01 4.904011999999999816e-01
6.810542499999999722e-01 3.804555000000000020e-01 4.823622750000000070e-01
6.701802500000000329e-01 3.746504999999999974e-01 4.994419999999999971e-01
6.698574999999999946e-01 3.786979999999999791e-01 4.914000000000000035e-01
6.692592499999999722e-01 3.827679999999999971e-01 4.837453499999999629e-01
6.609304999999999763e-01 3.752679999999999905e-01 4.979797499999999988e-01
6.600019999999999776e-01 3.788755000000000317e-01 4.910097250000000080e-01
6.587482500000000352e-01 3.824330000000000229e-01 4.842517249999999662e-01
6.533404999999999907e-01 3.726455000000000184e-01 4.968582750000000159e-01
6.517902500000000154e-01 3.757655000000000300e-01 4.905549000000000159e-01
6.500775000000000858e-01 3.787905000000000300e-01 4.843394999999999784e-01
6.467445000000000555e-01 3.670380000000000309e-01 4.950772250000000096e-01
6.447365000000000457e-01 3.695605000000000140e-01 4.891054999999999708e-01
6.426872500000000432e-01 3.720154999999999990e-01 4.831483500000000042e-01
6.431452500000000017e-01 3.593454999999999844e-01 4.931224750000000046e-01
6.408172500000000049e-01 3.611079999999999846e-01 4.871307500000000013e-01
6.385082499999999994e-01 3.629479999999999928e-01 4.810891499999999654e-01
6.414440000000000142e-01 3.492804999999999938e-01 4.923788249999999644e-01
6.391362500000000724e-01 3.502605000000000302e-01 4.863927499999999848e-01
6.368697500000000122e-01 3.512905000000000055e-01 4.803719499999999920e-01
6.415077500000000432e-01 3.372105000000000241e-01 4.924731250000000116e-01
6.394122500000000153e-01 3.370779999999999887e-01 4.864376999999999729e-01
6.373830000000000329e-01 3.369205000000000116e-01 4.804457249999999902e-01
6.437867500000000742e-01 3.247005000000000030e-01 4.934520749999999900e-01
6.420027500000000664e-01 3.239830000000000210e-01 4.873903250000000131e-01
6.402352500000000335e-01 3.233034999999999659e-01 4.813508249999999822e-01
6.464977499999999822e-01 3.103474999999999984e-01 4.947407500000000069e-01
6.451320000000000388e-01 3.093342500000000328e-01 4.888875999999999777e-01
6.437892499999999796e-01 3.082749999999999657e-01 4.830467499999999692e-01
6.510945000000000205e-01 2.957309999999999661e-01 4.961190749999999650e-01
6.498384999999999856e-01 2.948284999999999934e-01 4.900226249999999895e-01
6.485872500000000596e-01 2.938767500000000199e-01 4.838997250000000028e-01
6.570742499999999708e-01 2.815672499999999912e-01 4.970032500000000075e-01
6.560267499999999918e-01 2.805604999999999905e-01 4.910719000000000056e-01
6.549780000000000602e-01 2.794900000000000162e-01 4.851249249999999846e-01
6.642852500000000493e-01 2.668524999999999925e-01 4.969411999999999718e-01
6.631584999999999841e-01 2.661634999999999973e-01 4.909124249999999856e-01
6.621302500000000313e-01 2.652962500000000112e-01 4.849261500000000003e-01
6.723915000000000308e-01 2.542362499999999970e-01 4.962713749999999591e-01
6.712112500000000370e-01 2.537789999999999768e-01 4.903478749999999886e-01
6.703350000000000142e-01 2.530427499999999830e-01 4.843641249999999787e-01
6.786010000000000097e-01 2.464159999999999962e-01 4.961484250000000040e-01
6.774822500000000636e-01 2.461432500000000079e-01 4.902514000000000038e-01
6.763942499999999747e-01 2.458039999999999947e-01 4.843722500000000042e-01
6.855067500000000535e-01 2.406375000000000042e-01 4.953197749999999622e-01
6.842780000000000529e-01 2.406022500000000175e-01 4.895336999999999605e-01
6.828797500000000076e-01 2.405922500000000075e-01 4.836733500000000019e-01
6.913643999999999901e-01 2.366467500000000168e-01 4.945404999999999940e-01
6.901180749999999975e-01 2.366192500000000032e-01 4.886199249999999550e-01
6.886772500000000186e-01 2.366775000000000129e-01 4.827592749999999877e-01
6.991573500000000108e-01 2.316634999999999944e-01 4.927670249999999696e-01
6.976014249999999972e-01 2.318492500000000067e-01 4.868043750000000114e-01
6.960373750000000692e-01 2.319942500000000130e-01 4.808140499999999928e-01
7.072439999999999838e-01 2.268267499999999937e-01 4.905583499999999764e-01
7.054589250000000700e-01 2.272002499999999925e-01 4.846704000000000012e-01
7.036597250000000692e-01 2.275237499999999968e-01 4.787634499999999793e-01
7.145067175000000548e-01 2.236980000000000079e-01 4.886729999999999685e-01
7.129352300000000309e-01 2.236167500000000030e-01 4.828389999999999627e-01
7.116910000000000736e-01 2.234732500000000122e-01 4.778051999999999855e-01
7.195721750000000361e-01 2.210835000000000161e-01 4.881113249999999848e-01
7.187983749999999894e-01 2.204697499999999921e-01 4.819821499999999981e-01
7.181015500000000884e-01 2.197277499999999995e-01 4.762165499999999607e-01
7.233586750000000620e-01 2.173430000000000084e-01 4.887486749999999658e-01
7.233764000000000305e-01 2.159032499999999910e-01 4.825610499999999914e-01
7.234259250000000252e-01 2.143279999999999907e-01 4.764304999999999790e-01
7.263507750000000041e-01 2.116900000000000170e-01 4.915733250000000054e-01
7.265688250000000847e-01 2.097917499999999991e-01 4.853349750000000018e-01
7.268645000000000245e-01 2.076947500000000113e-01 4.793577749999999860e-01
7.302323250000000154e-01 2.025969999999999993e-01 4.966698250000000092e-01
7.305826750000000702e-01 2.002687499999999954e-01 4.904581000000000079e-01
7.309263750000000170e-01 1.978992499999999988e-01 4.842883000000000049e-01
7.363281999999999883e-01 1.933345000000000202e-01 5.030742499999999451e-01
7.371379250000000827e-01 1.901542500000000246e-01 4.970339999999999758e-01
7.379255250000000821e-01 1.869527500000000009e-01 4.910112500000000102e-01
7.439642499999999936e-01 1.853572500000000012e-01 5.108192499999999470e-01
7.452254999999999852e-01 1.815245000000000053e-01 5.048532500000000312e-01
7.464297500000000030e-01 1.777090000000000058e-01 4.988642500000000091e-01
7.537937500000000401e-01 1.787810000000000232e-01 5.201304999999999401e-01
7.552625000000000588e-01 1.745292500000000246e-01 5.137707499999999428e-01
7.567340000000000177e-01 1.702655000000000141e-01 5.074364999999999570e-01
7.645672500000000316e-01 1.740800000000000125e-01 5.294210000000000305e-01
7.661165000000000891e-01 1.693685000000000052e-01 5.222934999999999661e-01
7.674860000000000015e-01 1.647485000000000199e-01 5.150352499999999445e-01
7.767057500000000836e-01 1.700172500000000086e-01 5.386762499999999676e-01
7.784847500000000586e-01 1.649542500000000245e-01 5.312377499999999531e-01
7.802652500000000213e-01 1.599457499999999976e-01 5.238224999999999687e-01
7.891117500000000007e-01 1.664642500000000080e-01 5.476742500000000291e-01
7.908347500000000307e-01 1.610280000000000045e-01 5.395024999999999959e-01
7.926590000000000025e-01 1.556732499999999852e-01 5.315157499999999535e-01
8.023997500000000782e-01 1.620755000000000112e-01 5.558315000000000339e-01
8.034895000000000786e-01 1.569110000000000227e-01 5.474022499999999791e-01
8.049727500000000147e-01 1.517085000000000239e-01 5.393147499999999539e-01
8.137925000000000297e-01 1.573207500000000092e-01 5.609512500000000124e-01
8.145944999999999991e-01 1.527842500000000103e-01 5.533334999999999226e-01
8.156915000000000138e-01 1.481854999999999978e-01 5.459337499999999954e-01
8.240532500000000704e-01 1.528505000000000003e-01 5.651889999999999414e-01
8.249507500000000659e-01 1.485855000000000092e-01 5.581960000000000255e-01
8.259282500000000304e-01 1.442847500000000172e-01 5.512234999999999774e-01
8.442720000000000224e-01 1.404350000000000320e-01 5.666667499999999968e-01
