8.242460000000000342e-01 6.838667500000000787e-02 4.652481249999999569e-01
8.487695000000000656e-01 2.883325000000001165e-02 4.670718249999999960e-01
8.368860000000000188e-01 2.536175000000000929e-02 4.663999499999999521e-01
8.250057500000000932e-01 2.186800000000001243e-02 4.657316499999999970e-01
8.520677500000000126e-01 1.778675000000001089e-02 4.672177249999999726e-01
8.401607500000000117e-01 1.427950000000001440e-02 4.665450999999999904e-01
8.282740000000000657e-01 1.080025000000002511e-02 4.658748999999999807e-01
8.551732499999999959e-01 6.897250000000021419e-03 4.673174999999999968e-01
8.433927500000000244e-01 3.429500000000015869e-03 4.666579249999999734e-01
8.317237500000000949e-01 9.275000000001643041e-05 4.659960249999999804e-01
8.579835000000000100e-01 -3.546499999999980224e-03 4.673758499999999816e-01
8.466995000000000493e-01 -6.756249999999977551e-03 4.667402999999999968e-01
8.353575000000000861e-01 -9.725499999999984158e-03 4.660741749999999795e-01
8.608729999999999993e-01 -1.442799999999998251e-02 4.674374499999999766e-01
8.496195000000000830e-01 -1.692649999999998323e-02 4.668077999999999950e-01
8.384675000000000322e-01 -1.922074999999998091e-02 4.661534499999999692e-01
8.633319999999999883e-01 -2.601249999999998008e-02 4.674063249999999559e-01
8.520955000000000057e-01 -2.730749999999998456e-02 4.667667999999999817e-01
8.409079999999999888e-01 -2.839924999999998700e-02 4.661246499999999737e-01
8.650297500000000417e-01 -3.620649999999997481e-02 4.675753249999999861e-01
8.539572500000000010e-01 -3.736999999999998656e-02 4.669086999999999543e-01
8.426405000000000145e-01 -3.764649999999998553e-02 4.662518749999999823e-01
8.655767500000000059e-01 -4.571274999999998256e-02 4.677906499999999745e-01
8.544392499999999835e-01 -4.587474999999997805e-02 4.670721749999999783e-01
8.432437500000000696e-01 -4.566299999999998138e-02 4.664051249999999760e-01
8.652895000000000447e-01 -5.499049999999999772e-02 4.680437999999999543e-01
8.542692499999999800e-01 -5.440549999999999553e-02 4.672878749999999637e-01
8.431577500000000391e-01 -5.372625000000000317e-02 4.665957249999999612e-01
8.643937500000000718e-01 -6.431924999999999448e-02 4.682212499999999777e-01
8.534217500000000900e-01 -6.310150000000000481e-02 4.674298999999999538e-01
8.423652500000000654e-01 -6.203124999999998224e-02 4.667004999999999626e-01
8.632305000000000117e-01 -7.370499999999999274e-02 4.681864999999999499e-01
8.524037500000000156e-01 -7.185700000000000420e-02 4.674124499999999793e-01
8.417567500000000535e-01 -7.150499999999998524e-02 4.666362000000000010e-01
8.629992500000001066e-01 -8.493649999999999811e-02 4.679469249999999581e-01
8.522697500000000481e-01 -8.322849999999998305e-02 4.671905249999999676e-01
8.416032500000000249e-01 -8.285950000000000260e-02 4.663230499999999612e-01
8.628352500000000536e-01 -9.862999999999999545e-02 4.674801749999999978e-01
8.522587500000000649e-01 -9.737399999999998834e-02 4.665779749999999781e-01
8.417847500000000815e-01 -9.680400000000000116e-02 4.655293499999999529e-01
8.628305000000000557e-01 -1.120592499999999991e-01 4.671814749999999572e-01
8.522750000000000048e-01 -1.120282499999999959e-01 4.661092749999999896e-01
8.418987500000000290e-01 -1.106499999999999984e-01 4.649877999999999512e-01
8.626067500000000887e-01 -1.235644999999999938e-01 4.675912999999999875e-01
8.520932500000000243e-01 -1.235647500000000010e-01 4.661084749999999666e-01
8.417462500000000292e-01 -1.223817499999999836e-01 4.646981000000000028e-01
8.620175000000001031e-01 -1.340919999999999890e-01 4.689070749999999510e-01
8.517055000000000042e-01 -1.336034999999999862e-01 4.669117749999999734e-01
8.414772500000000655e-01 -1.325999999999999956e-01 4.651071249999999546e-01
8.610022500000000800e-01 -1.445774999999999977e-01 4.700967074999999884e-01
8.507700000000000262e-01 -1.434020000000000017e-01 4.683320249999999851e-01
8.405877500000000779e-01 -1.421317500000000011e-01 4.668924249999999998e-01
8.589180000000000703e-01 -1.549895000000000023e-01 4.711075874999999802e-01
8.491112500000000951e-01 -1.530874999999999875e-01 4.692809999999999482e-01
8.389842500000000980e-01 -1.515775000000000039e-01 4.674814999999999943e-01
8.561437500000000922e-01 -1.651110000000000078e-01 4.715759249999999514e-01
8.465222500000000316e-01 -1.631555000000000089e-01 4.694376749999999987e-01
8.365600000000000813e-01 -1.618767499999999859e-01 4.672601999999999589e-01
8.530322500000000474e-01 -1.758097499999999869e-01 4.709096574999999674e-01
8.433237500000000386e-01 -1.742719999999999825e-01 4.687376749999999648e-01
8.334217500000000722e-01 -1.732239999999999891e-01 4.664981749999999594e-01
8.501230000000000731e-01 -1.865620000000000056e-01 4.700183174999999491e-01
8.406035000000000590e-01 -1.853619999999999712e-01 4.678490499999999885e-01
8.307997500000000590e-01 -1.847369999999999846e-01 4.655714999999999715e-01
8.487117500000000980e-01 -1.967320000000000180e-01 4.694982699999999953e-01
8.385207500000000369e-01 -1.969119999999999759e-01 4.671092499999999759e-01
8.288247500000001100e-01 -1.983395000000000019e-01 4.647684249999999850e-01
8.484657500000001296e-01 -2.061894999999999700e-01 4.691602749999999600e-01
8.388490000000000668e-01 -2.061945000000000028e-01 4.671324499999999769e-01
8.296945000000000014e-01 -2.065294999999999770e-01 4.651908499999999891e-01
8.479455000000000187e-01 -2.153995000000000215e-01 4.694975699999999752e-01
8.388072500000001153e-01 -2.144094999999999751e-01 4.675503249999999889e-01
8.297062500000000895e-01 -2.134444999999999815e-01 4.657213249999999638e-01
8.454097500000000709e-01 -2.245869999999999811e-01 4.692951249999999797e-01
8.370589999999999975e-01 -2.222795000000000187e-01 4.675251500000000004e-01
8.285032500000000244e-01 -2.199019999999999864e-01 4.658143499999999881e-01
8.405112500000000431e-01 -2.327794999999999725e-01 4.683653249999999990e-01
8.332195000000000018e-01 -2.291869999999999741e-01 4.668060499999999724e-01
8.257255000000001122e-01 -2.254269999999999885e-01 4.653096499999999636e-01
8.356780000000000319e-01 -2.405045000000000099e-01 4.673120499999999788e-01
8.286802500000001181e-01 -2.354870000000000019e-01 4.658009499999999914e-01
8.216550000000000242e-01 -2.305344999999999756e-01 4.644152500000000017e-01
8.306412499999999977e-01 -2.466344999999999787e-01 4.680454000000000003e-01
8.236722499999999947e-01 -2.411395000000000066e-01 4.661976999999999927e-01
8.171830000000001037e-01 -2.355045000000000055e-01 4.645046250000000043e-01
8.245417500000000732e-01 -2.516069999999999696e-01 4.704182524999999671e-01
8.175612500000000171e-01 -2.457595000000000196e-01 4.681026999999999827e-01
8.110882500000000661e-01 -2.391794999999999893e-01 4.655673999999999646e-01
8.143305000000000682e-01 -2.576444999999999985e-01 4.745007749999999858e-01
8.082747500000000418e-01 -2.502395000000000036e-01 4.711761174999999913e-01
8.028327500000000949e-01 -2.425444999999999962e-01 4.677690999999999932e-01
7.996997500000000425e-01 -2.610795000000000199e-01 4.797519499999999826e-01
7.958517500000000799e-01 -2.523819999999999952e-01 4.751088749999999861e-01
7.923827500000000246e-01 -2.436470000000000025e-01 4.706128974999999603e-01
7.829932500000000850e-01 -2.589369999999999727e-01 4.848823749999999766e-01
7.825765000000000082e-01 -2.506470000000000087e-01 4.789173499999999639e-01
7.826080000000000814e-01 -2.420869999999999966e-01 4.728584750000000003e-01
7.693082500000000268e-01 -2.550669999999999882e-01 4.867521749999999536e-01
7.705152500000000959e-01 -2.477369999999999850e-01 4.808195249999999699e-01
7.723577500000000651e-01 -2.399994999999999767e-01 4.745207750000000058e-01
7.579467500000001134e-01 -2.512320000000000109e-01 4.864650249999999954e-01
7.601137500000000324e-01 -2.441395000000000093e-01 4.806825499999999862e-01
7.624562500000000576e-01 -2.370295000000000041e-01 4.748304749999999741e-01
7.473060000000000258e-01 -2.471694999999999864e-01 4.849734499999999726e-01
7.505477500000000690e-01 -2.405344999999999844e-01 4.795113249999999883e-01
7.537840000000000096e-01 -2.339694999999999969e-01 4.740270699999999948e-01
7.380771500000000707e-01 -2.405519999999999881e-01 4.849300249999999868e-01
7.421062500000000783e-01 -2.346395000000000008e-01 4.795880999999999617e-01
7.460950000000000637e-01 -2.287170000000000036e-01 4.742423374999999997e-01
7.265517000000000225e-01 -2.295794999999999919e-01 4.838996749999999736e-01
7.318542750000001096e-01 -2.249995000000000189e-01 4.787987750000000098e-01
7.371895000000000531e-01 -2.203919999999999768e-01 4.736724549999999923e-01
7.178872250000000177e-01 -2.159794999999999909e-01 4.821148000000000100e-01
7.242434250000000517e-01 -2.130044999999999855e-01 4.772931499999999994e-01
7.305957750000000583e-01 -2.099019999999999775e-01 4.724653124999999565e-01
7.127441175000001072e-01 -2.010919999999999930e-01 4.796474000000000015e-01
7.195834000000000952e-01 -1.997019999999999906e-01 4.753895249999999795e-01
7.263865000000000460e-01 -1.978469999999999951e-01 4.710247475000000072e-01
7.099134250000000979e-01 -1.875394999999999701e-01 4.770197250000000055e-01
7.169908000000000392e-01 -1.867119999999999891e-01 4.729039800000000016e-01
7.240996250000000245e-01 -1.857995000000000063e-01 4.687738499999999919e-01
7.084123750000000941e-01 -1.735792499999999905e-01 4.745158499999999613e-01
7.157001500000000904e-01 -1.731692499999999968e-01 4.709111249999999860e-01
7.230867250000000412e-01 -1.725972500000000076e-01 4.672769999999999979e-01
7.073914000000000035e-01 -1.598072499999999840e-01 4.727042699999999820e-01
7.149721075000000647e-01 -1.595287499999999969e-01 4.695883449999999626e-01
7.226395000000001012e-01 -1.590769999999999962e-01 4.664172999999999791e-01
7.069975750000000447e-01 -1.460672499999999818e-01 4.712979425000000111e-01
7.145509047500000488e-01 -1.461294999999999955e-01 4.686333249999999895e-01
7.220808250000000372e-01 -1.461560000000000081e-01 4.659458499999999948e-01
7.073317500000000368e-01 -1.325927500000000092e-01 4.703186325000000001e-01
7.146283850000000326e-01 -1.330092499999999955e-01 4.679937999999999598e-01
7.219174250000000015e-01 -1.332562499999999928e-01 4.656363749999999913e-01
7.081270750000000502e-01 -1.195372499999999838e-01 4.693967249999999591e-01
7.150567250000000596e-01 -1.201470000000000038e-01 4.672231000000000023e-01
7.220376750000000454e-01 -1.203442499999999860e-01 4.649957499999999855e-01
7.076011500000000121e-01 -1.095224999999999949e-01 4.691898250000000048e-01
7.146814742500000595e-01 -1.096042499999999864e-01 4.669764999999999611e-01
7.217091500000000215e-01 -1.097074999999999856e-01 4.647844749999999747e-01
7.071603750000000632e-01 -9.922174999999999745e-02 4.689468499999999707e-01
7.143958597500000840e-01 -9.939549999999999774e-02 4.668619250000000109e-01
7.216003000000000833e-01 -9.964275000000000215e-02 4.647974999999999746e-01
7.071652999999999967e-01 -8.864949999999999219e-02 4.688803500000000013e-01
7.142967005000000480e-01 -8.919574999999999032e-02 4.668865249999999967e-01
7.214453250000000262e-01 -8.997574999999999323e-02 4.648884749999999677e-01
7.077792250000000118e-01 -7.768424999999998248e-02 4.686875500000000083e-01
7.147616650000000460e-01 -7.854649999999999133e-02 4.667667999999999817e-01
7.217757000000000200e-01 -7.979225000000000900e-02 4.648377499999999940e-01
7.083883750000000701e-01 -6.431875000000000786e-02 4.684779249999999617e-01
7.154209225000000005e-01 -6.488199999999999523e-02 4.665714999999999724e-01
7.224628500000001008e-01 -6.538325000000000387e-02 4.646606500000000084e-01
7.086264000000001007e-01 -4.997599999999999265e-02 4.683052500000000062e-01
7.156069225000000200e-01 -5.023899999999999200e-02 4.664558500000000052e-01
7.225702000000000513e-01 -5.048699999999999022e-02 4.646046249999999933e-01
7.087488750000000559e-01 -3.556650000000000089e-02 4.681370249999999844e-01
7.156394400000000156e-01 -3.555599999999999039e-02 4.663568249999999749e-01
7.225352500000000733e-01 -3.540499999999999203e-02 4.645665499999999670e-01
7.088303750000000125e-01 -2.038049999999999584e-02 4.680067499999999714e-01
7.156742025000000229e-01 -2.040899999999999659e-02 4.662749749999999804e-01
7.225409750000000297e-01 -2.035099999999999409e-02 4.645297999999999927e-01
7.089064250000000067e-01 -5.308750000000000968e-03 4.679514999999999647e-01
7.157242725000000361e-01 -5.246749999999994474e-03 4.662740999999999691e-01
7.225603250000000033e-01 -5.111499999999991051e-03 4.646046249999999933e-01
7.090222250000000059e-01 8.778500000000008519e-03 4.684589000000000114e-01
7.158273400000000342e-01 9.023500000000003740e-03 4.667793499999999818e-01
7.226326250000000284e-01 9.266750000000004150e-03 4.651095749999999973e-01
7.082197749999999958e-01 2.281900000000000595e-02 4.696697400000000022e-01
7.149884900000000876e-01 2.395300000000000207e-02 4.680396000000000001e-01
7.217198250000000925e-01 2.515375000000000250e-02 4.664309999999999845e-01
7.066867750000001003e-01 3.763025000000000397e-02 4.712618499999999822e-01
7.135003975000000498e-01 3.860600000000000143e-02 4.695973499999999690e-01
7.202707250000000005e-01 3.966125000000000206e-02 4.679549499999999806e-01
7.049953250000000615e-01 5.098830000000000029e-02 4.726043899999999853e-01
7.122028850000000633e-01 5.194232500000000446e-02 4.708260324999999913e-01
7.193985250000000109e-01 5.295190000000000313e-02 4.690528999999999948e-01
7.031042499999999862e-01 6.386674999999999991e-02 4.736938149999999625e-01
7.111826250000000682e-01 6.472452500000000497e-02 4.716708324999999702e-01
7.193236500000000921e-01 6.569915000000001171e-02 4.696314899999999848e-01
7.006147500000000639e-01 7.601929749999999930e-02 4.747475749999999772e-01
7.101638750000000000e-01 7.697530000000001038e-02 4.723199299999999989e-01
7.197098500000000953e-01 7.827467500000000189e-02 4.698943875000000103e-01
6.994592000000000587e-01 8.730442500000000494e-02 4.755394749999999893e-01
7.090059000000000777e-01 8.807235000000000757e-02 4.730849574999999585e-01
7.185546000000000433e-01 8.946840000000000348e-02 4.706599799999999778e-01
7.006794000000000633e-01 9.736854999999999816e-02 4.757048249999999978e-01
7.086933750000000698e-01 9.748642500000000155e-02 4.736099724999999760e-01
7.166918750000000893e-01 9.784255000000000035e-02 4.715362100000000112e-01
7.030782500000000157e-01 1.072700000000000042e-01 4.755516249999999778e-01
7.101447250000000322e-01 1.066845000000000016e-01 4.736640449999999780e-01
7.171889250000000882e-01 1.059717500000000034e-01 4.717787394999999884e-01
7.063360250000000340e-01 1.174820000000000031e-01 4.751187000000000049e-01
7.127863550000000936e-01 1.161370000000000041e-01 4.733557425000000096e-01
7.192521250000000199e-01 1.143735000000000029e-01 4.715655675000000047e-01
7.095703250000000573e-01 1.300080000000000124e-01 4.747063749999999582e-01
7.157701650000000138e-01 1.287814999999999932e-01 4.729678774999999669e-01
7.219833500000000237e-01 1.274820000000000120e-01 4.712275924999999588e-01
7.119296750000000396e-01 1.444135000000000002e-01 4.745911999999999908e-01
7.180749499999999896e-01 1.441470000000000251e-01 4.727085249999999905e-01
7.241789499999999880e-01 1.439429999999999876e-01 4.708668749999999625e-01
7.129062200000000349e-01 1.599347500000000144e-01 4.750708249999999744e-01
7.187919750000000274e-01 1.602280000000000093e-01 4.728250149999999596e-01
7.246354000000000406e-01 1.605857499999999993e-01 4.705957399999999846e-01
7.129180274999999956e-01 1.759065000000000212e-01 4.762333749999999588e-01
7.185111499999999873e-01 1.764685000000000004e-01 4.735607900000000092e-01
7.240661750000000341e-01 1.770627499999999910e-01 4.708823849999999589e-01
7.125648875000000215e-01 1.920275000000000176e-01 4.779541250000000074e-01
7.178423999999999916e-01 1.926815000000000055e-01 4.748280249999999869e-01
7.230895250000000107e-01 1.933520000000000238e-01 4.716869999999999674e-01
7.122722675000000558e-01 2.081390000000000184e-01 4.800471749999999926e-01
7.171977000000000491e-01 2.088102500000000028e-01 4.764795499999999739e-01
7.220981250000000351e-01 2.095107499999999956e-01 4.728968375000000002e-01
7.121062325000000470e-01 2.239385000000000125e-01 4.826781249999999579e-01
7.166211525000000249e-01 2.246390000000000053e-01 4.787216499999999986e-01
7.211256750000000215e-01 2.254345000000000099e-01 4.747662999999999744e-01
7.121686575000000241e-01 2.388524999999999954e-01 4.862837250000000000e-01
7.163533275000000256e-01 2.398657500000000165e-01 4.819934249999999754e-01
7.205101000000000422e-01 2.410684999999999911e-01 4.777910499999999949e-01
7.138020050000000172e-01 2.518460000000000143e-01 4.890279999999999627e-01
7.177643000000000217e-01 2.521349999999999980e-01 4.846217499999999623e-01
7.217452750000000750e-01 2.525935000000000263e-01 4.802645749999999714e-01
7.160116324999999948e-01 2.631387499999999768e-01 4.914654749999999850e-01
7.198225500000000610e-01 2.625750000000000028e-01 4.868293249999999794e-01
7.236402750000000550e-01 2.620992500000000058e-01 4.821884249999999761e-01
7.191068999999999933e-01 2.724499999999999700e-01 4.908540999999999599e-01
7.226166250000000124e-01 2.711525000000000185e-01 4.862634249999999714e-01
7.262304000000000537e-01 2.699572500000000375e-01 4.816078999999999777e-01
7.205538750000000103e-01 2.810630000000000073e-01 4.893957999999999919e-01
7.240342000000000722e-01 2.794564999999999966e-01 4.847722749999999747e-01
7.275478750000000661e-01 2.779372500000000246e-01 4.800142000000000020e-01
7.194228500000000581e-01 2.877702500000000052e-01 4.860609750000000062e-01
7.228040749999999903e-01 2.865159999999999929e-01 4.812284249999999597e-01
7.261503249999999854e-01 2.854284999999999739e-01 4.763335999999999681e-01
7.195737750000000821e-01 2.961025000000000462e-01 4.847100999999999771e-01
7.229498250000000459e-01 2.956590000000000051e-01 4.796608499999999720e-01
7.262908249999999732e-01 2.952162500000000134e-01 4.746091000000000060e-01
7.177644750000000684e-01 3.038657500000000455e-01 4.845533249999999792e-01
7.210250999999999744e-01 3.041547500000000293e-01 4.793423499999999726e-01
7.242364749999999907e-01 3.044227499999999642e-01 4.741158549999999750e-01
7.151913400000000642e-01 3.112225000000000130e-01 4.842672499999999824e-01
7.182808250000000116e-01 3.121907500000000169e-01 4.788773000000000057e-01
7.212952750000000135e-01 3.131012499999999976e-01 4.734937624999999706e-01
7.144834600000000702e-01 3.187682499999999752e-01 4.864042749999999971e-01
7.175246499999999861e-01 3.202034999999999743e-01 4.810159749999999845e-01
7.204583749999999842e-01 3.216152500000000192e-01 4.756122499999999587e-01
7.118332750000000431e-01 3.255954999999999822e-01 4.884035749999999787e-01
7.145990890000000206e-01 3.272229999999999861e-01 4.829381249999999959e-01
7.173642000000000074e-01 3.290104999999999835e-01 4.774279499999999898e-01
7.101803749999999749e-01 3.338705000000000145e-01 4.898955749999999720e-01
7.128192024999999710e-01 3.354530000000000012e-01 4.842406249999999801e-01
7.155364025000000572e-01 3.372580000000000022e-01 4.785164000000000084e-01
7.095195499999999988e-01 3.424929999999999919e-01 4.928933749999999669e-01
7.121260875000000601e-01 3.441204999999999958e-01 4.869938999999999796e-01
7.148809950000000191e-01 3.458255000000000079e-01 4.810287749999999640e-01
7.080604999999999816e-01 3.503580000000000028e-01 4.939303499999999625e-01
7.107189250000000014e-01 3.522255000000000247e-01 4.877995999999999999e-01
7.134176875000000084e-01 3.542405000000000137e-01 4.816069749999999927e-01
7.035368000000000732e-01 3.562704999999999900e-01 4.946251499999999579e-01
7.058836750000000437e-01 3.587954999999999894e-01 4.882318499999999672e-01
7.081653749999999858e-01 3.614455000000000306e-01 4.816985749999999622e-01
6.966068750000000698e-01 3.619455000000000311e-01 4.964376500000000081e-01
6.983122250000000086e-01 3.651805000000000190e-01 4.896175999999999862e-01
7.001912500000000428e-01 3.685804999999999776e-01 4.827345000000000108e-01
6.891614999999999824e-01 3.668580000000000174e-01 4.982074999999999698e-01
6.901864750000000770e-01 3.707705000000000028e-01 4.907185749999999902e-01
6.913099999999999801e-01 3.749529999999999808e-01 4.833875499999999992e-01
6.807727500000000376e-01 3.704080000000000150e-01 4.998007500000000158e-01
6.809767500000000195e-01 3.751530000000000142e-01 4.918302749999999834e-01
6.812960000000000127e-01 3.797754999999999881e-01 4.840850499999999612e-01
6.700147499999999923e-01 3.711955000000000116e-01 4.996587499999999848e-01
6.697760000000000380e-01 3.759180000000000299e-01 4.919835750000000063e-01
6.693180000000000796e-01 3.803555000000000130e-01 4.845139250000000120e-01
6.607577500000000326e-01 3.706004999999999994e-01 4.972284999999999622e-01
6.599380000000000246e-01 3.747105000000000019e-01 4.905203750000000085e-01
6.589055000000000328e-01 3.785479999999999956e-01 4.838668749999999741e-01
6.533514999999999739e-01 3.671829999999999816e-01 4.951366249999999969e-01
6.519515000000000171e-01 3.706904999999999784e-01 4.889955750000000156e-01
6.505389999999999784e-01 3.740255000000000107e-01 4.828493249999999959e-01
6.466730000000000533e-01 3.613029999999999853e-01 4.924802500000000083e-01
6.450037499999999868e-01 3.641130000000000200e-01 4.865358750000000065e-01
6.432847500000000718e-01 3.668830000000000147e-01 4.805996000000000157e-01
6.424772499999999997e-01 3.536254999999999815e-01 4.899324999999999930e-01
6.404590000000000005e-01 3.557029999999999914e-01 4.839234249999999626e-01
6.384347500000000508e-01 3.579154999999999975e-01 4.778969499999999870e-01
6.391892500000000421e-01 3.436230000000000118e-01 4.888408750000000080e-01
6.370922500000000266e-01 3.449329999999999896e-01 4.828521499999999800e-01
6.349825000000000053e-01 3.463129999999999820e-01 4.768501749999999872e-01
6.364665000000000461e-01 3.316530000000000311e-01 4.890160000000000062e-01
6.343039999999999790e-01 3.316780000000000284e-01 4.830048750000000002e-01
6.321502500000000246e-01 3.316554999999999920e-01 4.770572249999999737e-01
6.357392500000000890e-01 3.189307500000000406e-01 4.904236499999999888e-01
6.332720000000000571e-01 3.181015000000000370e-01 4.846004999999999896e-01
6.308195000000000885e-01 3.172445000000000404e-01 4.788144999999999762e-01
6.363752500000000589e-01 3.056297500000000333e-01 4.920281499999999975e-01
6.342674999999999841e-01 3.045022499999999743e-01 4.864178000000000113e-01
6.321769999999999889e-01 3.033347499999999863e-01 4.808130250000000050e-01
6.392507499999999787e-01 2.920304999999999707e-01 4.933292750000000115e-01
6.372377500000000472e-01 2.908864999999999923e-01 4.874869000000000008e-01
6.352370000000000516e-01 2.897117500000000456e-01 4.816058500000000020e-01
6.440330000000000776e-01 2.789262500000000422e-01 4.940948000000000007e-01
6.422782500000000505e-01 2.775760000000000449e-01 4.884165749999999639e-01
6.405367499999999881e-01 2.761949999999999683e-01 4.827027999999999874e-01
6.501392500000000574e-01 2.652872499999999745e-01 4.941225750000000083e-01
6.483977499999999949e-01 2.640967499999999912e-01 4.883660999999999697e-01
6.467715000000000547e-01 2.627722500000000405e-01 4.826171999999999684e-01
6.571112500000000356e-01 2.526172500000000154e-01 4.942752750000000139e-01
6.555279999999999996e-01 2.515807500000000196e-01 4.884850000000000025e-01
6.541744999999999921e-01 2.502505000000000424e-01 4.827018750000000025e-01
6.613022500000000914e-01 2.438567500000000110e-01 4.952458249999999729e-01
6.598190000000000444e-01 2.429945000000000022e-01 4.894754749999999932e-01
6.583627499999999966e-01 2.420525000000000038e-01 4.837432999999999872e-01
6.665807500000000552e-01 2.366535000000000166e-01 4.952318499999999735e-01
6.650220000000000020e-01 2.361149999999999916e-01 4.895512249999999788e-01
6.633499999999999952e-01 2.355200000000000071e-01 4.837954749999999748e-01
6.716597499999999998e-01 2.310860000000000136e-01 4.948908499999999933e-01
6.700757500000000810e-01 2.305132500000000029e-01 4.890806749999999647e-01
6.683457500000000717e-01 2.300057500000000088e-01 4.833259500000000042e-01
6.783865000000000034e-01 2.237949999999999939e-01 4.936714999999999853e-01
6.765127499999999960e-01 2.234697499999999948e-01 4.878059499999999882e-01
6.746392500000000236e-01 2.230520000000000003e-01 4.819270749999999826e-01
6.853285000000000071e-01 2.163907499999999928e-01 4.919946499999999778e-01
6.832185000000000619e-01 2.162725000000000064e-01 4.862081999999999793e-01
6.811080000000000467e-01 2.160957500000000031e-01 4.804128999999999761e-01
6.919073000000000029e-01 2.106872499999999926e-01 4.902963499999999919e-01
6.897062500000000762e-01 2.101622499999999949e-01 4.846770499999999982e-01
6.876362500000000599e-01 2.095714999999999939e-01 4.788541000000000047e-01
6.962781250000000810e-01 2.063442500000000068e-01 4.896727249999999754e-01
6.945338500000000082e-01 2.050425000000000164e-01 4.839068999999999732e-01
6.928403250000000346e-01 2.036380000000000134e-01 4.780844499999999941e-01
6.990125249999999957e-01 2.018422500000000008e-01 4.908019750000000014e-01
6.978256250000000049e-01 1.994682500000000136e-01 4.850858000000000114e-01
6.967029500000000430e-01 1.969049999999999967e-01 4.794367999999999963e-01
7.006969499999999851e-01 1.962007500000000071e-01 4.946009749999999983e-01
6.996633250000000581e-01 1.932312500000000210e-01 4.889041749999999964e-01
6.986892000000000102e-01 1.900952499999999934e-01 4.834992499999999915e-01
7.025010750000000304e-01 1.875417500000000071e-01 5.014497500000000274e-01
7.015739750000000718e-01 1.840654999999999930e-01 4.958683249999999987e-01
7.006170750000000336e-01 1.805840000000000223e-01 4.903290499999999885e-01
7.063210500000000058e-01 1.782907499999999978e-01 5.096399999999999819e-01
7.056722000000000827e-01 1.738937500000000136e-01 5.043962499999999904e-01
7.049781750000000402e-01 1.695085000000000064e-01 4.991674999999999862e-01
7.117299500000000556e-01 1.699634999999999896e-01 5.189882500000000398e-01
7.113599250000000040e-01 1.648335000000000217e-01 5.139445000000000263e-01
7.109277000000000513e-01 1.597454999999999847e-01 5.088715000000000321e-01
7.193296250000000835e-01 1.623912499999999870e-01 5.297867499999999730e-01
7.190056250000000926e-01 1.567350000000000132e-01 5.244372499999999659e-01
7.186803500000000788e-01 1.510792499999999983e-01 5.191087500000000077e-01
7.280528250000000146e-01 1.560357500000000008e-01 5.404004999999999503e-01
7.276142500000000179e-01 1.497902500000000137e-01 5.343774999999999498e-01
7.270358000000000098e-01 1.436702499999999993e-01 5.281994999999999330e-01
7.379877500000000534e-01 1.495894999999999864e-01 5.510752500000000165e-01
7.376134000000000857e-01 1.428922499999999984e-01 5.448132500000000267e-01
7.372576250000000275e-01 1.362447499999999978e-01 5.385719999999999397e-01
7.481587499999999835e-01 1.433099999999999929e-01 5.615142499999999925e-01
7.475632500000000125e-01 1.361727500000000091e-01 5.545795000000000030e-01
7.470947500000000296e-01 1.290967500000000101e-01 5.478302499999999631e-01
7.586945000000000494e-01 1.356862500000000082e-01 5.713847499999999968e-01
7.576154999999999973e-01 1.290172500000000000e-01 5.640745000000000342e-01
7.568867500000000526e-01 1.222052500000000014e-01 5.571585000000000010e-01
7.672797500000000381e-01 1.279337500000000127e-01 5.780882499999999702e-01
7.661932500000000479e-01 1.220897499999999969e-01 5.714572500000000277e-01
7.653520000000000323e-01 1.161087500000000106e-01 5.650792499999999219e-01
7.749335000000000528e-01 1.207095000000000112e-01 5.837842500000000046e-01
7.740447500000000591e-01 1.151892500000000208e-01 5.777299999999999658e-01
7.732145000000000268e-01 1.096070000000000100e-01 5.717099999999999405e-01
7.885645000000001126e-01 1.019160000000000066e-01 5.888894999999999547e-01
