8.216017500000000195e-01 6.615775000000001516e-02 4.647223749999999654e-01
8.475737500000000146e-01 2.757200000000001316e-02 4.665411499999999601e-01
8.358277499999999804e-01 2.366225000000000966e-02 4.658879749999999542e-01
8.241077500000000278e-01 1.969400000000001011e-02 4.652349249999999659e-01
8.511457500000000342e-01 1.673650000000000831e-02 4.668522499999999686e-01
8.393962500000000659e-01 1.279200000000001169e-02 4.662005249999999767e-01
8.276745000000000907e-01 8.810999999999999388e-03 4.655461749999999510e-01
8.544107499999999966e-01 6.188500000000013435e-03 4.671457999999999999e-01
8.427202500000000596e-01 2.337250000000012928e-03 4.664927499999999561e-01
8.309487500000000137e-01 -1.270749999999987168e-03 4.658208999999999822e-01
8.575205000000000188e-01 -3.920749999999986746e-03 4.674511999999999556e-01
8.462590000000000945e-01 -7.424749999999979977e-03 4.668116249999999523e-01
8.348250000000000393e-01 -1.056474999999998388e-02 4.661498499999999767e-01
8.609377500000000571e-01 -1.455374999999997643e-02 4.678326999999999902e-01
8.496842500000000298e-01 -1.729324999999998225e-02 4.671729749999999903e-01
8.384952500000000253e-01 -1.971699999999998454e-02 4.665133999999999670e-01
8.640689999999999760e-01 -2.608249999999998070e-02 4.682876749999999588e-01
8.528025000000000189e-01 -2.745699999999998142e-02 4.675870499999999486e-01
8.415245000000000086e-01 -2.854524999999998036e-02 4.668909499999999713e-01
8.660432500000000422e-01 -3.638949999999997742e-02 4.686872249999999851e-01
8.550005000000000521e-01 -3.740249999999997743e-02 4.679807500000000009e-01
8.435099999999999820e-01 -3.746674999999997924e-02 4.672410249999999765e-01
8.664487499999999898e-01 -4.602399999999998159e-02 4.689832749999999773e-01
8.553952500000000514e-01 -4.581549999999998124e-02 4.682359499999999564e-01
8.442560000000000064e-01 -4.528699999999998005e-02 4.674993999999999539e-01
8.656335000000000557e-01 -5.538399999999998879e-02 4.691822249999999528e-01
8.547532500000000200e-01 -5.424950000000000605e-02 4.684199499999999738e-01
8.436940000000000550e-01 -5.309674999999999812e-02 4.676638499999999921e-01
8.639535000000000409e-01 -6.470799999999998775e-02 4.692778499999999964e-01
8.531762500000000804e-01 -6.278349999999999209e-02 4.685098749999999646e-01
8.422275000000000178e-01 -6.108900000000000441e-02 4.677354999999999707e-01
8.618075000000000596e-01 -7.399924999999998865e-02 4.692467249999999757e-01
8.512350000000000749e-01 -7.132574999999999332e-02 4.684880249999999746e-01
8.406667500000000182e-01 -7.017824999999999758e-02 4.676973249999999971e-01
8.603772499999999823e-01 -8.517574999999999452e-02 4.689064999999999483e-01
8.498107500000000591e-01 -8.251749999999999363e-02 4.681588999999999889e-01
8.394040000000000390e-01 -8.139949999999998576e-02 4.673365999999999909e-01
8.594910000000000050e-01 -9.931024999999998881e-02 4.683047499999999919e-01
8.489647500000000457e-01 -9.730025000000000479e-02 4.675402249999999760e-01
8.386155000000000692e-01 -9.609575000000000755e-02 4.665756499999999529e-01
8.589300000000000823e-01 -1.134897500000000004e-01 4.676284499999999733e-01
8.483667500000000583e-01 -1.127012500000000028e-01 4.667176499999999839e-01
8.381270000000000664e-01 -1.106482500000000035e-01 4.656723249999999981e-01
8.579217500000000385e-01 -1.251572499999999977e-01 4.674616999999999800e-01
8.474955000000000682e-01 -1.246747500000000008e-01 4.661581499999999934e-01
8.372542500000000887e-01 -1.226099999999999968e-01 4.649765750000000031e-01
8.559622500000000356e-01 -1.348017499999999980e-01 4.676929999999999699e-01
8.458427500000000876e-01 -1.333142499999999953e-01 4.659531249999999680e-01
8.357565000000000133e-01 -1.310577500000000006e-01 4.644601499999999605e-01
8.534592500000000026e-01 -1.436492500000000061e-01 4.681962999999999542e-01
8.434647500000000964e-01 -1.416422499999999973e-01 4.663042999999999494e-01
8.334417500000000922e-01 -1.392087499999999922e-01 4.646960249999999570e-01
8.499149999999999761e-01 -1.520097499999999990e-01 4.687238999999999711e-01
8.404007500000000297e-01 -1.496077499999999838e-01 4.668265999999999805e-01
8.304412500000000197e-01 -1.471840000000000093e-01 4.649857499999999755e-01
8.463060000000000027e-01 -1.599374999999999825e-01 4.686775249999999837e-01
8.368095000000000949e-01 -1.580870000000000053e-01 4.667861499999999553e-01
8.269327500000001052e-01 -1.565102499999999897e-01 4.648533749999999576e-01
8.430635000000000767e-01 -1.700302499999999939e-01 4.686083499999999513e-01
8.333480000000000887e-01 -1.686097500000000027e-01 4.666749000000000036e-01
8.233640000000000958e-01 -1.674942499999999834e-01 4.646830249999999718e-01
8.406147500000000772e-01 -1.807544999999999846e-01 4.686523749999999544e-01
8.310537500000000355e-01 -1.798369999999999691e-01 4.667525249999999737e-01
8.212237500000000301e-01 -1.795820000000000194e-01 4.647920249999999975e-01
8.398657500000000775e-01 -1.910094999999999987e-01 4.689813249999999489e-01
8.297600000000000531e-01 -1.916895000000000127e-01 4.670213749999999608e-01
8.202825000000000255e-01 -1.939270000000000160e-01 4.651858999999999855e-01
8.404007500000000297e-01 -2.005170000000000008e-01 4.695251974999999911e-01
8.310365000000000668e-01 -2.009619999999999740e-01 4.676881499999999692e-01
8.221812500000000856e-01 -2.021519999999999984e-01 4.659118999999999899e-01
8.416885000000000616e-01 -2.091020000000000101e-01 4.701203749999999792e-01
8.327227500000000671e-01 -2.090194999999999692e-01 4.682312499999999877e-01
8.238585000000000491e-01 -2.091669999999999918e-01 4.663156499999999705e-01
8.408005000000000617e-01 -2.181669999999999998e-01 4.705045049999999618e-01
8.327562500000000867e-01 -2.167594999999999938e-01 4.686207499999999748e-01
8.243587500000000290e-01 -2.155544999999999822e-01 4.666472749999999725e-01
8.374255000000000448e-01 -2.268319999999999781e-01 4.703492424999999866e-01
8.304195000000000881e-01 -2.239395000000000135e-01 4.685958499999999805e-01
8.229607500000000186e-01 -2.211695000000000189e-01 4.667028249999999878e-01
8.338490000000000624e-01 -2.350895000000000068e-01 4.696797299999999620e-01
8.273512500000000935e-01 -2.305820000000000092e-01 4.680177249999999955e-01
8.205382500000000245e-01 -2.263919999999999821e-01 4.661389249999999818e-01
8.323885000000000867e-01 -2.413369999999999682e-01 4.681864499999999762e-01
8.255755000000000177e-01 -2.362969999999999793e-01 4.665527250000000015e-01
8.193570000000001130e-01 -2.313344999999999985e-01 4.647604499999999916e-01
8.284685000000000521e-01 -2.469370000000000176e-01 4.681931999999999761e-01
8.220482500000000359e-01 -2.412144999999999984e-01 4.665280749999999865e-01
8.161782500000001050e-01 -2.348445000000000116e-01 4.646719749999999594e-01
8.207667500000001004e-01 -2.543770000000000198e-01 4.692693249999999594e-01
8.152292500000000164e-01 -2.465019999999999989e-01 4.672052749999999754e-01
8.104267500000000846e-01 -2.383069999999999911e-01 4.650213249999999854e-01
8.064602500000001006e-01 -2.579270000000000174e-01 4.728119449999999557e-01
8.031210000000000848e-01 -2.484494999999999898e-01 4.698294925000000011e-01
7.998264999999999958e-01 -2.388945000000000096e-01 4.669070249999999755e-01
7.876352500000000090e-01 -2.559020000000000183e-01 4.769738000000000033e-01
7.877830000000000110e-01 -2.465069999999999761e-01 4.731150774999999808e-01
7.882760000000000877e-01 -2.368445000000000134e-01 4.691876749999999707e-01
7.725307500000000438e-01 -2.514445000000000152e-01 4.797889750000000064e-01
7.740442500000001003e-01 -2.429520000000000013e-01 4.759021249999999537e-01
7.762515000000000942e-01 -2.340369999999999950e-01 4.717880772499999931e-01
7.595770000000000577e-01 -2.469319999999999848e-01 4.815097999999999878e-01
7.618647500000000905e-01 -2.387219999999999898e-01 4.775992499999999752e-01
7.643902500000000488e-01 -2.304895000000000138e-01 4.736990774999999543e-01
7.469820000000000348e-01 -2.420169999999999821e-01 4.821380249999999701e-01
7.505260000000000264e-01 -2.343795000000000184e-01 4.782630999999999966e-01
7.539760000000000906e-01 -2.268244999999999845e-01 4.744479050000000031e-01
7.357123500000000149e-01 -2.347544999999999771e-01 4.839329749999999875e-01
7.403645000000000920e-01 -2.280169999999999697e-01 4.799937749999999559e-01
7.447757500000000697e-01 -2.212144999999999806e-01 4.760984749999999655e-01
7.233077250000000680e-01 -2.225420000000000176e-01 4.849970999999999588e-01
7.291520750000000106e-01 -2.174619999999999886e-01 4.810759499999999744e-01
7.349239500000001035e-01 -2.122795000000000099e-01 4.771486999999999812e-01
7.133589775000001021e-01 -2.079044999999999921e-01 4.828455999999999859e-01
7.203737250000000758e-01 -2.048719999999999986e-01 4.792842250000000082e-01
7.272081500000000531e-01 -2.015695000000000126e-01 4.756796500000000094e-01
7.086604250000000382e-01 -1.930020000000000069e-01 4.781973999999999947e-01
7.161652700000000760e-01 -1.921869999999999967e-01 4.753991249999999780e-01
7.236229500000000980e-01 -1.908019999999999716e-01 4.723431899999999684e-01
7.070112500000000910e-01 -1.825444999999999984e-01 4.738220374999999596e-01
7.146646702500000226e-01 -1.818270000000000164e-01 4.711311924999999623e-01
7.223794000000000048e-01 -1.811094999999999788e-01 4.683726500000000015e-01
7.067863750000000778e-01 -1.718294999999999961e-01 4.716361674999999809e-01
7.143611765000000835e-01 -1.709857499999999919e-01 4.689682499999999754e-01
7.220898250000000740e-01 -1.700710000000000000e-01 4.662499250000000095e-01
7.060415750000000878e-01 -1.612395000000000078e-01 4.716070674999999768e-01
7.136847150000000806e-01 -1.595387500000000069e-01 4.688907999999999965e-01
7.214257250000000177e-01 -1.578719999999999846e-01 4.661578999999999584e-01
7.049384500000001053e-01 -1.476194999999999868e-01 4.712140999999999691e-01
7.125763525000000653e-01 -1.469457499999999861e-01 4.688474749999999580e-01
7.201836500000000640e-01 -1.462154999999999982e-01 4.664954499999999782e-01
7.048409250000000625e-01 -1.344404999999999906e-01 4.709666650000000065e-01
7.122136250000000723e-01 -1.343212500000000031e-01 4.688339749999999584e-01
7.195789250000000914e-01 -1.341007499999999908e-01 4.667161750000000109e-01
7.054123000000001031e-01 -1.216325000000000045e-01 4.705558850000000071e-01
7.124463400000000668e-01 -1.216667499999999902e-01 4.685794500000000085e-01
7.195143500000000802e-01 -1.214037500000000047e-01 4.665934250000000061e-01
7.048926500000000095e-01 -1.106280000000000041e-01 4.703592724999999808e-01
7.120506775000000621e-01 -1.104235000000000078e-01 4.683747249999999918e-01
7.191530000000000422e-01 -1.102617499999999917e-01 4.663992499999999874e-01
7.048308750000000789e-01 -9.900849999999999929e-02 4.698771324999999610e-01
7.120285625000000174e-01 -9.924474999999999270e-02 4.679320999999999620e-01
7.192462000000000577e-01 -9.954324999999999979e-02 4.659718250000000062e-01
7.051427000000000112e-01 -8.729200000000000847e-02 4.692419250000000042e-01
7.121575050000000795e-01 -8.814225000000000532e-02 4.674184249999999707e-01
7.192532500000000661e-01 -8.917374999999999607e-02 4.655763499999999722e-01
7.058808250000000450e-01 -7.563124999999998321e-02 4.685937000000000019e-01
7.128530175000000746e-01 -7.687125000000000208e-02 4.668799750000000026e-01
7.198334000000000676e-01 -7.847499999999998921e-02 4.651631250000000106e-01
7.068639000000001005e-01 -6.151899999999999036e-02 4.680381999999999598e-01
7.138942250000001044e-01 -6.252499999999999725e-02 4.663739249999999670e-01
7.209510000000000085e-01 -6.338449999999998252e-02 4.647065499999999960e-01
7.075384000000000118e-01 -4.645950000000000080e-02 4.678376999999999675e-01
7.145218005000000261e-01 -4.735824999999999063e-02 4.662204249999999939e-01
7.214931750000000976e-01 -4.801924999999999943e-02 4.646197249999999834e-01
7.074655750000000687e-01 -3.288974999999999538e-02 4.681670249999999589e-01
7.143833059999999957e-01 -3.322224999999999484e-02 4.665831999999999757e-01
7.212906000000000040e-01 -3.336150000000000226e-02 4.650217500000000115e-01
7.070447000000000815e-01 -1.859224999999999073e-02 4.691165250000000064e-01
7.139238950000000861e-01 -1.889124999999999832e-02 4.675599249999999873e-01
7.207991500000000551e-01 -1.910874999999999380e-02 4.660135999999999723e-01
7.070349500000000509e-01 -4.195249999999997592e-03 4.695903574999999996e-01
7.138319400000000536e-01 -4.623249999999995419e-03 4.680573249999999685e-01
7.206622750000000188e-01 -5.016499999999993187e-03 4.665147749999999927e-01
7.083940750000000675e-01 9.587999999999999301e-03 4.695178074999999951e-01
7.151942700000000208e-01 9.206249999999999156e-03 4.679899750000000025e-01
7.220130000000000159e-01 8.809000000000011266e-03 4.664530499999999802e-01
7.091361250000000060e-01 2.332000000000000739e-02 4.692846250000000108e-01
7.159845950000000014e-01 2.378950000000000509e-02 4.677439999999999931e-01
7.228109750000000222e-01 2.427900000000000197e-02 4.662032999999999872e-01
7.092532000000000281e-01 3.794975000000000431e-02 4.693529999999999647e-01
7.161025800000000441e-01 3.832900000000000196e-02 4.678136999999999990e-01
7.229275750000000444e-01 3.871900000000000341e-02 4.662752499999999745e-01
7.089187750000000010e-01 5.194980000000000431e-02 4.696201674999999631e-01
7.161571925000000949e-01 5.240872500000000322e-02 4.679966999999999877e-01
7.234054750000000755e-01 5.294265000000000776e-02 4.663676250000000079e-01
7.080201750000000294e-01 6.537337500000001134e-02 4.701205250000000113e-01
7.160661975000000012e-01 6.589922500000000571e-02 4.683184499999999972e-01
7.242228000000000554e-01 6.659042500000000864e-02 4.664899999999999602e-01
7.063290500000000138e-01 7.766525000000000512e-02 4.708941349999999915e-01
7.156708099999999906e-01 7.858575000000000976e-02 4.688119249999999627e-01
7.251793750000000705e-01 7.993505000000000749e-02 4.667012749999999710e-01
7.055867749999999994e-01 8.869200000000000694e-02 4.715195174999999850e-01
7.150589575000000364e-01 8.956880000000000397e-02 4.693921500000000080e-01
7.246500000000000163e-01 9.100102500000001315e-02 4.672693749999999868e-01
7.071418999999999899e-01 9.836897499999999739e-02 4.716216149999999940e-01
7.151221650000000318e-01 9.874555000000000138e-02 4.698063224999999843e-01
7.231548250000000566e-01 9.923650000000000526e-02 4.679955000000000087e-01
7.097774749999999910e-01 1.078310000000000102e-01 4.715163599999999677e-01
7.168056250000000018e-01 1.076947500000000058e-01 4.698901349999999866e-01
7.238742500000000524e-01 1.073322500000000040e-01 4.682506249999999759e-01
7.128544400000000891e-01 1.179305000000000075e-01 4.714432849999999897e-01
7.192558250000000708e-01 1.172392500000000032e-01 4.699210199999999671e-01
7.257498000000000005e-01 1.160202500000000053e-01 4.683475749999999604e-01
7.144339372000000354e-01 1.315835000000000199e-01 4.719213157499999589e-01
7.207184000000000923e-01 1.310090000000000143e-01 4.704192074999999917e-01
7.270010500000000375e-01 1.303782500000000011e-01 4.689221499999999820e-01
7.142419105000000767e-01 1.471365000000000034e-01 4.728294825000000090e-01
7.204678750000000909e-01 1.475897500000000195e-01 4.713834449999999565e-01
7.265849250000000481e-01 1.481724999999999848e-01 4.699837624999999575e-01
7.126785900000000007e-01 1.626434999999999964e-01 4.742697025000000011e-01
7.185956500000000302e-01 1.634535000000000016e-01 4.725511824999999999e-01
7.244483000000000450e-01 1.643270000000000008e-01 4.708345224999999634e-01
7.114589250000000753e-01 1.794257499999999950e-01 4.753578749999999853e-01
7.171956750000000325e-01 1.801617500000000094e-01 4.731756775000000026e-01
7.229213250000000590e-01 1.809219999999999995e-01 4.709790775000000096e-01
7.107502749999999869e-01 1.965787500000000243e-01 4.765356000000000036e-01
7.163051925000000208e-01 1.971332500000000099e-01 4.739444624999999967e-01
7.218544500000000363e-01 1.977822499999999928e-01 4.713410674999999883e-01
7.103719250000000152e-01 2.146115000000000106e-01 4.771118749999999631e-01
7.156814375000000172e-01 2.149729999999999974e-01 4.746687499999999726e-01
7.208422250000000586e-01 2.154920000000000169e-01 4.714616174999999854e-01
7.101841500000000140e-01 2.322692500000000104e-01 4.784050249999999838e-01
7.152291225000000363e-01 2.326519999999999977e-01 4.759816499999999784e-01
7.200802750000000474e-01 2.332972500000000116e-01 4.724421624999999847e-01
7.104572500000000401e-01 2.485477500000000117e-01 4.829767500000000102e-01
7.149717650000000368e-01 2.496727499999999988e-01 4.790512249999999694e-01
7.194494000000000167e-01 2.510062499999999863e-01 4.752171249999999625e-01
7.119405750000000754e-01 2.627884999999999804e-01 4.860385249999999990e-01
7.162860850000000168e-01 2.631845000000000434e-01 4.820187499999999958e-01
7.206290000000000751e-01 2.637470000000000092e-01 4.780362499999999959e-01
7.141086600000000617e-01 2.746197499999999958e-01 4.893321749999999803e-01
7.183323249999999938e-01 2.741999999999999993e-01 4.850690999999999753e-01
7.224823750000000100e-01 2.737402500000000183e-01 4.807808999999999555e-01
7.183599500000000804e-01 2.826665000000000427e-01 4.906014750000000091e-01
7.221825750000000488e-01 2.816657499999999925e-01 4.861619999999999830e-01
7.260846250000000390e-01 2.805325000000000180e-01 4.816972250000000066e-01
7.204641250000000108e-01 2.895465000000000400e-01 4.908181749999999677e-01
7.242142750000000184e-01 2.883707500000000090e-01 4.862665250000000050e-01
7.280389000000000443e-01 2.873010000000000286e-01 4.816304499999999877e-01
7.193955750000000648e-01 2.951869999999999772e-01 4.884460749999999796e-01
7.230835749999999784e-01 2.944259999999999655e-01 4.837286000000000086e-01
7.267580249999999742e-01 2.939005000000000090e-01 4.789709249999999918e-01
7.190472250000000676e-01 3.022440000000000127e-01 4.882016999999999607e-01
7.227345000000000574e-01 3.023217500000000002e-01 4.833994749999999674e-01
7.263988000000000111e-01 3.024575000000000458e-01 4.785784249999999740e-01
7.164624875000000781e-01 3.085505000000000053e-01 4.887784000000000018e-01
7.199784249999999775e-01 3.093470000000000386e-01 4.838731749999999887e-01
7.234787750000000184e-01 3.102190000000000225e-01 4.789020749999999826e-01
7.133209300000000752e-01 3.149652499999999744e-01 4.887270249999999816e-01
7.166202600000000089e-01 3.164107500000000184e-01 4.836931499999999606e-01
7.198938999999999755e-01 3.178754999999999775e-01 4.785974000000000061e-01
7.118979000000000834e-01 3.218550000000000022e-01 4.907601249999999915e-01
7.151625875000000576e-01 3.237447500000000256e-01 4.856954749999999876e-01
7.184028000000000080e-01 3.255480000000000040e-01 4.805957249999999736e-01
7.083729500000000012e-01 3.279104999999999936e-01 4.921987999999999919e-01
7.115858500000000753e-01 3.298355000000000037e-01 4.871375249999999602e-01
7.147350300000000489e-01 3.319130000000000136e-01 4.819692999999999894e-01
7.060526000000000302e-01 3.354555000000000176e-01 4.934922999999999949e-01
7.091785000000000450e-01 3.373705000000000176e-01 4.882332249999999929e-01
7.124126225000000368e-01 3.394205000000000139e-01 4.828649250000000004e-01
7.044118249999999914e-01 3.434555000000000247e-01 4.964206499999999633e-01
7.075126999999999944e-01 3.453430000000000111e-01 4.908483499999999888e-01
7.109475250000000246e-01 3.472204999999999875e-01 4.853168250000000072e-01
7.047554249999999909e-01 3.500354999999999994e-01 4.978957499999999703e-01
7.079754750000000207e-01 3.521529999999999938e-01 4.921203499999999842e-01
7.113137999999999961e-01 3.543780000000000263e-01 4.863577249999999630e-01
7.010307000000000066e-01 3.547655000000000114e-01 4.986239999999999561e-01
7.040194250000000320e-01 3.575705000000000133e-01 4.926132749999999616e-01
7.068499500000000602e-01 3.604105000000000225e-01 4.864434499999999995e-01
6.942909999999999915e-01 3.585754999999999915e-01 4.997899999999999565e-01
6.966286750000000305e-01 3.620754999999999946e-01 4.933392249999999923e-01
6.990519499999999775e-01 3.653080000000000216e-01 4.866333499999999646e-01
6.867477499999999901e-01 3.614005000000000134e-01 5.005642499999999329e-01
6.885912499999999881e-01 3.653930000000000233e-01 4.934707999999999872e-01
6.905511250000000434e-01 3.690280000000000227e-01 4.862484249999999841e-01
6.793057500000000415e-01 3.660280000000000200e-01 5.018854999999999844e-01
6.805687500000000556e-01 3.707604999999999928e-01 4.940709999999999824e-01
6.819270000000000609e-01 3.751980000000000315e-01 4.864195499999999783e-01
6.693759999999999710e-01 3.690505000000000035e-01 5.015650000000000386e-01
6.701542500000000624e-01 3.738755000000000273e-01 4.939925499999999747e-01
6.707579999999999654e-01 3.783704999999999985e-01 4.866039500000000073e-01
6.607545000000000224e-01 3.704430000000000223e-01 4.990249999999999964e-01
6.608707500000000623e-01 3.747179999999999955e-01 4.923838749999999709e-01
6.607452500000000617e-01 3.787004999999999955e-01 4.857443499999999914e-01
6.537460000000000493e-01 3.683905000000000096e-01 4.967214999999999825e-01
6.531092499999999745e-01 3.720755000000000035e-01 4.905587000000000142e-01
6.524459999999999704e-01 3.755129999999999857e-01 4.843461749999999899e-01
6.477387500000000298e-01 3.631604999999999972e-01 4.938859250000000034e-01
6.466720000000000246e-01 3.661980000000000235e-01 4.879136000000000029e-01
6.455965000000000176e-01 3.690979999999999817e-01 4.819160000000000110e-01
6.443567500000000337e-01 3.565754999999999897e-01 4.906125749999999952e-01
6.429290000000000838e-01 3.587529999999999886e-01 4.844441499999999623e-01
6.415742500000000126e-01 3.610680000000000001e-01 4.782765749999999816e-01
6.407040000000000513e-01 3.466730000000000089e-01 4.897030249999999585e-01
6.390902499999999709e-01 3.480105000000000004e-01 4.835650750000000109e-01
6.374277500000000707e-01 3.494229999999999836e-01 4.774295749999999949e-01
6.381912499999999877e-01 3.347304999999999864e-01 4.897349500000000022e-01
6.364195000000000269e-01 3.348504999999999954e-01 4.836113249999999808e-01
6.345892499999999936e-01 3.349779999999999980e-01 4.775687249999999717e-01
6.378610000000000113e-01 3.217544999999999988e-01 4.911571999999999605e-01
6.360412500000000025e-01 3.211340000000000305e-01 4.850984999999999880e-01
6.342252500000000737e-01 3.205775000000000152e-01 4.790722749999999919e-01
6.386574999999999891e-01 3.065237499999999837e-01 4.934817249999999822e-01
6.369624999999999870e-01 3.050960000000000338e-01 4.878053749999999855e-01
6.352842499999999948e-01 3.036167499999999908e-01 4.821588499999999722e-01
6.422607500000000469e-01 2.907832499999999931e-01 4.966680749999999867e-01
6.405875000000000874e-01 2.890282499999999866e-01 4.908673000000000064e-01
6.389124999999999943e-01 2.872622499999999968e-01 4.850464999999999915e-01
6.485357499999999664e-01 2.757534999999999847e-01 4.995354999999999657e-01
6.470802500000000235e-01 2.736607500000000082e-01 4.939799500000000010e-01
6.456147500000000150e-01 2.715922499999999795e-01 4.884033249999999993e-01
6.575140000000000429e-01 2.621457500000000107e-01 5.011795000000000000e-01
6.559387500000000149e-01 2.601067499999999977e-01 4.955568249999999786e-01
6.544907500000000100e-01 2.580219999999999736e-01 4.899661249999999746e-01
6.698022500000000434e-01 2.516915000000000124e-01 5.008679999999999799e-01
6.679947500000000815e-01 2.497745000000000104e-01 4.954172749999999903e-01
6.666205000000000602e-01 2.475684999999999969e-01 4.899238750000000087e-01
6.791967500000000157e-01 2.465692500000000176e-01 5.002965000000000328e-01
6.773267499999999774e-01 2.446504999999999930e-01 4.949191499999999744e-01
6.755515000000000825e-01 2.427725000000000022e-01 4.895472249999999748e-01
6.884470000000000312e-01 2.436224999999999918e-01 4.984647500000000120e-01
6.863060000000000827e-01 2.418457499999999982e-01 4.932568999999999981e-01
6.840260000000000229e-01 2.401485000000000147e-01 4.879886499999999683e-01
6.958569250000000705e-01 2.417815000000000103e-01 4.965516999999999848e-01
6.935879999999999823e-01 2.400370000000000004e-01 4.912543749999999654e-01
6.911509750000000007e-01 2.384222500000000022e-01 4.860453750000000017e-01
7.050636250000000826e-01 2.387822500000000014e-01 4.931580249999999999e-01
7.022965250000000603e-01 2.372215000000000018e-01 4.879422499999999663e-01
6.996293500000000387e-01 2.355902500000000011e-01 4.827200999999999853e-01
7.136676750000000569e-01 2.351992499999999986e-01 4.891812749999999710e-01
7.104236250000000030e-01 2.338500000000000023e-01 4.841754500000000072e-01
7.074230750000000123e-01 2.324309999999999987e-01 4.796149749999999989e-01
7.208262750000000718e-01 2.328112499999999974e-01 4.849467249999999674e-01
7.174870250000000560e-01 2.315389999999999948e-01 4.801149999999999585e-01
7.150051200000000495e-01 2.303387500000000088e-01 4.762671499999999725e-01
7.258377500000000593e-01 2.317615000000000092e-01 4.822469500000000076e-01
7.230658500000000100e-01 2.302889999999999937e-01 4.769416999999999685e-01
7.205717500000000664e-01 2.288412499999999961e-01 4.720822812499999577e-01
7.304888250000000083e-01 2.295057500000000084e-01 4.808315249999999819e-01
7.285694000000000337e-01 2.275312500000000182e-01 4.751203999999999983e-01
7.266468249999999962e-01 2.255360000000000142e-01 4.694178999999999991e-01
7.364766999999999841e-01 2.254875000000000074e-01 4.816180250000000052e-01
7.347080750000000160e-01 2.232145000000000101e-01 4.757647999999999877e-01
7.332077249999999768e-01 2.208839999999999970e-01 4.700563249999999971e-01
7.466315000000000035e-01 2.203299999999999981e-01 4.826082999999999901e-01
7.450362500000000665e-01 2.178567500000000157e-01 4.766588999999999965e-01
7.435077500000000228e-01 2.153817500000000107e-01 4.707139874999999862e-01
7.589702500000000684e-01 2.167512500000000064e-01 4.832268249999999710e-01
7.581265000000000365e-01 2.138877500000000154e-01 4.770313749999999797e-01
7.572849999999999859e-01 2.110355000000000147e-01 4.708346149999999564e-01
7.724265000000000159e-01 2.155592500000000078e-01 4.841545999999999905e-01
7.721805000000000474e-01 2.124850000000000072e-01 4.776441750000000042e-01
7.718842500000000495e-01 2.094227499999999909e-01 4.711257624999999893e-01
7.873732500000000245e-01 2.173012500000000014e-01 4.853332999999999675e-01
7.872122500000000578e-01 2.139860000000000095e-01 4.782874999999999766e-01
7.870907500000000612e-01 2.106915000000000038e-01 4.712421924999999900e-01
8.017862500000000336e-01 2.213422500000000182e-01 4.862965749999999532e-01
8.014687500000000631e-01 2.176227500000000037e-01 4.784589749999999531e-01
8.009477500000000694e-01 2.138587500000000141e-01 4.706219849999999649e-01
8.166037500000000726e-01 2.268529999999999991e-01 4.865858750000000010e-01
8.164180000000000881e-01 2.229637500000000161e-01 4.782832249999999785e-01
8.162462500000000620e-01 2.191252499999999936e-01 4.700095424999999882e-01
8.311132500000000256e-01 2.329684999999999950e-01 4.865932749999999918e-01
8.306742500000000584e-01 2.286605000000000165e-01 4.776211499999999943e-01
8.303785000000000194e-01 2.245032500000000153e-01 4.687676999999999539e-01
8.461275000000000324e-01 2.389027499999999971e-01 4.852222499999999661e-01
8.450055000000000760e-01 2.343824999999999936e-01 4.764368749999999819e-01
8.443447500000000883e-01 2.301215000000000066e-01 4.677166249999999970e-01
8.585397500000000459e-01 2.428939999999999988e-01 4.822924249999999691e-01
8.573450000000000237e-01 2.387977500000000031e-01 4.744793974999999553e-01
8.564835000000000642e-01 2.348647500000000110e-01 4.666781999999999875e-01
8.696340000000000181e-01 2.462577499999999975e-01 4.793159499999999906e-01
8.686892500000000794e-01 2.425184999999999980e-01 4.720358282499999558e-01
8.678222500000000172e-01 2.388025000000000009e-01 4.647249249999999554e-01
8.896992500000000526e-01 2.491200000000000081e-01 4.668858749999999502e-01
